Frequency (Hz),Angle of Arrival (degrees),Timestamp,Cluster
43808576.313682005,19.625319452813912,16:19:36,-1
44873407.39373286,75.92674563934779,16:19:11,-1
13180722.42722694,208.83676614839024,16:14:13,-1
7174317.010910867,176.77687534979498,15:38:16,-1
33392447.63320883,207.28929305232464,15:59:42,-1
77846867.85897572,222.92423952172044,16:15:18,-1
42813127.83844441,321.48549777067706,16:04:17,-1
5227145.035807883,320.8425015068012,15:53:10,-1
47008008.85442479,51.112318574688665,16:23:37,-1
3222042.407388805,272.58628859872925,15:49:57,-1
45704576.0469751,86.76112749836307,15:27:35,-1
52397997.337188415,286.43187557450034,15:39:11,-1
57457693.90034744,214.97906930304916,16:13:04,-1
86429640.18157259,272.1975146635816,16:07:03,-1
38510908.86154319,184.13357730941297,15:46:47,-1
57626033.12480652,216.59859278555157,16:12:03,-1
81384970.26066928,78.86697734898083,16:02:13,-1
66476950.50684753,35.94107271766961,15:43:35,-1
39334343.09007985,264.27239261789595,16:15:06,-1
31443738.427813277,101.08637417913,15:42:12,-1
48035024.194964185,171.6925253279276,15:55:27,-1
15468949.761738071,135.23560794127573,16:11:11,-1
32792549.40197122,69.03762497736969,15:35:33,-1
29088606.98954774,315.00325649748004,15:32:28,-1
61384798.3857368,282.0768382267026,16:05:32,-1
19142703.07235731,149.8103132697187,15:54:33,-1
54225403.94385183,237.5271190234517,15:36:18,-1
50433330.07751717,239.9646305047643,16:13:12,-1
14456425.805179851,179.84364539833155,16:07:04,-1
71270139.89706485,142.50168040457677,15:29:56,-1
29363331.658364,96.24515869785272,16:17:36,-1
18914870.98548844,138.24179504752507,16:09:54,-1
14372892.965196546,287.2219432983232,15:28:09,-1
9351241.582758095,332.0839427780423,16:09:58,-1
51548858.21366784,210.82593811768643,16:11:57,-1
51659812.29364556,305.51532996367234,16:16:50,-1
5089244.470663873,59.237199013360616,16:02:10,-1
48580959.42662835,275.92061554268435,16:23:43,-1
57356108.0799243,144.81289713889663,15:54:50,-1
22380755.45714154,182.625703336806,16:02:39,-1
36159267.344555154,317.6150358995147,15:53:02,-1
66560884.289913416,302.27914217029195,16:17:05,-1
1953178.142735027,155.75497450154526,15:37:27,-1
13790066.268812384,88.80610840960718,15:50:34,-1
7643067.308451399,110.49197601810408,15:42:20,-1
78559980.33360209,107.35165744937962,15:34:27,-1
67246381.14680041,20.120211448871128,16:25:21,-1
87939861.18117274,324.7287235015093,15:53:59,-1
9010519.54725443,236.63999043167175,16:07:08,-1
44865270.97521831,20.849998694887844,16:24:41,-1
8059885.35501372,351.20505204586533,15:51:56,-1
73794241.85812038,124.9404486901018,15:56:21,-1
39509477.492839165,62.46847542670497,15:57:45,-1
63678632.84017169,212.60418945508667,16:16:03,-1
70641371.39655417,297.04132871306666,15:41:15,-1
20076063.776647005,178.11017822443347,16:07:20,-1
53846166.387018345,299.2171722830029,16:22:24,-1
47802352.92509655,205.5173412319008,16:09:15,-1
35941310.77301305,134.73888619640562,16:11:58,-1
33214073.49103462,21.345784167345485,16:06:24,-1
40801678.45927152,260.7081307276655,16:12:27,-1
86441755.93775687,245.8399133846062,15:48:01,-1
54409270.27480848,217.6651406068985,16:07:50,-1
56791202.044485055,294.7088932832028,15:52:57,-1
29361059.323795013,214.03884091414096,15:34:18,-1
31276019.495514307,169.1653927903592,16:01:13,-1
46666345.17841137,94.4170628611108,16:04:40,-1
26887309.827975504,219.48809625784736,15:28:17,-1
70825730.45551835,224.11228719811535,15:28:02,-1
60678067.92411639,35.01540509707126,15:59:00,-1
25441510.635166653,275.38288936544143,16:01:44,-1
56100778.64929714,86.54385724902681,16:06:21,-1
36960624.485498205,316.8645206879154,16:04:45,-1
55954533.08125014,248.35971630914,16:04:58,-1
9092338.220412005,109.0497575454232,15:57:42,-1
16195420.277999192,72.52609386476536,15:39:37,-1
78886219.74299727,133.6362451439539,16:23:02,-1
75740269.64856353,262.33536370862873,15:43:06,-1
58314624.104674086,90.61150113939416,15:42:46,-1
41969662.29317773,161.06518643857996,15:43:24,-1
62744193.27060474,276.64158107288966,15:27:52,-1
7130068.337731765,242.69382988643187,15:30:10,-1
62433492.2802268,14.339022752817645,16:09:45,-1
12370169.707317702,153.51484431182493,15:58:17,-1
55493570.05563623,90.95131224217408,16:24:07,-1
88831762.58510028,250.5801328849413,15:25:54,-1
85349523.67068449,89.46199405193356,16:17:34,-1
75929952.05573314,25.1903769119094,16:08:38,-1
34009380.67578621,292.10750042362827,16:05:40,-1
49196903.10292502,275.60842535598977,15:25:47,-1
59464914.04452027,337.86672331474784,15:53:46,-1
51924937.22914019,183.5647204014698,15:36:20,-1
35417955.633918464,346.8803172628984,16:18:45,-1
75878790.98799269,358.1277857932246,15:33:33,-1
36616605.354858726,66.06993961462052,16:10:39,-1
28994321.919402905,13.449637292842356,15:27:35,-1
4909425.903229675,153.4992769266104,15:49:12,-1
3517083.439486482,275.0902268956751,15:28:28,-1
72918808.13989438,56.66125331061095,15:32:20,-1
76979791.57301022,259.2092342022035,16:10:12,-1
29542638.332659405,253.16904573538025,16:24:27,-1
25798778.509229667,148.17698795312842,16:20:58,-1
50691324.859684624,137.63099215063474,15:27:35,-1
59347895.84067567,164.86296506243227,15:36:35,-1
58304451.22375708,71.33025611986172,16:07:06,-1
3445862.610425835,297.6451943168448,16:10:25,-1
52449589.91469746,59.65474911356302,16:23:52,-1
83017517.03685798,149.43867996234394,16:17:35,-1
69187694.59926598,3.719976960012352,16:25:03,-1
68007921.01122153,92.01294197044832,15:26:48,-1
26204954.98955613,192.00445431887243,16:22:19,-1
62897015.21757947,68.76558092086671,15:29:59,-1
88941950.33821854,162.70157530562895,16:08:02,-1
11628387.19821726,11.894728088637525,15:46:12,-1
71826286.32894681,253.38997129797391,16:08:45,-1
84891484.0409229,153.30312894568917,15:56:59,-1
69927891.91734323,56.86831433447534,15:25:46,-1
76012330.36732084,222.03035861697472,15:49:17,-1
22772319.913422845,33.503083957793535,16:03:40,-1
70849392.64153543,43.39811889586661,15:39:04,-1
6657022.0548038175,18.24753823510548,16:14:32,-1
45324860.48725369,192.5697350106217,15:55:46,-1
75189790.83714022,39.39279604764096,16:04:58,-1
11782347.76712139,243.9118472768245,16:14:44,-1
86466631.10540827,30.46616772471858,16:14:42,-1
5635959.925750691,157.57635586125036,15:48:21,-1
81361743.01646635,108.61828442237548,16:09:44,-1
15414874.487223372,271.39247486569025,16:19:00,-1
34086378.10892793,290.6474120794748,15:26:53,-1
20992564.57988991,113.48686067760258,15:29:16,-1
17568319.224483162,8.326012340310243,15:36:15,-1
88641640.0486048,111.93080047781766,15:39:32,-1
62084158.86404029,302.94553698564465,16:08:54,-1
65045745.31306665,298.94360105013294,15:27:48,-1
49167326.169333376,231.8062954145201,15:55:07,-1
71163643.36024117,171.0726700739278,16:11:16,-1
88945892.52536382,92.52156923474097,16:01:03,-1
88984740.50913177,333.6050089660825,15:44:02,-1
77718485.8225998,253.3262178679612,15:29:45,-1
77354974.97936088,264.8943276280591,16:21:37,-1
87410733.42277943,346.343439547902,15:47:49,-1
40315621.40408003,317.07045274326026,16:09:52,-1
13528991.194153218,238.42316515646232,15:30:20,-1
44786743.627334125,282.0119481274432,15:48:32,-1
13234326.911391588,304.8967314351695,16:14:11,-1
41958071.74503737,227.3038657528874,15:35:18,-1
81259327.34789209,332.86723216930835,16:25:24,-1
73653372.21582079,266.28444276838366,16:24:28,-1
89235157.16019142,88.81434045809362,15:57:50,-1
88060896.88399868,74.34213523123111,16:20:36,-1
59224659.5062092,135.3627733986686,16:09:39,-1
50792654.57395391,29.14560007897872,15:42:21,-1
65868755.01704877,2.836532744524089,16:00:36,-1
22524306.39471158,250.8899072119076,16:08:19,-1
70379486.22184701,354.79187298182137,15:37:53,-1
59995006.30774885,209.45054748760293,16:02:32,-1
41183577.34512106,23.04893882975517,16:03:50,-1
78974717.66740072,281.8148079054216,16:03:34,-1
72169142.76681624,109.93042031511092,15:55:06,-1
12593536.695155254,257.646953082946,16:08:43,-1
73808132.34209226,274.5391602068006,15:39:23,-1
63752564.97692475,8.194456562238418,15:27:28,-1
52223793.52120627,191.8922571528123,16:13:43,-1
85010457.21164191,243.72489321092107,15:33:26,-1
30158754.85075478,321.6444182126693,15:44:39,-1
70715057.63652599,126.48156864069124,16:14:27,-1
610881.7158009147,350.34580780119813,16:11:22,-1
58669847.23125415,203.0405108219124,15:56:09,-1
55792749.895146936,172.84793502239884,16:03:37,-1
1778414.148287526,156.18004620010987,15:29:15,-1
45440594.51705912,296.053520143978,15:42:00,-1
3957935.71315403,344.25837830803226,16:08:54,-1
78671536.02613677,171.4771347681613,15:47:52,-1
54353179.52486258,86.88234571560882,15:45:59,-1
88148675.39170039,46.56981360269706,16:04:20,-1
54927164.769495584,335.6611395364511,15:35:45,-1
41003796.66168067,246.57584674162769,16:15:45,-1
46270513.01879504,56.52212366737429,15:38:28,-1
17635926.403716803,1.8309154770633551,16:20:32,-1
8413261.71035694,76.23434506289472,15:53:39,-1
51005599.5224923,295.6649612539529,16:05:36,-1
35662996.34422461,201.67003829363267,16:09:43,-1
71574333.36823452,264.47213402231966,15:35:25,-1
50516532.752797805,144.96916284110745,15:58:16,-1
24473450.507242475,180.96001596248053,15:39:51,-1
88467930.925921,247.58205582013724,15:42:14,-1
51375159.401320994,201.45863400416707,15:56:36,-1
48138340.50401519,210.09226015709103,16:04:39,-1
70207039.46535885,27.009284791071448,16:03:14,-1
73106412.01173733,35.85206545703689,16:21:01,-1
1129444.516001806,177.7867135941908,16:14:45,-1
58142797.43595226,267.3428091830413,16:00:49,-1
42627776.46880256,202.2519185235167,15:37:42,-1
68074462.95125766,292.0399748782486,15:42:57,-1
32970644.54200141,59.276882481872256,16:23:47,-1
2712289.8102608784,219.43485873543543,15:26:12,-1
22348063.69189668,89.46088416764823,15:41:15,-1
6900994.26873662,54.16328885602493,15:46:03,-1
17189897.490362197,46.51570152979443,16:02:59,-1
58844383.44826628,311.2183342111068,15:36:02,-1
34291396.64137122,274.0997546224369,16:06:29,-1
61415485.38103265,33.70954465644552,15:55:04,-1
51637368.67381098,209.01696334019493,15:47:37,-1
62908124.77957011,220.9256606685623,15:41:06,-1
61088708.8412206,67.89086629896713,15:51:38,-1
78568741.91994342,179.55234477034713,16:02:20,-1
33493787.417452235,216.7498671988411,16:24:15,-1
65224371.88418274,277.98729437570995,15:37:26,-1
49025733.70885452,22.44192312407791,15:35:22,-1
46731204.84090988,19.599879618604056,15:41:51,-1
31388316.51915839,40.550725214715065,15:47:17,-1
57488565.36518418,186.9569096645191,15:51:02,-1
32251385.97258052,79.49967741614716,15:45:35,-1
85048853.4130001,37.494350024003246,15:49:10,-1
34124213.2309775,60.22324026382041,15:27:12,-1
78817543.21132265,221.2440036624875,16:09:45,-1
13710136.6353781,300.67826496075594,15:37:47,-1
31221699.892701343,311.1175728736937,15:29:20,-1
79649292.49250159,217.292604711506,15:34:30,-1
4189261.592368514,183.9659349326524,15:50:02,-1
42578957.56333411,344.43086144676573,15:42:30,-1
44725168.90922094,40.22778534821145,15:44:04,-1
59277005.15188507,81.74443949738443,16:14:56,-1
57181667.57646238,166.2446867061089,16:04:51,-1
7350394.52234447,213.00512478849663,15:41:32,-1
45914319.84951226,5.064537682247847,16:11:53,-1
78954111.43179844,115.900216593224,15:26:32,-1
77057961.56377429,153.35384612464236,15:49:32,-1
54536400.34494299,137.29763976360832,16:22:42,-1
20454484.0799373,97.46567250414884,15:53:35,-1
5686055.695616112,255.0103656198889,15:40:36,-1
67677069.00823125,126.83711794985275,15:30:46,-1
7164131.321350968,150.15032405755227,16:04:08,-1
985924.2785990064,293.14870859340846,16:23:11,-1
57352200.67129004,114.86650703010854,16:07:21,-1
24579952.878787503,226.64832847278052,15:26:42,-1
31548385.307565,64.46799497678148,15:37:12,-1
71521164.65126114,51.22318106325195,15:45:13,-1
31102575.29444287,207.17847654841933,16:18:07,-1
32976757.14681284,265.7031710016833,16:23:36,-1
15777927.639157616,51.399662587869045,16:00:45,-1
47188673.07803301,323.40225325779744,16:14:13,-1
30530115.10451924,206.62561418952188,15:35:01,-1
39694006.68881534,219.70618461450115,15:53:54,-1
75814719.91323027,82.88003816802986,16:00:28,-1
63321050.07795434,284.1850127836187,15:30:24,-1
27086616.68162943,301.82168068799933,15:31:10,-1
14626267.966532787,75.95563433560076,15:57:01,-1
36418511.70891663,336.9556721566937,16:06:54,-1
44930276.60521373,188.8886628485881,16:00:05,-1
13803033.841487825,329.98360608234043,15:42:46,-1
56368138.45440147,330.63971397952486,15:50:32,-1
34503127.554592505,282.60677076716274,16:00:15,-1
86531568.92196909,302.5688233097858,16:22:59,-1
33553889.41595156,278.96461991544953,16:13:14,-1
46733773.04335919,184.67538263091103,15:54:04,-1
14291811.65154224,279.187383748629,15:42:28,-1
31699921.377542432,52.293890136285455,16:04:13,-1
68455516.6477944,140.2240865924172,15:41:46,-1
86908510.3081576,60.02128619002461,15:55:52,-1
29556275.141178917,347.2417828873784,16:08:12,-1
58858157.19201199,245.92444405890708,16:04:48,-1
41032838.11718806,248.02869506231144,15:49:02,-1
50839696.39799329,140.18260391388097,15:42:12,-1
51925470.26088518,153.65557511449322,16:11:59,-1
71233390.34613547,71.70535603978715,15:35:12,-1
33915161.97074709,323.60339933603103,15:36:14,-1
52961489.01829171,150.6754599805059,15:32:35,-1
16918548.909937065,255.13530762560285,16:14:17,-1
85440953.2987756,274.63604380015164,15:59:40,-1
20488390.49118214,125.09935148453616,16:20:28,-1
2808143.8300555875,203.6378308296777,16:05:57,-1
81175373.77378641,236.31698564449127,15:50:29,-1
37231045.416367605,134.5680783264268,16:09:04,-1
8537253.450926945,28.752406842547323,16:04:44,-1
37454950.40750122,16.224676321136506,16:09:46,-1
39480947.38936193,126.38134037973413,16:10:53,-1
85116030.4555421,25.85203702159856,15:58:50,-1
15327143.61734417,195.7750403507926,15:37:44,-1
32976299.337452505,56.67325010916508,16:24:31,-1
71681411.07982804,344.1304046556511,15:32:09,-1
25999699.88857838,37.619036652633696,15:41:44,-1
83022273.16943379,192.58762100538763,15:49:27,-1
38774008.99195198,13.256323212190324,15:28:09,-1
48632931.53367484,117.37982890117225,15:49:04,-1
4934113.8074997,261.2506427701479,15:49:41,-1
89676150.28311352,185.43518708728217,15:58:48,-1
70097829.41558526,260.0412939482088,15:51:25,-1
5280841.484052462,323.6732975760026,15:59:12,-1
36991298.90314041,353.0420349630696,15:28:16,-1
3989503.166189044,307.7671855753384,15:41:13,-1
21142709.47637741,157.64380166680436,15:54:31,-1
37712264.9829822,275.0155379711053,15:45:17,-1
54897114.40602584,174.77121471868472,16:24:31,-1
74948295.59385408,93.84865481969206,16:01:49,-1
66137753.97756668,85.20382880125598,15:49:15,-1
8899553.323128814,315.3049757049342,16:18:16,-1
71797316.61884567,243.3595983662886,16:07:13,-1
83395515.90676704,168.0780565983757,15:44:23,-1
65939848.37186667,345.807699083926,16:20:25,-1
41766210.38271092,126.73755779539906,15:37:14,-1
52431714.42390487,320.6575196264209,15:56:04,-1
84582254.48008512,215.8639790496277,15:39:43,-1
50068488.265254766,267.6638993927003,16:08:15,-1
70723212.57975988,20.08205983557956,16:00:06,-1
8647195.553865494,245.73402228764067,15:57:38,-1
9710192.895942751,150.7018363716958,15:25:45,-1
8339330.028065855,60.9788940835669,15:55:01,-1
65945003.78832936,254.42254974356777,16:06:20,-1
73176057.25915016,268.0434715609146,15:41:08,-1
4616609.037079213,178.98693879166655,15:25:39,-1
33328621.22723873,152.83308116439466,15:43:13,-1
60644788.60390023,26.551345649469408,15:48:05,-1
75238760.67883646,253.4054648428923,16:01:59,-1
77196260.48542249,318.17337825118454,16:00:14,-1
8166104.867721954,32.26935568329015,15:58:52,-1
30284854.088384315,35.63637857359236,15:34:33,-1
46798776.79420469,190.68358712339503,16:06:23,-1
33596760.32454196,161.5161448399974,15:41:14,-1
18269519.597371675,116.26883682101013,16:01:28,-1
20607870.69367599,349.1378670915316,15:52:47,-1
39910213.70559858,320.71414701012515,15:27:03,-1
67341039.33875316,341.3405982308698,15:48:30,-1
28506716.79667852,273.73955375249244,15:55:39,-1
12035488.284905711,48.66655816835805,16:03:23,-1
20394497.837051395,261.24365857466904,16:08:19,-1
43287190.75956532,111.2428573780864,16:20:48,-1
47110900.864108175,324.6663033340161,16:18:22,-1
79898191.52256374,100.68603514391404,15:39:24,-1
63816042.44948338,13.019145095427431,15:46:27,-1
22018760.322955817,186.93996317176868,15:39:21,-1
43138150.523218,236.98590814160173,15:32:00,-1
76531816.25432402,191.37905484438636,16:09:35,-1
48472037.93447443,203.3574637685522,15:31:46,-1
14957704.15568182,272.5713119716905,16:20:53,-1
35194457.63082256,41.498255104114,15:50:08,-1
74006752.6183769,299.26669341030646,15:44:28,-1
51590443.29987042,171.16751647522847,15:43:03,-1
30552146.158145346,32.63066555333202,16:24:25,-1
84785964.78067343,326.3669376379063,16:06:44,-1
85203274.76692003,78.21495514479166,15:43:41,-1
87208677.29598886,25.383824123109896,15:49:31,-1
12704361.93483478,179.3465887488353,15:31:15,-1
82477996.73139417,153.74472009807675,15:34:15,-1
78803215.06380284,57.134360666185074,16:00:56,-1
24545745.851911355,32.12571029901211,16:14:46,-1
69211097.7032315,150.45545647439943,15:32:53,-1
52230128.15119711,213.52130217553545,16:18:14,-1
14894976.714689856,333.78554724982337,15:49:40,-1
53926536.54549536,302.4530702867797,16:02:48,-1
51732522.68542074,118.85535775724856,16:22:49,-1
64150353.11043202,128.04699185953584,15:47:10,-1
32947829.496887155,212.99873404064417,16:18:45,-1
14064824.148264648,339.21019605488925,16:16:09,-1
40732293.1473005,16.097990830462777,16:22:46,-1
19486205.551204026,100.28652392441649,16:05:05,-1
32984656.64137689,20.345966533206862,15:57:32,-1
20422508.387377214,272.14721029567346,16:16:59,-1
8878303.935169226,60.88621953812675,15:45:04,-1
5056539.447956028,265.78809474031954,16:16:42,-1
11415541.480566563,217.2602659454948,15:40:14,-1
35248623.15523198,59.27844124627669,15:35:38,-1
81900843.34905162,275.7122044560016,15:44:54,-1
344235.25255790213,119.63561198349336,15:46:34,-1
45179013.975308456,231.0885683945628,15:58:10,-1
75314984.4877027,99.30510661860596,16:01:45,-1
79855664.05023277,302.08218634253336,15:27:36,-1
80036556.11974883,24.474688948410023,16:15:11,-1
57081668.48023074,7.173125650729251,16:25:06,-1
19460575.54301785,262.6412334539047,16:04:40,-1
71242099.11168097,263.3366372373741,15:35:38,-1
14511375.792202435,289.85851995006664,15:32:59,-1
71302847.76865596,354.8627401434846,16:18:22,-1
1977179.4927010385,220.45083529622696,15:43:52,-1
47659948.87416377,165.41791736828435,16:15:44,-1
68919649.38982223,213.53054876237735,16:11:38,-1
3229421.1793826986,211.0096782110021,15:40:14,-1
5702819.491600993,229.9674949428204,16:16:43,-1
33832218.26685898,178.6471884010476,16:24:05,-1
67612879.75259304,281.910139602162,15:47:31,-1
18023438.447230525,80.72417842998317,15:39:44,-1
89829400.15696965,63.591079682232746,15:51:54,-1
88840781.6894179,86.14837598930539,15:53:02,-1
17739618.729021605,110.43816968452948,16:02:32,-1
4842071.958028374,72.7949483761815,15:26:13,-1
77012666.51667596,315.27930226109373,15:55:30,-1
55863392.14083236,148.27365174834375,16:07:50,-1
77815181.51215056,23.73102849239843,16:08:56,-1
69142414.68710943,253.94072289122323,15:36:37,-1
54541537.07831814,344.321886302416,16:00:25,-1
47315413.92711936,35.535530398751945,15:33:56,-1
7967197.122320875,219.79799728935345,15:33:45,-1
69142386.04114066,11.10607591400246,15:56:27,-1
65434014.82201121,87.59834858195848,15:51:29,-1
8341039.245815663,109.22958623338816,16:03:14,-1
31009029.12411041,355.38191549652595,16:08:10,-1
32050949.31427583,0.1287067096259386,16:20:51,-1
86638876.23367316,307.232913833853,15:29:47,-1
59102663.19476944,68.02665859294044,16:05:17,-1
72861348.46222527,69.35265515155179,16:12:56,-1
56287349.70294423,316.8014417583514,16:18:40,-1
81756395.54939882,19.11898998840832,15:45:26,-1
22801781.41677117,95.97987527408549,15:39:59,-1
76610181.57230714,186.39343470042087,15:36:34,-1
21267746.53438561,5.309034248233897,15:52:23,-1
42069796.89170934,16.653360082435253,16:24:02,-1
64274934.830867566,296.8576166565216,16:18:34,-1
72877632.27556011,295.78433245554345,15:29:46,-1
15684481.87061984,290.18150304573106,15:57:49,-1
39308135.914493166,158.72575062049296,15:43:58,-1
74080895.79250892,41.582978805420026,15:54:09,-1
18173793.376240425,355.2307644447638,16:02:30,-1
6801196.261593948,65.16055775907678,16:24:50,-1
25292473.167487398,229.0482646982841,15:44:03,-1
43478238.34515662,37.52418171409148,15:49:00,-1
49037229.40330983,316.00157165263624,15:42:21,-1
8542370.601736328,57.22403150003948,16:23:57,-1
15850030.245857265,234.29772412687163,15:39:16,-1
78664711.77293858,145.93320888076607,16:01:37,-1
6424325.686316286,295.2975051387736,16:02:59,-1
68336807.8975683,58.72443193344056,15:25:47,-1
51879201.52095152,16.868002462445922,15:31:39,-1
48384705.96939449,293.8547661625285,15:41:13,-1
48403806.21593795,60.25626918416143,15:58:35,-1
7474284.766783005,182.94166357331545,16:14:24,-1
82939788.810144,104.74917035582514,15:57:15,-1
52258155.92289484,125.4179838071592,16:03:39,-1
58251527.50787226,153.0201676917634,15:27:42,-1
37523306.58215874,209.7639155040181,15:25:43,-1
8927740.36474959,110.82778727881752,15:49:32,-1
54511381.58409184,241.5579075544701,16:04:53,-1
72238920.61546189,75.85958634426063,16:19:43,-1
57313529.19962759,49.71996089728496,15:47:50,-1
65371484.61575548,42.480628176611965,15:37:23,-1
59736023.24991439,270.86858509549484,15:29:36,-1
55263181.25928097,54.89887089279637,15:44:45,-1
50024601.822664,286.16495093693794,15:43:39,-1
78497936.58607674,54.43472689427455,15:48:33,-1
51405604.77757087,75.18618737577101,16:13:59,-1
20225526.61153682,63.771789465135534,16:10:23,-1
50430587.1465445,126.90568067591352,15:34:26,-1
79743614.88650918,197.93751749193865,15:39:54,-1
38295892.471409865,303.686010544091,15:26:29,-1
69560631.05353747,11.166986172241998,16:24:39,-1
55710945.21214912,32.64665859052484,16:07:34,-1
15362868.557047736,285.07918055322205,15:43:36,-1
78787862.14077382,30.53737388121856,15:52:12,-1
63802118.84267833,58.02778913558876,16:17:36,-1
75922474.48356678,67.57566010654844,16:20:29,-1
39470610.02904358,80.08027362077608,16:16:02,-1
44154232.8931792,187.82389739821448,16:06:37,-1
44135356.63914905,49.04059634108876,15:40:44,-1
78095718.35291886,346.5459310247846,15:45:35,-1
57396398.09052589,195.8506878793684,16:01:22,-1
63347758.09030627,233.9030540876695,15:52:05,-1
75750346.05301283,318.0970666090872,15:35:17,-1
76102203.6718489,248.527279829414,16:00:55,-1
76022382.11066067,308.7399217954025,16:24:00,-1
31595635.48599898,168.2001654700301,15:32:30,-1
26313194.90131537,118.18012308885906,16:07:25,-1
73529716.02099383,214.7433951654463,15:56:16,-1
40645992.95602957,351.91743924806707,15:33:11,-1
43665321.96918776,49.682963922340605,16:24:53,-1
76972534.99474962,173.1260728917953,16:11:21,-1
30835868.986223485,250.65494869960128,16:17:10,-1
1847376.824160824,167.84065453139303,15:50:17,-1
23923827.74509515,269.3243521650463,15:52:17,-1
53349911.128769,88.75874164834875,16:20:31,-1
76511497.50374135,172.87943451275046,15:40:16,-1
14667218.14720074,55.47258991868468,16:24:46,-1
9842242.357265556,48.76923083767916,16:00:12,-1
7538244.212925213,68.74201186171335,15:46:35,-1
63382205.94911889,284.8855589029493,15:58:51,-1
49222869.66339969,233.1287773631157,16:04:00,-1
69741929.9499135,7.731027001561435,15:38:36,-1
70237745.40633398,277.2687699475687,15:49:30,-1
5064571.42114674,220.13361578071775,16:03:38,-1
42830096.09411235,18.19278374612875,15:27:20,-1
53953655.884252965,101.64038207899983,16:12:31,-1
5269045.157745269,246.7723325127484,15:46:58,-1
14919268.868897785,198.6336115183379,15:42:21,-1
77064642.4427676,181.4972817322214,15:26:14,-1
57473734.47413909,355.3673685955696,16:05:25,-1
39759396.207008585,343.31746259719137,16:25:04,-1
81944514.12317784,262.3722268235932,16:00:38,-1
50591839.170321904,135.51416556865715,16:19:13,-1
32014973.38835052,192.8808906511368,16:18:56,-1
14609687.350117745,42.30200064445608,15:28:54,-1
80411643.69171014,3.619294987666621,15:56:43,-1
61824483.27213604,104.91198975077354,15:30:12,-1
27696085.35886273,222.532411672535,15:44:06,-1
33197196.727759663,151.55523675673217,16:04:56,-1
38212201.20076639,235.08464564913623,15:45:46,-1
75154052.29711038,217.9924984915292,16:09:32,-1
82557389.63487236,213.6911142686131,16:24:04,-1
84699891.64209509,242.2380004258931,16:10:00,-1
38801811.25522706,66.88776028284398,15:59:42,-1
25414685.773634568,138.41563466402764,15:42:05,-1
7729639.086281578,196.81930422222305,16:13:49,-1
86783277.24860296,158.9600455285081,15:50:50,-1
13487658.371657236,116.99339231048312,16:15:11,-1
11283766.983599689,106.26107425144455,15:46:05,-1
69636398.40857878,103.89816166249057,15:43:24,-1
5108713.858649467,116.56059531997792,15:28:07,-1
48054179.18206337,27.232595193154943,16:25:14,-1
44773183.27127774,337.1568757878131,15:59:16,-1
88226603.45677203,247.6671972508518,15:49:37,-1
8091507.950726385,277.53284015897384,15:56:19,-1
63746308.57986674,337.19165096768194,15:25:52,-1
35506742.67609587,134.10815480884426,15:34:48,-1
62116928.80118622,189.21755559247657,15:35:08,-1
15576184.011783218,116.24651612228492,16:11:25,-1
82384181.27965043,126.27109634306348,16:02:04,-1
12190339.525578808,187.2511951442173,16:00:01,-1
28025404.533402734,264.23532286871495,15:40:14,-1
73192444.00695352,184.7450386984735,15:59:50,-1
23005614.06352456,198.92785312723677,15:51:54,-1
70962429.26259671,340.2329691955831,15:58:46,-1
52266356.19678452,78.22749497174516,16:02:17,-1
57880519.25195625,103.21995214476078,15:37:15,-1
85554173.82666123,59.06245467575856,16:18:01,-1
12611166.589258268,7.206049422386389,16:17:33,-1
31504799.94230253,250.26735316038332,16:15:38,-1
42766541.961462446,284.32363222592585,16:05:00,-1
24526635.278330747,271.80328365870537,15:27:45,-1
74141213.81215572,85.22825962884053,15:33:33,-1
26788318.198096886,212.2656571042603,16:01:00,-1
43831075.56331726,262.1520388159034,15:40:26,-1
47902730.53757991,262.833372248846,16:01:06,-1
81804364.22252001,133.06954280433885,15:50:29,-1
73830599.49714874,199.88721702996637,15:40:05,-1
42516424.62693827,164.9939733136734,15:48:09,-1
22407174.329136264,293.5066874169132,16:20:50,-1
82826345.71010424,300.3136634508795,15:52:11,-1
51935172.93199341,314.49095585570586,15:45:58,-1
13122112.467042131,278.37815523699686,15:43:23,-1
48154910.33236794,69.54584102108758,16:19:15,-1
83768738.67766649,280.54139153923404,15:59:27,-1
7021333.18451468,233.39626469242936,16:10:06,-1
51837589.21464572,126.45305247717916,16:07:03,-1
51541378.60434464,147.07059774865266,15:36:08,-1
38604778.40470418,155.06907728752225,16:09:21,-1
85333673.64790626,178.0263797000528,15:36:07,-1
78398252.86503275,306.0781871721246,15:26:02,-1
33621372.281905435,56.98879926143995,15:43:01,-1
52489947.21084697,76.66814037681776,16:12:13,-1
59399325.75403386,8.612652607850105,16:02:18,-1
84676335.00017782,346.15665539034893,16:22:36,-1
87134218.05867803,58.95951493210444,15:58:51,-1
46892029.2210178,134.07989090853724,15:52:27,-1
31989318.39416869,71.8724291063072,15:40:53,-1
71027139.16933112,252.0349344476052,16:04:08,-1
70487119.87592568,17.35963171555496,16:18:24,-1
88695396.41449976,288.2792508698821,15:44:07,-1
61936221.04814674,98.94391170611452,15:52:37,-1
72579132.47505711,258.62632867604816,16:20:47,-1
22769096.83031563,180.6026157901041,16:18:53,-1
4850571.277786395,107.7748259264467,16:10:10,-1
4337372.008965523,154.34039131356846,15:57:35,-1
61421244.98863269,109.21980396856134,16:20:57,-1
74325222.9577051,18.71376140588755,16:17:59,-1
6813397.255093476,330.58558273157763,16:13:35,-1
7596319.35752546,263.2435077032796,15:52:22,-1
78661589.10108091,200.19843329668927,15:28:48,-1
61661253.36279474,197.06193173091435,16:19:12,-1
28256986.40255398,39.70624740832216,15:50:55,-1
7589227.246096245,298.75599504159794,16:01:31,-1
79766076.91663845,63.84622865172732,15:35:20,-1
23745466.015002504,98.25858745960169,16:17:35,-1
55668184.03430242,270.11875973339886,16:08:19,-1
31384929.877152428,135.17846056096073,16:16:09,-1
30948170.377841342,4.92240289665443,15:28:37,-1
76650501.78689751,58.16650882779514,16:16:56,-1
8947913.472417586,357.7601731583336,16:23:17,-1
31415271.37753617,188.1353830270932,15:34:58,-1
47844647.05770983,221.18347277939552,15:53:59,-1
53424392.04412163,95.87786688928227,16:20:26,-1
729146.5080030487,230.2435148550612,16:10:20,-1
33254929.18673732,332.6181910832228,15:26:19,-1
67095313.260123335,357.3745890438059,16:08:36,-1
57103650.19358402,70.53906412728985,15:33:12,-1
86958373.0601219,148.3170528278594,16:03:03,-1
85932956.62974818,303.14538985209555,15:33:08,-1
59813725.55968626,182.79744085530012,15:40:01,-1
72479661.11405942,109.06744566223352,16:08:25,-1
84397454.33687077,11.589367854234496,15:26:29,-1
41174808.73909944,146.6657075044777,15:50:49,-1
55401239.58053049,348.76222463330765,15:53:49,-1
37865397.58283634,124.19991480004606,15:26:02,-1
19182738.10800737,295.8827699690718,15:41:00,-1
14188973.065068094,42.99212999137198,15:45:19,-1
48881861.39629994,169.71176339373343,16:15:33,-1
22211897.08839872,121.9129380507962,16:01:57,-1
66879516.52287522,295.0598627818114,16:09:53,-1
87176296.70548226,133.40854924050723,15:46:26,-1
3618791.196433164,221.44063833162645,15:38:34,-1
85370119.18448727,67.38686442953548,16:05:55,-1
63735157.4429303,77.27591919158046,15:57:37,-1
81547902.31929837,150.2678719086204,16:12:54,-1
32044597.439401884,135.19012455189235,15:44:51,-1
2468552.3442410845,49.62005823304544,15:39:43,-1
9731384.493126327,194.31644377244484,16:20:49,-1
51880454.17787322,137.4025088174702,15:35:24,-1
31716092.88094949,322.8460988955063,16:18:14,-1
80141962.53656642,16.645892432885525,15:39:03,-1
49486524.10295359,194.17959477035103,15:42:29,-1
46145955.05423369,200.85341725880903,16:12:16,-1
50360346.570072725,1.3305177539638224,15:37:04,-1
33644626.36074333,185.9878939320903,15:58:26,-1
76008643.05555102,328.73389364332456,15:38:04,-1
8840610.852596298,215.91441047173575,15:29:54,-1
64238832.77321028,63.58422619602392,15:54:58,-1
26988843.6290176,3.6551993466369215,15:25:41,-1
17035696.615217995,270.92910307172104,16:14:49,-1
35986800.39023308,157.5443515636925,16:06:58,-1
36798908.3643388,17.1334188130901,16:07:51,-1
65330032.461780384,77.87335041527852,15:45:18,-1
30335498.208800297,3.616631777809536,16:02:40,-1
56923524.17550238,223.86867527491657,15:53:58,-1
70867262.4412376,20.92759141610893,15:36:38,-1
72490304.26683518,294.9089727630303,15:51:26,-1
6482947.791726655,102.26278240926412,15:52:26,-1
56037947.29132168,13.77699480108527,15:48:11,-1
37837042.02976261,133.77690838254193,15:43:32,-1
78971099.4547973,123.71956440252907,16:14:27,-1
13884801.973391356,166.11589705513362,15:59:42,-1
16766802.499966651,70.95004175128545,15:57:05,-1
87125826.89615817,212.3526790064614,16:09:55,-1
86510819.87502718,108.79946504708134,15:49:46,-1
37654494.46135736,184.2743713346971,16:11:52,-1
63586384.73698657,354.17169431336134,15:39:34,-1
29161884.85174202,38.93677217444874,16:12:17,-1
40789032.492083415,30.479711595706117,16:12:04,-1
38384516.95717772,73.46496338557098,15:59:53,-1
83320775.13565525,159.9386036515861,16:23:49,-1
6076893.263495988,54.75001009098541,16:00:10,-1
82842822.88574964,229.2858652347149,15:42:10,-1
53950613.07284966,87.29554592400615,15:42:36,-1
45084863.775876194,177.9400214095858,16:12:56,-1
7335821.349117961,179.7415879091965,16:21:46,-1
19816173.31771139,296.7077054184921,15:32:17,-1
40186695.059995614,51.55194446069668,15:48:17,-1
67668044.00330986,102.31802942265116,15:29:12,-1
17509957.858752154,161.89335685245462,16:11:24,-1
3523617.302594626,37.82266164752507,16:17:46,-1
59398539.44418285,324.22737889854614,16:02:19,-1
25629625.21649337,288.8069682830204,15:47:23,-1
89798708.59868187,327.56726003594946,15:41:04,-1
80439923.53798063,72.42826520288057,15:38:15,-1
24721529.96936695,148.02625951995273,16:07:33,-1
51066266.06210008,307.56127055104656,15:52:39,-1
47047630.65756304,318.3238148476356,16:05:32,-1
3501587.2791736163,118.42995729487768,15:25:57,-1
12431363.441345958,52.12740925721081,15:49:59,-1
31485618.670439813,359.8497828012311,16:10:46,-1
77295657.37264574,143.43724893052084,15:41:28,-1
4942491.717563403,192.5566969686535,16:09:20,-1
19100561.359952822,137.8303411153905,15:53:54,-1
39028657.68942402,92.59541329880588,15:48:43,-1
33166789.579815604,340.4326410521811,15:26:39,-1
77416561.32266076,96.80846851538952,16:06:11,-1
35877472.739267446,7.809097279427712,16:00:48,-1
57265761.80997945,122.76105461709452,16:07:25,-1
20249020.50592104,30.994210195625715,15:45:26,-1
40997813.75506103,129.6327359548228,15:42:07,-1
49382275.86326489,346.5524911021841,15:51:48,-1
33875106.50279731,214.5919107020358,15:28:33,-1
86173241.34367031,203.29101445654567,16:00:03,-1
63968584.72182566,208.9073460014524,15:50:13,-1
26302765.39289777,133.08612398853924,16:01:23,-1
42325703.376728974,13.022496432266433,15:55:24,-1
45469498.52300818,303.3114591319911,15:56:02,-1
34720560.49039398,12.200005923914867,15:50:45,-1
29401049.793008592,205.06585991898007,16:04:06,-1
46437868.24378031,262.57306811922206,15:48:07,-1
54630152.31348182,317.2207893833849,16:18:43,-1
89610712.68492565,217.92909782403024,15:38:18,-1
61824163.85737062,11.783330697333051,16:10:10,-1
23348795.95752389,63.86459023002937,16:03:08,-1
4422232.004425875,255.5747389704294,15:59:42,-1
8510809.039189527,214.8299104216517,16:20:11,-1
13309674.870500855,213.25047030461533,15:59:07,-1
29314642.146271784,4.581666888313127,15:53:51,-1
84679589.71057008,19.46167045049168,16:11:18,-1
31268328.439923268,329.3532552129808,15:35:06,-1
70082285.45402394,147.84712821643743,15:40:30,-1
86904641.43167312,140.03585943185578,15:30:46,-1
55779604.68032388,234.79762265345173,15:48:38,-1
83411056.89482921,60.23300482842949,15:51:23,-1
70924106.91525948,265.03396664879773,16:24:22,-1
46920942.54059379,113.26188700232414,16:15:12,-1
86226155.9858718,33.3306644763625,15:29:45,-1
58568840.23785839,65.91055770513141,15:55:28,-1
10192038.395499242,30.66867207419369,15:56:22,-1
77601883.83203492,210.63390311197924,16:17:36,-1
43904315.97910943,95.05755998385428,15:35:05,-1
72566716.46375166,251.7706834949376,15:50:50,-1
65784425.35831657,37.86384369778472,15:49:36,-1
79168195.05016318,64.5717668415124,15:37:41,-1
66516399.31200359,68.22099579172776,15:54:52,-1
80250192.48347767,262.1117637984364,15:39:01,-1
27721120.702823594,224.84147183689447,15:44:15,-1
52855829.51166822,325.3901791052245,15:31:11,-1
29750453.89433661,283.2098912856833,15:42:47,-1
34440420.70311631,74.45486045579545,16:08:51,-1
7321355.672898302,84.53067044106332,15:38:46,-1
32295920.22560338,221.80222731115828,16:07:16,-1
23857171.87411981,285.83892491076364,16:00:47,-1
48771699.9472068,338.28581664714113,16:20:12,-1
60206925.66850241,120.98041516966192,15:42:01,-1
62135629.82169539,67.832248554497,15:28:49,-1
75763222.54456866,161.3654042578543,16:07:33,-1
12494856.977187438,268.50339001486884,16:25:21,-1
78320726.29978599,116.8214776144134,15:59:39,-1
28836931.077404287,209.4760549027896,15:38:36,-1
38493933.60336051,322.2208301812598,15:59:42,-1
11431117.90289562,249.1738117920506,15:55:28,-1
89855383.52456348,212.81440400292647,15:43:30,-1
15074498.450970078,103.7844390656463,15:37:59,-1
89525780.36371145,147.6312507741726,16:12:24,-1
70033714.30493364,190.2493941262362,15:59:29,-1
36911939.66543496,136.32525039765127,15:52:17,-1
84493934.32342993,324.7580299274192,15:42:24,-1
3007991.363019298,307.8090811019335,15:44:05,-1
34684997.8926374,109.15183523564863,15:45:06,-1
46378517.813827045,226.92015636883735,16:17:13,-1
30787872.964389198,235.80461700122052,15:39:09,-1
16007462.116324956,215.468830649715,16:10:30,-1
41717479.79321242,179.72442036179245,15:25:41,-1
77759192.27717018,323.7575583289595,15:32:03,-1
53992128.576798014,0.1384941896583802,16:06:39,-1
85416965.42044011,148.0293927599282,15:42:16,-1
56941002.08973528,132.28199090218197,15:39:32,-1
81111093.12909837,254.58231261712945,15:25:35,-1
31776617.181812733,328.8137186539193,15:54:33,-1
7437719.501852991,260.64203014894923,16:04:48,-1
63203414.29973935,159.6231234387094,15:48:44,-1
50994804.28257968,38.580808310587614,15:49:08,-1
2778781.7207414103,123.82716541641616,16:15:50,-1
17125713.1572557,5.585861509200876,15:51:13,-1
27994412.7709623,219.63983329176605,15:36:59,-1
29193138.63370046,225.8304613535909,16:16:09,-1
26574164.47981357,167.45412457629058,16:08:05,-1
28362372.208839964,356.3363335254791,15:43:57,-1
34759838.1853471,91.95389859998048,15:27:09,-1
69997938.20919217,216.157467335656,16:13:55,-1
5076208.323350387,351.1942606316419,16:17:58,-1
14118586.025059406,306.85633730779983,15:35:07,-1
25519731.45140962,11.208230921033898,16:17:35,-1
51698229.32836693,68.94583735534006,16:01:39,-1
83372648.77023359,173.97207474442354,15:54:39,-1
68676057.50528456,123.42368588900683,15:53:51,-1
64489837.49434866,211.02383201323255,15:31:34,-1
48383728.21362133,294.7233430723189,16:02:01,-1
18491377.85328296,130.53073168037793,16:02:08,-1
14977384.699035786,284.9654506193095,15:55:53,-1
69661273.62333834,306.3994665241123,16:14:11,-1
84823529.92456256,31.940755973615,15:53:17,-1
28956096.20409644,120.9484565065764,15:29:24,-1
26594479.11304381,268.1076189925502,16:00:28,-1
68663452.09032162,17.748248782903122,15:25:33,-1
15689605.831415825,1.5317769800366277,16:13:01,-1
44704877.18066559,200.1461172224658,16:19:33,-1
48725429.15460479,233.8951006216411,15:40:41,-1
18473695.33410733,105.92957581122414,15:40:40,-1
41719771.890913166,342.56313155730703,16:21:35,-1
5652257.813146475,203.2760345988031,15:42:17,-1
72307156.50052297,14.742067710166207,16:17:51,-1
11024489.975206714,50.772155911133886,16:08:35,-1
3182339.5601957487,200.91468129524608,16:19:15,-1
19837196.58008263,153.75386369203684,15:49:46,-1
47450011.09865359,213.22046017932345,16:16:28,-1
31154516.44916588,264.20505903840234,16:10:52,-1
33580040.79562755,213.2725274324285,15:47:23,-1
22615499.39640573,85.65940496237653,15:49:09,-1
15046383.135999614,95.84063034871365,16:09:11,-1
31686061.47731597,312.55290561656176,15:46:31,-1
26561074.08342124,250.50848438691483,15:28:59,-1
42086591.98418032,207.6349123866051,15:56:34,-1
12075188.64775294,196.15746389576304,16:14:12,-1
47594575.279713966,324.1776365699821,16:05:38,-1
46661604.62929737,259.27387719281865,15:49:01,-1
28313698.566045705,67.63475001975566,15:28:49,-1
36117228.4311953,358.3520124686484,15:37:14,-1
5165817.841441741,187.8304173745488,16:24:49,-1
38149210.032181,261.30616195461243,16:05:21,-1
78573683.3902863,112.55222831464656,15:36:07,-1
2332467.2975237,159.80957145535007,15:39:54,-1
49562075.86315179,13.500297628643562,15:35:05,-1
11192220.6159279,358.808682007429,15:27:38,-1
6018330.171914737,153.21669451202507,16:04:44,-1
67949233.4623173,88.69359774391863,15:29:34,-1
81626639.51843575,351.1426255006082,16:18:52,-1
1876171.447709313,89.8085054762046,15:57:01,-1
43137279.3312992,84.7145396277256,16:13:39,-1
86470448.60223973,137.40341842660496,15:35:23,-1
64265445.99871488,171.95105523500004,15:46:53,-1
83373531.29476088,216.04253046370724,16:14:33,-1
30180270.591897417,204.23891286003487,16:19:42,-1
58241487.485985085,91.65355597691614,15:43:18,-1
41406255.63711688,196.5866439340328,15:57:14,-1
84075042.71180974,205.4709473070205,16:01:53,-1
12319618.173108814,303.1340082558859,15:55:34,-1
12056205.916510116,141.36122089614864,16:06:21,-1
37122505.720117055,352.4814014004537,15:48:42,-1
86005731.60159695,258.5148602108046,15:28:52,-1
60856035.4900719,325.35732820421333,15:43:11,-1
20589147.043300662,61.400068038908834,16:23:54,-1
74091545.41328755,239.5363912560877,15:28:39,-1
62860757.6085392,300.6513130763121,16:11:55,-1
4273739.504169814,298.8731021023058,16:23:59,-1
59854813.46589304,27.03784619873291,15:32:02,-1
81853198.74573381,3.2172415008681954,16:01:09,-1
45730310.87804151,95.4518537907936,16:07:37,-1
44397534.52036261,330.8439324314603,15:55:51,-1
18620087.25543409,83.00617035764925,15:32:41,-1
24498251.45507048,230.3877393907277,15:30:10,-1
11879814.318639109,102.23666226491898,16:00:00,-1
83629608.30761369,181.79646456184568,16:20:08,-1
31373462.85767451,265.8801547711412,16:10:53,-1
53262084.08056445,172.63234908256058,15:49:43,-1
82081283.13366903,199.51514678015545,16:08:21,-1
41550646.57444357,278.09884217333683,15:48:01,-1
20380839.83046324,20.78193819268471,16:18:02,-1
37345829.78929625,232.14466625606963,15:52:50,-1
132431.97730662554,250.01017506862053,15:48:22,-1
32774849.12658356,231.37318111542592,15:54:58,-1
88276245.63664751,205.533613814946,15:58:08,-1
44730432.79134417,87.05336724242954,16:15:55,-1
1830264.1267703464,181.49292304894655,16:12:32,-1
13979938.114516389,246.43838628122276,15:36:49,-1
23590429.50256172,279.80087334466407,16:09:37,-1
38112146.063540645,268.1531927105963,16:12:29,-1
39430564.54214947,306.8305433283652,15:53:22,-1
11726840.798121326,19.344467366827665,16:04:08,-1
59738424.95652475,33.50071555285365,16:17:19,-1
70952119.69930458,239.67676428128635,16:02:06,-1
29438901.1205341,247.06536760633105,15:45:56,-1
53676140.9883085,102.2269742201752,16:02:26,-1
62171736.68251549,151.1764941577521,16:24:21,-1
68399106.23519398,198.3717741882632,16:22:34,-1
41974269.27130989,335.9577198131776,15:26:31,-1
67030262.68594445,108.41043065463502,15:31:04,-1
89141211.06821996,350.5852317559624,15:57:22,-1
57141106.17656038,320.53218138209127,15:56:37,-1
22301408.18388102,307.7871606386334,15:51:09,-1
73677107.81841841,184.3095226573292,15:38:55,-1
48941549.67493651,331.2027056393191,16:00:47,-1
89182780.2603236,214.40809687951943,16:13:06,-1
19923054.518814545,59.41284093055037,16:09:40,-1
72556393.00859904,96.4833299893569,16:13:38,-1
19508176.8949835,260.2975654667236,16:12:07,-1
17035545.974337142,349.4197909065504,15:43:14,-1
54862053.93521339,311.5524964025206,15:49:54,-1
74840821.17321917,68.54751603277617,15:55:29,-1
18612477.711665805,17.09721310731609,15:42:57,-1
40948821.16370465,201.7574957712584,15:39:58,-1
41906180.03026644,157.00634277447716,15:56:29,-1
25630380.80089686,257.4121883082045,15:36:47,-1
8249837.639122379,155.43923028764277,15:53:16,-1
72130410.56377454,46.01901266777011,16:25:23,-1
44166159.30591554,320.6799531109759,15:36:51,-1
15089340.263756288,31.60037153378552,16:09:25,-1
7017570.493445361,74.48841815684149,15:57:05,-1
58814607.61741722,0.0917405605465626,15:41:05,-1
22054170.474779088,48.021776776058765,15:38:17,-1
70698063.7998642,208.6638400125469,15:34:25,-1
6280789.204436514,54.36607697125006,16:17:48,-1
21960944.741793606,204.97503061155163,16:18:28,-1
27590576.74361093,56.39078997648279,16:23:06,-1
15372617.657541491,138.38678301521915,16:20:31,-1
26459961.91320593,227.89939603652357,15:27:00,-1
2277369.819311351,194.83911841928176,15:46:49,-1
27021950.119993497,226.218855427727,16:14:58,-1
772462.0755827689,278.9387802024782,16:20:43,-1
36080415.36949119,48.62862207267124,15:42:17,-1
60609248.24301086,104.72645433131557,16:02:28,-1
30168888.464880835,168.10047323617775,16:05:07,-1
48420146.86243036,267.10131772849087,16:21:17,-1
71799968.42869648,249.0387721169572,15:40:48,-1
81655407.83989854,207.3753936570312,16:06:38,-1
73519818.8537341,289.0782023399024,15:34:29,-1
22608401.13509987,53.86601288985236,16:23:41,-1
45222685.90406943,169.90369288579075,16:04:10,-1
62190758.23397018,16.995132953386168,15:47:31,-1
63342990.422866255,147.6310673599657,15:45:36,-1
56861706.31277775,23.33264276168833,15:35:06,-1
86896826.93579775,11.497304295544382,16:07:06,-1
45968811.01682547,209.4718390225773,16:18:20,-1
37826263.84695248,182.66333350424983,15:33:13,-1
54457634.78214739,86.25000223111383,15:54:11,-1
56320753.16340506,320.89527655241807,16:22:56,-1
47686726.756117694,198.0058972411584,15:42:51,-1
658067.7950195074,316.0886135264584,16:02:50,-1
75622255.49692938,151.0209242581878,15:59:37,-1
46309262.068908975,337.6810763402249,16:00:10,-1
51903856.74360961,251.8808692432383,15:59:37,-1
15713549.772520676,87.84833517862255,15:41:28,-1
2130053.2997894543,30.654788636415997,16:00:01,-1
19056591.94300843,81.80559917600593,15:45:41,-1
73015630.16588771,156.28304956059586,15:57:31,-1
78799398.96728991,114.853784519882,16:03:19,-1
72005883.56991224,18.65407552952422,16:07:50,-1
10192630.41929124,207.63515423234648,16:11:02,-1
24656516.64501365,122.33345294425976,16:13:26,-1
59492993.12414008,237.04523881122483,15:38:44,-1
81015942.98513535,264.8997575629676,16:11:46,-1
36855724.57038006,255.64493396006185,15:27:28,-1
43678254.9627543,297.9618422816045,16:25:04,-1
66308417.93830539,14.175440474867838,16:17:47,-1
84603846.09845531,139.9434938671787,16:20:39,-1
11182279.123771612,287.967549483912,15:33:49,-1
27633331.107156616,299.8769815354629,15:49:59,-1
78278549.80093993,359.18034924483186,16:03:18,-1
82556904.44590405,351.58028837074505,15:31:15,-1
27131185.2428168,183.45964500355956,15:54:58,-1
76481640.07462151,231.510847188491,16:04:31,-1
16496149.11939509,52.38712464859836,15:47:16,-1
67430638.27487074,100.6373908693668,15:40:53,-1
53827808.14559341,136.2963971544673,15:28:59,-1
82894119.80823529,39.15268586295241,15:37:50,-1
78944400.02450912,199.35796106202125,16:02:26,-1
1444114.3645138545,251.4360883586317,15:55:53,-1
46363612.422926255,112.33131721177324,15:48:29,-1
60698660.00270463,295.66075113977405,16:18:56,-1
70472994.73494203,291.8400796508573,15:39:29,-1
67106398.992278665,262.0936851042144,16:19:15,-1
3651241.62252449,332.26787540867633,16:11:02,-1
68879526.91296153,274.64579414186977,16:23:41,-1
41371501.39709473,314.9144072695353,16:01:46,-1
12751982.397990722,239.5374717970678,15:38:45,-1
59300945.17472454,207.92017548600083,15:47:36,-1
88240917.61831193,256.7613990869868,15:36:13,-1
44855810.68418476,6.729511586616148,15:31:06,-1
44478054.87313272,184.4316730660392,15:46:04,-1
28247794.218213644,254.5599609069056,16:22:02,-1
67824594.17169099,285.5655956277701,15:36:39,-1
21011226.5243196,129.6515600719663,15:28:51,-1
18309280.133675866,296.35034177562034,15:58:37,-1
7707339.494832536,104.51891508725548,15:52:52,-1
29962368.40456869,57.92082978453599,15:59:05,-1
31128438.742096502,297.9904520807713,15:51:05,-1
43866471.6049462,284.8420659909139,15:48:10,-1
52116582.736053385,294.27895435153897,16:23:59,-1
1608862.3203927649,72.90377384785954,16:22:04,-1
51998029.55882485,246.54015649902053,15:51:17,-1
29683003.23484116,88.93716515839583,16:25:14,-1
33857813.77030046,248.96463576922864,16:25:01,-1
65542601.34313285,6.923756871006059,15:35:24,-1
22900774.986850325,349.2161107342812,15:42:55,-1
77986134.2982298,169.77563532677706,16:01:20,-1
49467566.90298471,47.607243170764335,15:52:37,-1
8511911.898230484,255.93080341157847,15:31:56,-1
80949540.04212187,7.715792122234708,15:47:59,-1
4535692.380306235,72.07103002385482,15:32:14,-1
73167691.93487427,35.422266423753264,15:51:20,-1
56940806.53968335,13.143148337532429,15:57:45,-1
75400259.81222126,40.06767347333971,16:22:42,-1
71999047.70923649,300.3925269946669,16:25:15,-1
27502409.39641753,174.5710603374694,15:32:21,-1
86146355.10154222,7.714597320892844,15:49:46,-1
18941855.094476227,305.3509074466379,16:08:56,-1
43960145.2583419,189.79638156267345,16:00:35,-1
6017078.882217764,79.58123697413585,16:21:12,-1
87899447.98169258,24.299747255382727,15:44:18,-1
63469272.2538131,6.399302807381324,16:16:22,-1
17582895.370687563,288.4148199085197,16:17:36,-1
67103872.87227024,125.49423300989736,16:03:50,-1
53897408.75787147,311.62926195748435,16:16:43,-1
5177828.3784429245,80.47467429654954,15:25:43,-1
61667255.1592048,208.07158154901563,15:29:35,-1
60752927.841412425,155.82567546565974,15:56:38,-1
71722438.92771539,286.3280419950774,16:08:18,-1
44169357.60475007,16.33737145190143,16:10:20,-1
47772847.502653554,240.15907590239604,15:59:59,-1
41307485.838878185,275.5605473351394,16:01:05,-1
47606730.3196115,319.7148764723768,15:29:16,-1
8920550.654198434,6.067284546640548,16:24:30,-1
8954226.207331274,103.87598590493124,16:20:22,-1
18521686.305348337,44.91343043479672,15:45:37,-1
29443876.992592257,23.261558572482016,15:33:33,-1
22190843.639084797,37.65356561284915,16:20:29,-1
53168527.97132841,118.2385606086586,15:40:24,-1
80516264.4554481,324.1393289749616,15:56:41,-1
83876684.1626585,10.609885143459126,16:10:38,-1
55202681.6734926,143.43306914877593,16:18:44,-1
38703525.678039566,169.68369518788782,15:55:42,-1
53425083.40685468,25.486629039714217,15:26:06,-1
2770894.460309735,335.4847316766583,15:54:42,-1
44995437.27981411,112.2442166980109,15:45:08,-1
66741713.97253443,285.3163263174284,16:03:59,-1
39689893.97622556,89.87506384449767,16:09:19,-1
45527435.72328846,88.05133410205497,16:06:24,-1
71985804.90582033,36.81349682439674,16:21:47,-1
36514167.57792808,54.89617315808815,16:04:18,-1
7597549.029680188,108.38009279527178,15:56:23,-1
26052192.46948156,282.7533328411445,16:01:08,-1
32377597.7548852,350.90448610383226,16:17:47,-1
85734277.26625022,231.20117625695585,16:05:33,-1
61505215.10530133,114.45982277169466,16:18:43,-1
17112772.84741217,308.6757007749002,15:45:32,-1
33760524.463868074,215.30497004893272,16:05:17,-1
18943758.78978311,296.9715302347259,15:42:54,-1
21737611.34768584,296.80072799291224,16:00:34,-1
60343580.77379027,108.05968602787163,16:17:19,-1
37609407.28158228,245.2626597934663,15:38:05,-1
75428771.33052927,143.47535290575777,15:33:26,-1
18176209.77647511,105.64434126323856,16:18:11,-1
70535370.37874554,281.6716122039802,15:27:57,-1
88577677.19723286,137.40784941236743,15:25:33,-1
10094477.90304697,341.77588048423894,15:33:59,-1
52018176.1547011,118.91852593843548,15:29:40,-1
72750993.36607534,142.2239869362012,15:48:46,-1
50597766.64735286,76.97140456643078,15:41:04,-1
31243096.86041653,343.68686351832986,16:24:20,-1
1652392.5706846253,308.6504689801938,16:10:55,-1
83064335.06455426,283.21409289526065,15:52:46,-1
42063258.85847778,18.742740293647625,15:32:10,-1
23158996.279919986,31.520016235623466,15:50:02,-1
83350565.45407338,35.7576333285843,15:36:17,-1
88606012.63061596,50.631700294828285,15:29:06,-1
36395589.39069311,281.9776501015158,16:16:54,-1
83453416.8870958,115.69778052275764,15:52:10,-1
88164733.74734358,235.34197000482249,15:34:44,-1
44010577.58046726,45.606896041804646,16:17:26,-1
17283264.751255203,32.13426720379478,15:53:49,-1
88498364.5314014,58.38821605393864,15:30:49,-1
62804722.1969886,279.1894654892204,15:50:42,-1
89073664.47346261,58.31990168885495,15:49:28,-1
8981852.988442892,314.34086372665007,16:21:14,-1
9798322.974833032,18.919766518351278,16:07:37,-1
81938490.9565823,207.1129159280202,16:10:55,-1
12824859.358784303,17.14351731342985,16:07:34,-1
27440665.258316346,212.70491083693975,16:00:30,-1
46690528.51542653,316.185921230819,15:49:44,-1
8662297.871344665,101.31629646393196,16:23:27,-1
44554060.067053474,241.98996956831385,15:37:47,-1
13973561.742434794,204.12783065296347,16:05:29,-1
14189024.680391274,260.8201767163587,16:09:40,-1
75595810.59474413,118.75302803006966,16:05:42,-1
41078302.35497312,266.85500364129217,16:07:12,-1
84016429.36550093,136.27008983205369,15:55:09,-1
39921973.38623008,285.5582793538397,15:27:02,-1
30981345.070325863,47.993091220204455,16:18:50,-1
38815646.01180349,302.4021443865071,15:39:48,-1
56075439.084310845,128.5967099746241,16:13:14,-1
77493353.09919694,95.42750039589508,15:41:01,-1
18168085.13848441,335.6782919964295,15:43:39,-1
64426909.64647079,5.509697827801903,15:45:56,-1
34802532.99896627,64.68578313571558,15:47:27,-1
77087076.51955925,328.2212495360163,15:25:33,-1
3451062.695512472,297.1390816257427,16:02:06,-1
82436605.29201026,131.41757188761204,15:32:44,-1
44742484.87378237,53.13921680100827,15:39:08,-1
6377818.886305572,308.1881968156585,15:55:57,-1
9505367.42794552,32.37644890386751,15:27:44,-1
86021196.21092854,77.54178645183788,16:12:54,-1
24013966.984203357,358.9275018158506,16:23:44,-1
74354576.30753139,28.10341893883864,16:11:12,-1
87255078.60454267,63.964218544356186,15:40:42,-1
82359941.85337186,172.71968867355477,15:28:03,-1
57696897.54248443,338.5916312880007,15:44:57,-1
52081334.50882296,18.85524501518173,16:19:17,-1
58568573.81174936,323.6277480625032,15:52:52,-1
12318372.84552176,86.13032282617579,16:17:12,-1
10740476.533569308,100.20850998567866,15:33:38,-1
17233289.340343077,238.09302019664725,16:20:12,-1
82244158.45724279,52.96752562996515,15:57:13,-1
34136489.74686244,181.71500667899787,16:14:16,-1
66476014.52076316,284.394766578422,15:33:59,-1
21075470.023047738,1.3694248243945184,15:25:36,-1
59474995.53599536,6.066240600081949,15:27:07,-1
63426527.8200955,290.51741378137024,15:42:37,-1
86975186.73231389,207.26537225131577,15:53:24,-1
22147228.82946734,358.6371476979988,16:16:13,-1
57160396.54244492,273.69945092585385,15:48:19,-1
47095796.17397055,84.56824162214691,15:50:36,-1
39405215.41812418,129.39210486855495,15:55:17,-1
68450656.54237154,354.39106461917,16:03:58,-1
20396008.198011648,187.551645869516,16:19:46,-1
32647516.81313506,107.47477719661444,16:08:38,-1
79419597.56141874,304.97623640926435,15:29:55,-1
73301544.5712722,42.73380135219422,16:17:57,-1
15469880.5449555,15.546954647430072,15:51:12,-1
1708035.1372455005,348.7040165184369,15:48:55,-1
34855779.69981955,339.74436553075265,15:54:04,-1
73293415.2740559,96.32288433110551,15:50:52,-1
31364830.242692284,193.25886253381975,16:12:11,-1
60058594.12746916,257.5115216014425,15:32:37,-1
16992976.5261534,145.66965456931715,15:26:42,-1
64594240.09517537,258.85792333424445,15:30:03,-1
55071856.799550496,309.0130930778534,16:15:12,-1
67789252.80353841,170.15224271205005,15:29:00,-1
15826960.88439478,203.8682034869448,15:39:09,-1
28832823.13942873,359.50097048904803,15:33:26,-1
50285496.52527831,157.62298486797454,15:34:28,-1
89846262.05087307,359.7031265647941,16:22:48,-1
2019735.1579412352,114.43653787015865,15:33:39,-1
74171227.44729155,211.1585953287128,16:06:57,-1
6038874.387545116,61.84109881356403,16:06:25,-1
76283467.83905862,32.102725146256155,15:32:23,-1
45885071.04047833,296.5153585472269,15:51:44,-1
75719278.17822556,53.66769953744344,15:42:31,-1
65360106.13589005,127.78516140978044,15:46:52,-1
26650745.871168643,249.93338904675903,15:53:16,-1
27224430.617323942,23.27032757716532,16:06:17,-1
36397074.70959061,332.1857924667392,15:59:04,-1
20937137.52394514,112.54995186376564,15:49:12,-1
48295976.56048989,324.4284724802555,15:52:03,-1
40476191.704692,282.2593121577724,15:54:05,-1
69781421.60558945,73.83022922581686,16:12:23,-1
42325477.33682825,297.3518954385036,15:52:42,-1
45451462.53488605,312.4693254678045,15:57:29,-1
60397629.66600472,352.2733921760887,15:33:36,-1
85153186.66994204,218.49827691832328,16:22:03,-1
71450412.85239196,214.3912413392326,16:19:12,-1
1047983.5657413892,178.22791116628252,15:59:07,-1
14490434.57419546,238.96083395611615,15:43:53,-1
66286547.08453573,262.95560703823514,15:45:09,-1
86837895.70043644,257.07266714619607,15:27:07,-1
43370529.71500333,19.188709059483173,16:01:57,-1
23625744.924409702,202.4856466906516,15:51:38,-1
58412099.21638876,235.2395403715444,16:18:08,-1
73829365.06470864,57.9269460534855,16:17:00,-1
46748102.01004444,75.76069150797623,15:32:00,-1
32224347.33020023,286.2381783870315,16:00:51,-1
83209533.15551908,192.25484170621388,16:25:22,-1
83190678.10198534,17.261115500611368,15:45:45,-1
19337617.4774154,207.44479263317132,15:50:40,-1
40837740.35720556,207.12884767881044,16:15:34,-1
35033626.2557911,298.6599700732934,15:56:23,-1
25474138.286315497,346.3300481121598,15:46:46,-1
29752369.853511084,208.3319323374536,16:08:26,-1
12517.57063761976,251.77077484218245,15:37:37,-1
12181734.332421215,227.1474254101944,15:39:50,-1
39928755.260889255,345.53578398324083,16:03:02,-1
31502031.49895151,96.74762553693556,15:54:15,-1
39052302.8910804,324.71269573288777,15:38:21,-1
3732943.301228389,229.527148979044,15:56:15,-1
56472553.65784092,196.91044002202892,16:17:38,-1
86391345.32284594,274.4673108337121,16:25:28,-1
59576922.50633894,126.8292690800125,15:45:01,-1
55377570.70136041,168.08838945513628,15:29:56,-1
21449308.321524687,47.414673255755616,15:33:02,-1
58789285.30498645,85.2964679807539,16:21:02,-1
42481839.29694875,307.25752186179363,16:21:47,-1
17837212.134877555,129.96470996330288,16:02:56,-1
85067723.84618896,320.1851209594691,15:32:25,-1
13522101.238644836,234.60085418663536,15:34:06,-1
68927437.66234231,0.0869960467368935,15:52:53,-1
260864.1247846516,214.10438777833693,16:18:14,-1
89910054.17570962,206.44657989235213,16:02:07,-1
62774476.08088522,137.27650087710197,15:34:16,-1
68162571.93004312,31.85948872868636,15:28:30,-1
31630879.39814393,17.595554280590548,15:48:52,-1
71528555.36894707,247.25414385944387,15:27:07,-1
1703206.6779586845,141.98490908821617,15:34:47,-1
69688043.27505355,194.76073184387351,15:36:02,-1
68864305.20596012,301.86538514211605,15:55:41,-1
2836603.8894901834,332.4229687322654,16:15:13,-1
35125957.80450196,191.90848275054373,16:01:33,-1
904016.8688137144,233.814469740729,16:13:09,-1
10321429.981905514,279.107183723922,16:06:26,-1
76377281.59489186,193.36247660152864,15:40:32,-1
24387008.784317344,156.82419443370082,16:19:52,-1
8117657.329530951,335.98821038625186,16:18:46,-1
44992722.46055358,133.0094450491717,16:14:55,-1
39335286.8169472,174.46544934265395,16:07:08,-1
35863626.82152554,181.0736933804018,15:59:41,-1
66025888.217500806,327.85898119379624,16:16:58,-1
36411130.821186654,75.90636907531606,16:05:44,-1
25478515.62409857,298.0326235606653,15:46:51,-1
55332046.07362207,208.9593923039219,15:46:53,-1
28143478.092242707,93.9599449664418,15:47:04,-1
22002258.861643564,97.74475335447607,16:18:58,-1
89768072.84803739,124.3993727035721,16:21:05,-1
87506783.07399784,357.63391729675715,15:33:52,-1
74183144.07505465,345.9382469678661,15:35:05,-1
79896820.07131611,42.11868226638725,16:19:36,-1
51977867.32984746,28.887664598115418,15:41:42,-1
76821897.01770589,298.588759337593,15:49:10,-1
79365695.02680175,120.4054392122146,16:18:27,-1
20269874.133986663,254.33141203942088,15:35:49,-1
64559704.86045674,212.79123141033853,15:34:23,-1
30806170.179595456,136.62145553500866,15:49:16,-1
88093242.44853228,348.14174050404057,15:33:46,-1
44860100.517718256,229.0863403736636,16:13:12,-1
52066659.43513182,295.15666212860367,16:11:46,-1
26536792.611957982,149.44241468744207,16:24:50,-1
41871614.5676496,341.9238580807012,16:07:10,-1
19366786.6681122,269.1038070819342,16:25:08,-1
45569662.60593088,97.39767862335344,15:41:19,-1
83400058.02216472,345.52945813748363,15:56:23,-1
20193255.056759164,59.40157233051312,15:53:39,-1
50102784.94372188,180.26293487197267,16:00:37,-1
1120143.2427206645,39.444134908163576,15:43:28,-1
11745744.136114646,332.6671628224311,16:10:28,-1
76047902.4802153,280.38566806026444,16:04:51,-1
70381901.36712988,222.76520148426997,15:30:04,-1
11287219.247253155,147.17559541555696,16:19:05,-1
59368603.97070093,132.36960458840844,15:50:13,-1
56588839.24662973,258.5410949928978,15:38:57,-1
66112990.46908336,95.42806542721728,15:37:36,-1
21590392.188910484,127.6815461523364,15:35:02,-1
85651922.90113841,193.84266966444895,15:47:11,-1
31517836.245167088,230.1360799886301,15:32:41,-1
29047159.04273207,270.19007976618536,16:19:03,-1
80302224.65747695,6.203742777336228,15:36:54,-1
29796890.08525253,48.38383078380525,15:50:20,-1
54265788.048505805,222.2308016140845,16:12:05,-1
32682635.70560633,120.41320317203096,15:54:27,-1
54990268.45507036,322.8894722583408,15:35:48,-1
51379379.918541335,44.0615678587099,16:03:02,-1
75409813.31154884,256.5410796561295,15:39:45,-1
6994069.539406879,198.7058700247254,16:21:17,-1
51130496.679789856,131.23846160673438,15:30:02,-1
78252582.0335091,328.99549975607,16:11:02,-1
25594879.70611249,33.79971802246772,16:16:40,-1
23886755.23882962,127.31305864471736,15:57:15,-1
20792388.85111572,296.4728209217747,16:02:33,-1
6202079.006902948,34.5626726873555,16:13:57,-1
8202919.912438366,181.74845645952485,15:26:49,-1
52253294.17158669,61.12196047336302,16:07:17,-1
26795454.07004553,305.1151172208546,16:12:58,-1
23665633.84488803,267.77428930366085,15:32:28,-1
38477667.41344496,295.9289345575587,15:56:02,-1
42505953.01473106,244.4968457371037,15:35:43,-1
89162876.8241764,165.0725164764437,16:05:32,-1
76409642.72006732,275.0637202052182,16:16:40,-1
35966232.98849476,94.02419286506978,15:50:35,-1
60651835.222749,258.31979360655635,16:23:16,-1
30579348.315168303,127.38978362201826,16:24:30,-1
15360008.60040498,266.4088306670976,15:58:36,-1
62598968.15508901,116.70604891961766,15:55:06,-1
51625296.11352301,217.44329011443733,15:58:12,-1
34320339.04158183,61.32039223253241,15:51:30,-1
20059483.438375056,284.5040483796077,16:11:20,-1
76545757.81790936,319.9592076146212,16:17:43,-1
83991074.87782753,322.5403685426457,16:07:33,-1
19578726.427930776,27.245844887098592,16:22:46,-1
75918555.05645995,157.11142899746747,15:25:44,-1
54285384.57245651,313.5988170671993,15:26:19,-1
5882858.980700515,5.314502374654437,15:56:23,-1
3058317.786456666,185.4369834299956,15:39:10,-1
73550079.3671758,167.3128524348717,15:30:12,-1
30620063.765581228,64.43722569398027,15:33:10,-1
7384363.708596033,66.60961859265159,16:19:19,-1
47300947.54639414,128.6529178057192,15:44:29,-1
65856018.984818056,140.9373240548794,16:16:51,-1
46011775.85447942,53.19402764343686,15:38:56,-1
31225506.94266713,208.95903549834335,15:59:01,-1
25363021.995554604,346.78220736358566,16:22:00,-1
87159659.63686459,83.36540437096197,15:46:17,-1
4344413.117052056,281.6065676382472,15:27:07,-1
79686599.98191646,312.64095656277175,15:59:53,-1
88041321.08779232,28.600057644675147,15:46:21,-1
37012597.61290489,289.040040452976,15:30:34,-1
8467538.445255922,66.5418101635992,16:03:48,-1
80689284.65298155,41.12846598539437,15:35:12,-1
9468685.007017525,229.37489132349972,16:13:04,-1
28171442.72392293,0.7810415767193479,15:28:29,-1
72506529.28046127,163.8650766463891,16:11:10,-1
46461891.47066829,211.82924815840084,15:39:54,-1
1647872.0305568655,159.85388142183328,16:00:53,-1
5685046.4963686345,145.79334586294328,16:16:28,-1
10820566.63722139,186.3720613471532,15:53:47,-1
52866912.83896399,278.19707084568154,16:25:15,-1
68332983.09117725,94.0469132814755,15:31:42,-1
57920336.63187564,181.59330302157647,15:54:56,-1
47497545.42530792,206.58494157308525,16:03:14,-1
12758205.297830598,132.01692400597074,16:05:32,-1
6815159.225803928,273.98828219005867,15:49:28,-1
88774400.53614147,143.45226704408074,15:55:43,-1
52971519.91592254,348.4653928573627,16:00:51,-1
67096412.05089749,241.85124488592757,15:54:16,-1
58766376.68244388,162.06932742840283,16:24:12,-1
75878227.49637441,179.8526619126139,16:20:56,-1
34933255.80873452,131.0239254892964,15:51:40,-1
58172674.13835541,212.86634666586212,15:46:55,-1
40983352.010551125,192.40669932174185,15:45:24,-1
8514869.771148708,340.1890163074656,15:59:53,-1
63206502.55387589,110.48918298804792,16:12:40,-1
53286610.06996058,203.5008017828588,16:12:14,-1
77108850.33234236,108.58432156469264,16:05:17,-1
65675883.58125834,148.1802474744278,16:25:10,-1
19670504.176896594,119.19528825245392,16:24:51,-1
21490876.040726244,205.41380855001745,15:47:48,-1
71069964.87602435,230.53222766528904,15:29:13,-1
72187094.08970413,325.79512369722386,15:42:20,-1
26887713.906095933,346.19176367731603,15:31:18,-1
17082643.624029353,177.6094903731289,16:15:58,-1
20545416.77703352,279.5429101697314,16:20:03,-1
8426632.803069167,71.42606434157528,16:08:45,-1
74066802.1978981,263.79247780405217,16:02:47,-1
49234604.36879114,14.695637041803096,15:45:15,-1
48605392.36330711,125.17138196296412,15:42:20,-1
75533333.04386799,337.130380803934,16:25:04,-1
86461765.64565206,319.3408555917871,16:04:37,-1
3932093.450056845,308.3940740000119,15:29:15,-1
40266523.84772102,68.21734566214953,15:35:34,-1
51304789.64762453,131.72947050140715,15:29:58,-1
89354751.9477343,326.7453836940164,15:38:52,-1
64703796.26349864,79.10155974210168,16:20:47,-1
48121698.87179173,5.818894189627528,16:23:43,-1
88328665.97039622,352.22522905254937,16:21:15,-1
80540883.45845586,184.40192082115215,15:44:45,-1
61102697.73422719,74.75223786616735,16:21:52,-1
30432728.937357616,197.96727807546185,15:57:03,-1
82694041.61596449,107.68685600917242,15:55:09,-1
60437391.91691103,83.45711312458516,15:35:01,-1
78808920.0275169,248.886308187346,15:44:08,-1
13055868.814687504,313.8203147556367,15:37:20,-1
33271954.55278889,183.91440312130865,15:37:39,-1
73355753.22600935,43.290950087382434,15:57:59,-1
44373692.78037817,307.6145001563617,16:01:36,-1
387121.22086765175,113.8615492634602,16:02:18,-1
72440679.00208147,194.9325295034741,15:58:19,-1
88028322.10298344,168.1535646913187,15:59:27,-1
48610389.75679364,17.961877060239356,15:58:22,-1
24812835.600827444,115.00169677662473,15:46:47,-1
55775568.45892464,322.2542139657116,16:13:45,-1
30928542.15329182,219.93185299591465,16:20:02,-1
27496670.97414592,152.9650700568117,15:29:25,-1
58580595.29931746,124.6747727870279,15:38:32,-1
20248588.45138765,332.08046270806483,16:20:48,-1
15716574.741648585,185.02937254717008,15:29:02,-1
2925150.1307553365,279.518678351247,15:39:41,-1
31135384.579821352,147.07300769435042,15:39:52,-1
15428122.462223371,3.547671612572372,15:25:30,-1
88867669.64594902,73.61886823444537,15:53:15,-1
27379200.480718125,211.81261325027455,16:02:26,-1
70911628.52171491,152.317221112928,15:29:29,-1
21955021.7507019,164.12800291018803,16:20:45,-1
21396042.32840031,284.0788469026856,16:20:34,-1
14188243.186763454,101.79145111980766,15:59:22,-1
87685888.9293485,263.1548628340917,15:52:50,-1
81437549.9340398,189.9042679349808,16:23:56,-1
81043325.97099116,309.7211801594734,15:39:16,-1
3724917.6557698953,219.2788959392793,16:23:57,-1
88832629.03558566,85.6600590778255,16:02:20,-1
35606572.22578548,20.00122614386209,15:37:06,-1
49239615.21301502,181.0598226407122,15:56:49,-1
34587949.60283455,55.47165052985368,15:56:22,-1
55962195.0473835,311.4607380557161,15:55:09,-1
23698156.07477965,354.8732149287102,15:38:05,-1
18367235.338833574,277.8098117826214,16:22:53,-1
65641655.47330509,209.34756285175317,15:26:12,-1
29176882.528516185,48.46172766877561,15:39:57,-1
42399846.44898456,187.1775639742939,16:14:57,-1
78133051.56550527,124.30773827332789,16:12:17,-1
87378439.2971847,274.4192937631013,16:09:05,-1
67772743.899917,27.494723690830245,15:59:18,-1
9083311.581572946,88.81541070027862,16:00:10,-1
55510748.29127424,229.34324059775145,16:06:01,-1
55390235.4586265,230.67025390867997,16:03:50,-1
8458804.28515794,148.61661100992444,15:46:15,-1
51279298.82746861,60.172397392320406,15:36:33,-1
33886783.9907433,127.16901077753492,15:28:11,-1
4878537.182282408,18.105158102786486,15:37:17,-1
31684155.49071125,34.5633247719111,15:31:49,-1
16454356.083150528,0.7789072848761691,15:41:30,-1
39880302.7324158,332.91991532471644,16:14:41,-1
61583699.79527139,285.68075686192435,16:19:08,-1
28596317.925247613,4.953090565875913,16:07:58,-1
33241761.812365845,24.90886142254876,16:08:05,-1
71218964.29774657,31.91248332584941,15:26:16,-1
2089069.6950123927,212.52191324865177,16:17:44,-1
33621551.06971533,121.47195521284137,15:40:06,-1
64473197.83423497,285.4618193114589,15:55:54,-1
25945095.625843428,99.66270718292812,16:18:35,-1
35251248.05932532,123.06377763868764,16:04:17,-1
83297436.57959239,88.43816930446856,15:41:50,-1
57378257.097329706,129.6175937560107,15:46:23,-1
57191402.124018535,168.1032700014308,15:28:19,-1
36453951.50111172,306.7350501525761,16:24:18,-1
37185088.65817619,71.44780070462305,15:29:28,-1
55522343.787311226,100.67518124140685,16:15:49,-1
43248233.12378016,206.13958812688625,15:42:24,-1
52553182.10734453,90.30967934407956,16:13:48,-1
2942026.481956353,214.63951897211783,15:41:53,-1
79869958.63478257,333.91150626788374,16:22:11,-1
12439616.21232234,173.86108009889497,15:32:13,-1
81776271.80381675,333.5892190945275,16:11:59,-1
55170261.79104859,248.88471015163512,16:18:10,-1
17600248.91328754,262.8438186362296,15:57:21,-1
18178772.00270987,217.7759674100076,15:30:34,-1
84837542.20511688,229.54134436264545,15:54:07,-1
66328281.38007033,61.906017279524654,15:56:02,-1
67265241.44567484,229.15988061735115,16:23:29,-1
47947139.2975014,162.19096710457913,16:25:15,-1
78827903.95924897,211.73716597638392,16:17:34,-1
2755193.724702199,227.65799799074037,15:45:07,-1
76555038.57578559,260.58861703320497,16:04:29,-1
39020310.078082286,288.9780538262461,15:35:54,-1
16289175.761648033,111.88153977298406,15:45:03,-1
12014266.079818709,300.2014896066164,16:23:12,-1
4966700.936939018,292.0511819659453,15:52:32,-1
67351143.85477293,355.3900191009022,15:45:29,-1
78854313.49374609,220.3135780215536,15:51:14,-1
4284320.252317793,182.8514226270459,15:30:59,-1
88192891.56438321,123.71103219134176,15:39:35,-1
26616910.912792083,127.24308399535434,15:38:02,-1
60021653.63602978,26.24819443616682,15:26:10,-1
70607114.97799389,139.7360673651884,15:35:40,-1
15163353.094079904,46.717039290579805,15:25:30,-1
39411823.527830325,317.12379120406376,15:42:10,-1
86512881.9325534,28.041297965249644,16:17:29,-1
88167671.03396752,304.90863482974567,15:33:49,-1
83369971.83987294,129.78865639007765,15:26:51,-1
84570145.88993305,85.2166428647241,15:55:55,-1
17251399.40178383,309.73151253801655,16:05:03,-1
58653046.29747839,87.6883380371902,16:14:15,-1
32278336.54019816,333.66951364573384,15:52:11,-1
6145956.888890226,22.80104981889962,16:06:08,-1
78578528.33098812,39.93290959666061,15:46:52,-1
3523846.3115544952,16.254013530382224,15:43:13,-1
34300450.75567707,245.51329899562072,15:50:03,-1
17455553.218296338,10.99428947612699,16:03:38,-1
11675583.974904714,35.721951114765545,15:39:44,-1
53847365.43210075,327.14445740820355,16:24:36,-1
82432711.53919156,109.9163353116442,16:09:33,-1
57917907.11266042,137.74771769102665,15:53:14,-1
21546483.083269205,186.9035087715427,15:58:27,-1
25983253.126269937,127.7468995658626,16:04:47,-1
19214943.614432786,202.6550855385408,16:22:48,-1
28045122.775576223,151.10448424810656,15:45:49,-1
72891161.60434185,60.513363964737735,16:06:14,-1
66171262.567619,69.11500125065733,16:03:27,-1
4005478.950219049,153.2177208111736,15:33:32,-1
80152764.39360963,9.885613986770355,16:06:47,-1
55599231.06240964,335.2291598289384,15:47:33,-1
44436843.09985832,117.05563860398456,15:45:14,-1
22047340.160736263,293.7758180334694,16:19:35,-1
71194291.93574046,158.64399935580136,16:09:58,-1
24148947.36424584,121.33571467006914,16:15:36,-1
9380244.29687372,42.90612362731394,15:31:59,-1
69268563.24293339,287.10020229511264,16:14:26,-1
60627043.64923426,37.96300827980495,16:00:37,-1
84734059.19709429,174.11251450616462,15:55:37,-1
54620515.57762043,171.23864610713716,15:42:30,-1
18434765.796415977,240.60671345051128,16:10:27,-1
33949567.52956734,244.26173672539463,15:39:17,-1
3687648.120254513,60.74917800080084,15:54:44,-1
41553530.38599392,218.15209335558217,15:39:21,-1
9035674.556920754,299.6071186208916,16:22:16,-1
52043389.56221221,10.001110421122377,15:36:49,-1
48087288.77067164,270.59437873269945,16:07:37,-1
38062509.47088851,290.7381433655612,15:30:38,-1
53558458.91161662,157.44220234707663,15:37:54,-1
60937555.87173171,288.06896139764257,15:32:46,-1
74186466.40274622,176.7471482252364,15:58:08,-1
6609055.836146171,204.81388910140623,15:38:11,-1
9971221.11157624,49.78243336482678,16:20:27,-1
25995308.307454877,288.15679270536185,16:08:11,-1
80953651.99650346,103.1058277268482,16:08:57,-1
28591756.75685053,28.349448461723945,15:41:05,-1
77827270.8365661,226.0338031990917,15:45:12,-1
23381800.871199325,282.14717231600105,15:37:09,-1
75291341.19154888,1.6142017331180725,15:32:21,-1
14174910.352835013,46.14151910953552,15:48:24,-1
1498093.8167597186,82.67573505035077,15:52:05,-1
44954895.126300864,285.37495378147486,15:39:04,-1
67840245.53643946,116.03932694783536,15:50:31,-1
87584396.16155946,36.29875626615692,15:56:25,-1
17426297.83419492,343.45379812222563,15:43:18,-1
17155909.101994473,265.89860158257704,15:44:25,-1
59471424.81326947,279.46688857536617,15:28:24,-1
50558212.90332952,337.01780015482785,16:22:27,-1
42505870.725386165,346.5504671599123,16:10:31,-1
43305077.762238346,174.83249445094813,15:43:59,-1
79800261.52077755,89.78099913483854,15:57:02,-1
69401970.9071204,50.77803554625814,15:51:34,-1
50347469.47370572,198.56227843298765,16:18:17,-1
72664143.88936327,72.12093286065725,15:59:45,-1
25813964.05598721,262.63256650335103,15:56:39,-1
61205467.822534025,19.76096507182077,16:06:51,-1
25259503.426116392,113.80834986967412,15:46:41,-1
89763397.69458142,228.84447107193463,15:31:26,-1
28702808.40523541,94.13128356237311,15:47:43,-1
39625954.82755828,245.5984306458085,15:41:15,-1
60247373.81660262,24.759147652142325,15:26:44,-1
25305953.893660717,43.09568821428015,16:18:33,-1
29104372.30162488,24.61357347548955,16:09:59,-1
78918257.98453419,262.26455138973535,16:23:52,-1
11237342.323023504,158.74479837750462,15:42:34,-1
63566281.11679334,146.7760338600819,15:49:38,-1
36206915.592114136,100.0480602703537,16:01:15,-1
7783184.442065363,257.82622734636163,15:51:13,-1
29156302.5078457,93.59077620328368,16:16:18,-1
7821084.698027452,109.15877331693892,15:50:45,-1
55387414.42855133,100.74112426286338,15:35:06,-1
72470056.73354831,32.63192985526569,15:57:58,-1
45122983.172199234,102.74859134975598,15:31:06,-1
34009972.28818266,339.9043824671036,15:27:16,-1
69810364.57192095,23.70408331313904,15:29:34,-1
4995971.752662663,166.89468952723925,16:03:00,-1
62541056.83933226,134.5231125326393,15:26:10,-1
21559495.439134646,54.74406863139513,15:30:44,-1
336640.3297504642,34.8261423456018,15:32:50,-1
40698278.23899378,196.7315645803023,16:14:37,-1
54207376.76956778,337.647432573515,15:47:51,-1
50057100.33067331,221.6726245996203,16:23:48,-1
84541418.29234897,13.25137242297198,15:57:11,-1
23352054.314462725,28.51809840238901,15:42:55,-1
72134022.3059987,136.2387864248034,16:07:17,-1
81420643.20543042,352.92720384556964,15:33:09,-1
54291031.55516222,112.21820713728115,15:32:25,-1
27314724.86494537,93.93591703331823,16:10:20,-1
62773306.03091118,267.7420908748361,16:10:01,-1
51343461.74031645,166.60230686264472,15:27:06,-1
6674257.106535125,291.0790853865703,15:59:51,-1
16183967.440072889,58.79995472210944,15:49:57,-1
6247683.8394832965,269.9706234965359,15:30:36,-1
82158637.41573584,327.0802729745562,16:01:21,-1
39116679.05510628,337.13841247043865,15:31:26,-1
11545160.022150325,169.37701857397832,15:42:19,-1
88015594.50288406,173.09770232470706,16:25:25,-1
68148696.21114011,288.7452075985391,16:20:06,-1
16500262.10123896,351.7088594617784,15:55:29,-1
35146350.49901992,69.45538865727659,16:06:36,-1
5316502.280835455,276.53762580846944,15:48:21,-1
2185339.71097348,193.4159691961607,15:47:51,-1
28259905.27442922,96.68728204033609,15:54:21,-1
34517068.9143345,150.84992115270458,16:14:59,-1
75673851.200545,252.67581388590688,15:55:17,-1
22249910.26616679,306.9816206615725,15:41:34,-1
11981917.75981517,264.77461940274674,15:28:57,-1
12847886.823361885,100.88583786112557,15:52:39,-1
71991824.8772294,67.33794526952063,16:02:32,-1
57253963.91194832,145.2718181224631,15:33:28,-1
30346699.96501467,231.53614494398863,15:59:19,-1
49118044.54002767,231.538265376303,16:14:13,-1
77112664.35386151,80.86986498128454,16:16:02,-1
58260727.84028578,340.35700143531795,16:21:33,-1
19401134.501306783,81.54060046115781,15:28:22,-1
72747401.80974483,275.9624118680728,16:17:38,-1
55039749.23469165,105.0128444107512,16:07:36,-1
4111181.259400469,63.53812707399343,15:47:10,-1
40662541.08437759,12.4694568403252,16:11:51,-1
80772850.41008013,305.7158458454615,15:39:28,-1
38846653.652207285,124.79474975011529,16:17:33,-1
61422377.17757451,90.8036298567788,16:16:13,-1
23493497.865004286,94.48901105565658,15:51:10,-1
37034206.12575524,42.70216639293193,15:51:31,-1
71273214.65039185,291.52144090005453,15:37:25,-1
37119509.453160726,308.3691104915181,15:53:20,-1
61021058.27854881,81.22411072093428,15:36:54,-1
18988127.88337588,301.228968765628,16:18:23,-1
21177534.85563596,113.8264297894657,15:37:33,-1
39313647.49009138,2.854014289884148,15:31:55,-1
44338610.03219893,186.7842652857664,16:25:28,-1
19202321.0823362,134.7807454424834,15:53:35,-1
33536806.147229347,157.9845764409697,15:41:17,-1
68095941.07876976,271.6256645271296,15:46:42,-1
556063.4888906829,284.1675999823159,16:00:20,-1
77322552.5332023,319.32120424314274,15:51:13,-1
89564673.08088627,266.71793316745857,16:01:40,-1
26455685.678195138,115.49976599011512,15:41:33,-1
46291962.509692654,179.66411710591368,15:58:32,-1
63503785.33731898,301.5804412854021,15:31:45,-1
1127192.612998397,117.72896277768372,15:33:21,-1
64780680.90257903,140.60576374786822,15:51:53,-1
59239453.56801186,93.43092589090104,15:29:13,-1
38091379.7648358,101.87157013081548,15:28:31,-1
50288646.55318932,49.33511635862636,16:12:45,-1
7487161.792760262,268.9772871012373,15:47:13,-1
47340175.6521854,146.91397028216804,16:21:39,-1
11821233.43973331,171.15024018473864,15:48:03,-1
50890481.29139002,205.46375347743455,15:58:57,-1
9255655.000510702,21.93673173055877,15:46:23,-1
69604414.06080323,159.08862762896206,16:07:33,-1
81853299.63960697,288.1343428185557,16:23:00,-1
75653874.41547132,312.8435604046514,15:55:06,-1
71131239.30803326,283.17927085958746,15:47:27,-1
49925000.40814156,18.63105596412317,15:49:29,-1
88516737.96881689,35.77015898735832,16:18:32,-1
74662040.56631362,64.0469850776805,15:58:11,-1
70257344.8589663,41.32537232349606,15:32:06,-1
83244392.77713668,117.40402333454138,16:08:31,-1
67428320.44023997,208.06052700538933,16:24:32,-1
43012250.1076038,252.49632249573895,15:38:57,-1
63567434.89942163,10.179936226317247,15:28:15,-1
1140425.57335184,347.2859331591531,15:49:37,-1
31248169.570340343,295.6741486744858,15:36:53,-1
69735674.52587888,80.95996576844274,15:44:50,-1
62927703.4198825,341.37417588950365,16:23:47,-1
31407464.70611871,46.89727292539724,15:58:34,-1
23297020.80751574,211.75387322642536,15:54:19,-1
71081214.2251728,331.26661537520863,15:55:45,-1
64277105.85476399,77.99976628796739,15:37:02,-1
13660579.308319144,192.0940461591221,15:39:24,-1
26294610.676412717,118.53117048187993,16:03:48,-1
43902234.90064982,251.2340108869017,16:16:51,-1
41191796.38829939,114.01320149140597,16:21:07,-1
28810146.588446192,283.9518117171542,15:48:04,-1
65224336.19799709,194.33397578341345,16:13:07,-1
54811732.97494748,346.07568038465826,16:22:18,-1
27711795.28164437,82.27765353039409,15:56:46,-1
26100533.864072707,269.9104001774241,16:05:36,-1
19309557.95507568,296.07478618421106,16:20:37,-1
58474466.89555319,45.90849007131104,15:25:47,-1
74306999.89385077,115.60524650066948,16:11:45,-1
35240502.389851816,121.20029691328376,15:33:56,-1
13968726.324753303,16.535795759212256,16:10:04,-1
72117363.90372173,205.25137173966465,15:38:59,-1
1838652.6654405652,300.6254045012279,15:26:17,-1
23090588.843974374,148.01967698978686,15:53:51,-1
52658643.25505063,232.04358110983063,16:25:01,-1
42765072.58163656,257.234242959329,16:25:08,-1
60412024.024599776,144.84016054507427,16:08:30,-1
41680860.63891053,167.05349526052643,16:12:48,-1
61170403.09833816,177.701425856886,16:19:56,-1
48196444.52205725,301.7721465237081,15:26:42,-1
49641737.82754777,303.9863135103206,16:03:04,-1
33518390.60743808,84.78367225304926,16:21:18,-1
9411240.294911103,337.61620536579835,16:05:27,-1
82558869.9706026,320.4346425124086,15:25:56,-1
21176492.096594084,43.705528482620295,15:28:06,-1
27612512.443186626,162.5150633831772,16:21:00,-1
39540379.04254046,178.3595495316837,15:53:34,-1
20242105.495384984,161.49665712410027,15:57:35,-1
48656142.6027596,31.87426795509849,16:03:52,-1
47867609.11265087,331.9042772737881,15:35:53,-1
1747211.294878398,349.5381459595541,16:14:47,-1
35641295.94020225,239.1194823242374,15:51:16,-1
28628816.48299941,213.377990099889,16:11:35,-1
1217531.1703333196,86.52002949849151,16:05:31,-1
62965875.8737149,62.21941297029825,15:56:22,-1
84444300.78686114,168.23488414720566,15:48:03,-1
72697877.45475361,52.42332942377273,15:27:42,-1
31897748.278796177,266.1660129952206,16:16:40,-1
68546523.36506012,73.68848540603574,16:17:23,-1
13645233.045178303,352.90315991756995,15:30:33,-1
62357760.63512095,338.4785463103851,15:56:55,-1
27320008.03308373,71.78302018032664,15:42:16,-1
64204537.1902924,33.99292672299665,16:10:13,-1
27271048.10345258,64.42001106074764,16:12:47,-1
78778734.8309296,230.66713070096063,15:27:52,-1
47968782.363516696,110.67026177054608,15:37:42,-1
60801107.7502422,111.40013943351636,15:44:58,-1
65630000.99604945,289.0686673774038,15:32:13,-1
89290803.36667205,199.11795254832484,16:24:48,-1
48075005.06986502,40.982093963732055,15:46:40,-1
13629962.522066144,286.63135306559843,16:11:38,-1
72602439.7045882,311.4452914761878,16:22:43,-1
41057417.436261,50.49870944749152,15:29:46,-1
62789989.57447951,270.9641754360369,16:07:19,-1
58053904.86066503,332.4932481615622,15:54:37,-1
21492761.289429348,108.32952456434744,16:02:21,-1
31162754.780100863,6.506211790223655,15:55:05,-1
20435499.09453553,291.69619971199484,16:00:53,-1
41646867.70156129,316.6422069041298,15:51:06,-1
47108621.53925805,198.6266730889395,15:30:12,-1
37754487.54462444,286.38489718317777,15:29:52,-1
5421529.853507083,202.87710699703663,16:10:55,-1
62828869.50147694,349.6260211347953,16:13:42,-1
7338099.018084845,166.08044345961693,16:17:13,-1
83517405.70195428,21.265842153428377,15:53:26,-1
55051564.59385547,244.8929029714841,15:52:22,-1
61106647.302403055,231.08584748499365,16:06:27,-1
21098814.942524824,211.13873290675048,15:43:30,-1
6286227.561457654,258.61059680021447,16:18:57,-1
27484395.29945427,109.45875109652128,16:05:47,-1
60923189.92335738,119.4709930793226,16:00:52,-1
70090360.68697275,204.90466210249548,15:58:06,-1
56773270.34339209,315.459596444798,15:48:21,-1
48457366.69624856,235.81162820953404,16:22:30,-1
68818242.29166628,262.0107169791024,15:39:00,-1
27603162.9151162,258.17525445718115,15:35:32,-1
61985169.60752423,171.93478495668538,15:30:25,-1
18275041.749349624,158.86179416617176,16:15:14,-1
36941132.64692094,333.8194509348966,15:36:53,-1
54961678.74367456,162.40367843324935,16:24:17,-1
50727748.4948118,262.6505106556231,15:25:43,-1
53080636.52616722,189.14835352636567,16:15:09,-1
23683004.36658432,325.1941470799019,15:27:15,-1
954222.1599791663,206.61721948959936,15:46:53,-1
44674946.36281284,205.18547040479112,15:27:28,-1
81511263.47336096,57.02739835288034,15:29:22,-1
65153373.29873989,140.97808770814066,15:32:00,-1
4489479.043216592,194.98511390032957,16:19:28,-1
75669261.3185335,163.51126637835887,15:32:06,-1
15324003.520682516,213.26070951934275,15:34:00,-1
34689805.86741246,237.8173595709692,16:03:41,-1
43982577.941790976,285.171358071881,15:31:01,-1
50390906.76852612,230.74347779269797,15:37:16,-1
62715226.11243629,132.05385868693128,16:17:26,-1
17620594.690328006,227.82174490048956,15:30:38,-1
24812328.290222984,25.7553381304286,15:46:28,-1
66895469.77596631,114.32062477573264,15:48:59,-1
67432901.47164306,98.63276157152391,15:46:48,-1
72901539.62415195,207.0998438231377,15:26:43,-1
27752891.732279416,60.86550551004744,15:28:46,-1
70537107.89411367,288.1187839680505,15:50:47,-1
80005189.17443919,269.3297975680392,15:45:15,-1
46567782.7878151,166.0780655973884,15:25:38,-1
28545192.663400445,270.78983507738354,16:23:36,-1
39002493.59313026,264.7915523768006,15:49:12,-1
36549720.54977586,214.1469581510425,16:06:11,-1
68667907.63772729,284.28581915579065,16:19:31,-1
22025597.416155912,163.44678217201877,15:41:35,-1
74416067.57738702,298.9774673099513,16:21:10,-1
77662739.43056168,144.4247380284115,15:32:33,-1
21202902.84318095,172.46468340763585,15:41:55,-1
70103145.94488081,14.752398998396163,16:22:02,-1
85059435.06042443,333.77177902633576,15:47:00,-1
7556949.886764437,166.88131209885685,16:05:14,-1
2473190.459218723,157.8685039182928,15:50:44,-1
57035815.43486009,50.05722742219775,16:04:12,-1
21554989.84010981,295.62608461562894,15:53:20,-1
50127344.24716426,164.44477881260767,15:31:30,-1
4412887.106494017,221.3926358259591,16:06:48,-1
54382771.47458735,156.16960425247473,16:17:41,-1
63391768.17154228,135.75598456626176,16:03:45,-1
86012587.64723034,48.64899155950015,15:38:05,-1
50980818.0066452,161.50563709972332,15:36:33,-1
12710631.281467382,244.522657936643,15:26:18,-1
14058250.309532167,51.72120986623486,16:11:20,-1
35400429.65793918,98.55304950996523,16:10:14,-1
25754049.14241038,260.7279846611243,15:49:16,-1
72390669.964869,226.85223304592893,16:16:28,-1
4235708.7805967005,344.5992529983712,16:24:41,-1
24676280.195865948,199.6793135875676,16:10:55,-1
42122199.81011581,78.05384142693951,15:57:38,-1
56568521.62966636,24.111930154188997,16:00:20,-1
63906522.97402291,315.25160473366867,15:37:19,-1
34562962.36030524,188.861589007676,16:04:54,-1
8421548.675506985,94.28183259552569,15:34:12,-1
4248648.084174623,102.97728613413824,16:23:56,-1
74210708.86113952,233.4022108556559,15:27:23,-1
50045705.18591143,9.415206161229415,15:50:46,-1
65529921.16580583,203.24361867628923,15:53:01,-1
10308719.724989064,97.52921600927372,15:47:44,-1
12234777.748201383,48.140261352181206,16:17:38,-1
52664114.43953147,311.1391713971725,15:37:22,-1
12343083.094917318,253.1436704431597,16:04:01,-1
33834245.43748854,184.88405580835231,15:57:52,-1
1875704.6186508143,152.7131129096586,16:05:25,-1
6019026.393319952,311.2301697668519,16:14:22,-1
82215428.68385117,219.0331291609677,15:39:33,-1
29005730.404409677,33.03044302310668,15:41:02,-1
87066223.20101257,80.2579253524495,15:52:16,-1
55061333.3560424,86.45091419185798,16:17:11,-1
82644390.72547667,155.6495841008486,15:30:11,-1
4764185.746812952,24.809789870813376,16:16:35,-1
79114702.02378696,63.82408031658912,16:22:53,-1
4137761.651843032,85.93390424808942,16:01:37,-1
25812029.35339494,259.11146422226085,15:55:58,-1
11819441.969867108,184.17972998410767,16:17:28,-1
66022081.83719601,260.90498236622426,15:40:01,-1
60493010.05141384,199.7736152670752,16:20:50,-1
38496185.27841255,130.98193070797004,15:40:08,-1
68437125.83184652,309.4237459077525,15:54:26,-1
74410375.67620103,39.26678808709331,15:45:09,-1
32649087.87914564,184.2999156678739,16:20:52,-1
43135822.86386685,178.39559314789508,16:06:17,-1
20923527.879336268,126.90796549560652,15:47:14,-1
56710553.80597136,1.6519340973265928,16:00:57,-1
11474934.636047538,5.170897998502455,15:52:27,-1
12763965.07835217,285.93902035043885,15:43:40,-1
82903218.88683754,299.469498135036,15:30:45,-1
50693954.098277226,184.44546172168103,15:35:19,-1
11088864.946647882,120.00357308652124,15:56:56,-1
36924323.40488406,294.0882975075376,15:42:28,-1
88401151.13220128,13.68333687692263,15:38:38,-1
79990160.74622612,51.7590611705041,15:31:16,-1
88218862.2329911,345.7839883646907,15:41:37,-1
34160015.66584532,109.44377660118008,16:20:05,-1
80723658.32101543,3.567752697317341,16:24:13,-1
56917727.84985244,177.2236034928881,16:15:41,-1
61400301.02926394,236.6830900474892,15:54:55,-1
78199870.86242747,273.53400741070084,15:26:28,-1
7770363.465260705,319.1879708509967,15:48:11,-1
53097783.43126371,164.47742271296266,16:20:45,-1
48152345.8709339,119.53720819157944,15:34:41,-1
35076496.339079954,54.13513394320814,15:30:39,-1
34792518.35319512,327.8696881031536,15:29:28,-1
12950206.8318259,242.94090377038975,15:58:45,-1
73664451.44882637,267.6508881125589,16:11:29,-1
70160766.05657884,185.0529510196951,16:15:56,-1
31628616.923655026,58.42070555771488,15:40:18,-1
79947996.2635318,250.70810394264143,16:01:19,-1
8055563.508881628,348.1406123816129,15:40:08,-1
72458025.77651012,323.6134143504843,16:09:01,-1
61506049.32196306,241.00140046856745,15:56:53,-1
73562809.13697928,0.8153792186722875,15:29:42,-1
72220425.9031288,64.00570587051621,16:06:53,-1
22878593.518934045,29.323654426814315,15:45:50,-1
62894766.6980355,226.87283513500756,16:19:06,-1
59931296.637846425,326.89057239599225,15:53:32,-1
35470204.19000409,210.57820264848323,16:13:35,-1
41552770.02169161,280.8613139245942,15:37:02,-1
72112785.43992144,312.8728723767201,15:53:30,-1
30085157.68890662,286.6062997465563,16:17:36,-1
84098238.64089753,62.59854229427023,15:28:36,-1
69073326.30028927,182.6565563668725,16:14:00,-1
38700437.34766636,257.43442805151363,16:21:32,-1
81196026.60233268,267.7706623531853,16:23:32,-1
21394230.486635417,150.46021990606397,15:56:14,-1
57628114.27477095,333.6770584499713,16:11:53,-1
6580497.27960415,14.261878697145589,15:46:21,-1
40715254.48134992,155.42693167385252,15:49:48,-1
56052725.08404282,205.97957023865305,15:37:13,-1
30692956.30354534,223.4914638821787,15:42:31,-1
37190660.98345668,315.21703793631104,15:30:18,-1
43186784.46827486,8.069330170726904,15:39:38,-1
58774100.11505886,43.67737205438519,16:19:31,-1
24968839.174967226,342.8048580117039,15:40:17,-1
62273386.37183902,207.46414354718124,16:05:10,-1
84347199.23854983,55.52699368027116,15:53:54,-1
52316999.4835476,13.871497719859631,15:31:50,-1
54296462.1974013,208.84755205468383,15:58:10,-1
1308182.947517756,202.576681985787,15:55:34,-1
22447928.29631914,335.1015923332318,15:27:41,-1
66455579.45569592,128.44687544156514,15:26:03,-1
71169535.78601672,25.576081345957697,15:54:52,-1
75459579.3017399,158.12978994040913,15:29:39,-1
83893875.87627694,258.2617626929546,15:56:19,-1
37760221.84804138,319.5212515458366,15:42:17,-1
11564853.989177164,83.97912346066794,16:24:51,-1
74991579.96679966,86.91583268048485,16:10:59,-1
26502484.106720936,255.2107919538168,15:46:08,-1
38452895.59213397,253.14129246065733,16:16:56,-1
11427117.243057536,98.68661124187976,16:06:48,-1
58070589.00568389,229.5569749247853,16:18:33,-1
14821177.767739575,280.32777767247694,16:07:16,-1
28610991.22725061,36.58326973443296,15:30:05,-1
15465420.221172633,130.20338850386963,16:00:47,-1
22045121.5060188,108.12023474249456,15:29:23,-1
62250309.49827837,118.76241690826733,15:37:25,-1
30740647.632721327,21.359953026891205,16:01:02,-1
27833513.07993566,335.3139548884665,16:20:45,-1
68006758.17253628,121.98051191713604,15:38:32,-1
24218662.569940027,121.96726043514964,16:15:49,-1
17570050.11549884,108.5653272362949,15:32:47,-1
7232487.034354851,49.44469103220284,16:12:19,-1
36388707.96140122,158.18795806153258,15:40:26,-1
47999363.07710071,42.00373132433288,15:48:37,-1
38397493.02687941,327.91893105620704,15:52:43,-1
63930261.71897734,146.74234297612264,15:43:42,-1
28765614.28582906,150.37366094270115,15:41:27,-1
14344903.630776793,210.91020766892265,15:56:35,-1
3913246.052302244,128.0159739528556,15:28:01,-1
22408262.94899705,197.3036120079637,15:53:24,-1
2005938.7467205548,307.4376709256681,15:34:41,-1
68355727.3961021,320.149105887272,15:48:46,-1
24504035.50476746,310.3186551702539,15:56:18,-1
6741144.811078888,330.29454556173704,15:53:28,-1
72994160.07141261,144.40268979197867,16:22:31,-1
54418385.50553972,7.397542442483269,15:53:52,-1
36850825.17769639,133.0621602150566,15:48:13,-1
12423691.21743789,101.31142560856776,16:25:03,-1
2181612.553916778,52.366400821702,16:11:31,-1
4949281.780897022,107.26045377198636,16:24:37,-1
62731189.36542301,70.75474632966332,15:50:46,-1
29407007.405491963,245.62701992869344,15:32:56,-1
87412919.90986171,127.7041254914604,15:54:14,-1
8505318.241878748,270.05695532549333,16:23:10,-1
35635620.92217488,130.67903009673557,15:50:00,-1
6323489.171794212,152.39082475180973,15:30:27,-1
38513222.78358868,104.14686183547995,16:03:04,-1
19926886.2297096,234.7954412814628,16:07:08,-1
39246081.37910021,106.97852980371502,15:49:41,-1
35601380.22071363,247.8203006680717,15:58:54,-1
9225771.679929877,103.18232350853894,15:58:25,-1
50127006.37847908,267.0763572770581,16:08:02,-1
46383263.630175374,284.2591666642071,15:50:26,-1
17095301.32510863,299.6940985938356,15:47:10,-1
85166945.94856854,145.21151275961267,15:52:06,-1
35031367.33176233,228.42093675028545,16:00:16,-1
37972094.724945165,176.63165378091145,15:48:17,-1
68863046.92063728,279.46167102404814,16:23:28,-1
78627733.41047251,221.65337095425537,15:38:09,-1
40973159.06581349,299.51500911042496,16:06:15,-1
63229485.34480719,307.1962155961079,15:41:01,-1
61370298.84902384,74.04214557087701,16:22:17,-1
42976144.730976045,210.06081882824668,16:25:27,-1
13765136.248046547,119.94991983929287,16:13:24,-1
54665944.506351165,39.644546559912456,15:48:21,-1
29619999.670601588,220.4801070298109,16:08:00,-1
40250570.707218856,359.97006687077294,15:55:18,-1
25741542.53917492,122.0615092062314,15:57:04,-1
17698937.647946198,248.43761792149235,16:20:19,-1
8485215.42201123,17.25829542297719,15:48:31,-1
60819758.40893374,231.7630763906542,16:15:56,-1
53333401.56566213,328.3735336005079,16:13:30,-1
41815362.89077766,326.56081182775125,16:06:25,-1
31686480.04476305,148.56926061409203,15:26:56,-1
27102415.21013327,274.98461656317465,15:27:30,-1
76763180.96174625,337.9826370348337,16:22:37,-1
47890230.70588022,127.1274210358715,16:20:31,-1
13296541.693672216,80.09454396014186,16:15:06,-1
39338738.19585474,232.49506882509533,15:46:03,-1
19498152.3171881,297.8130251875152,15:54:41,-1
30081306.865515463,280.32625949997566,15:26:28,-1
1131038.3305989432,123.67294751583644,15:29:25,-1
4810233.770702095,339.5109713282253,16:00:30,-1
55210043.40344153,103.46180555154872,15:55:56,-1
75203183.91316326,36.983394776950846,15:34:36,-1
43675173.34144328,285.24906325295166,15:28:40,-1
83356131.3801838,170.27730314306115,16:25:21,-1
16997520.36536988,297.8871063559199,16:14:56,-1
14625756.904877186,344.9096433938826,16:01:31,-1
42249866.73090234,104.42697627668645,16:06:16,-1
18450944.42448172,240.90577162750236,15:56:42,-1
24364923.26642549,302.8339817976701,16:19:13,-1
2694238.3242187933,69.7717710617451,15:26:42,-1
41100287.39865696,159.42652615968612,15:41:37,-1
70862644.46630245,11.920934476436106,15:50:02,-1
47543087.80775276,181.5202917198189,15:30:54,-1
81542157.53822751,86.20374500485211,16:12:30,-1
18139423.020877484,17.598409629967247,16:20:38,-1
790080.8942676435,59.22098504159744,16:13:33,-1
65271003.60147567,275.44812401128166,15:29:58,-1
190678.01457204108,356.23108635433346,16:09:14,-1
22154795.1788438,64.48973053198748,15:49:05,-1
50042289.66364238,109.27921391825164,16:25:27,-1
71691712.59979936,53.10583727418688,16:20:13,-1
4382532.560656904,312.4226968023389,16:10:10,-1
24556477.99056862,224.26312066553493,16:21:14,-1
21762694.613010064,8.71611910446152,15:45:36,-1
15396730.38599074,350.9531536902253,15:56:56,-1
11798178.213818751,47.404119282277534,15:54:39,-1
12803454.56457237,333.1126595710152,16:12:33,-1
25683394.142856646,299.09267436699105,15:53:40,-1
11508686.396983288,339.4659194598145,15:38:38,-1
19711403.605269257,59.165706892937095,15:56:30,-1
13810469.347126598,339.82304646924763,15:29:42,-1
64767397.367624536,117.48293812188008,15:52:21,-1
3858108.732965089,10.250377044274328,16:00:37,-1
39985375.65308558,228.89883480984253,15:56:20,-1
43723828.6003544,233.1841723366958,16:07:49,-1
27525274.449211422,175.21103822337346,15:42:43,-1
37576360.37206989,274.6058669253066,15:49:33,-1
62028811.203374416,157.86625458100085,15:30:04,-1
64569422.6084586,169.11797758968424,15:48:32,-1
17208070.360357415,7.01697811069196,15:40:08,-1
22145919.1435983,358.8003055254689,16:17:24,-1
7915536.742855822,213.7827751711196,15:34:51,-1
82710664.6576556,150.167121332836,15:57:23,-1
89556114.6556233,198.16289802452857,15:35:39,-1
34463216.93453324,176.57699060791433,16:01:43,-1
67212658.53085013,116.89236257946868,16:21:11,-1
38477224.72201477,105.94588393899788,15:35:01,-1
41270324.431082,0.1381865761732958,15:39:06,-1
12297491.63158035,78.37120639579513,15:39:56,-1
26355116.82677222,136.07861592546226,15:58:09,-1
66108631.39428194,71.50967180585091,15:36:37,-1
38978119.05893151,0.9626123617253944,15:37:54,-1
41759104.68419366,52.70039938257174,16:15:08,-1
60482432.98480352,298.4810082145874,15:33:56,-1
65042231.994579874,232.6833880193612,15:31:34,-1
66996882.93671086,312.60844931248977,16:18:00,-1
29787439.63421992,240.63814680712824,16:22:16,-1
84407274.00343014,281.6689893658993,16:00:07,-1
46898734.47637803,292.6324007377028,15:48:24,-1
46805034.95829451,208.90961114274089,16:11:25,-1
13875156.87779488,168.67484917857615,16:25:20,-1
7491210.431647156,13.90687628171932,15:50:27,-1
20407059.188650835,24.9195344903532,15:29:58,-1
62283371.536449306,168.36835677597193,15:47:57,-1
6618777.221655466,296.7993147909911,15:57:19,-1
42561142.51741453,52.62192065367858,15:29:23,-1
39555026.59798165,249.6682493019546,16:19:17,-1
36947974.40962696,330.056045164485,16:13:48,-1
69685137.95741947,331.64720909960226,15:45:48,-1
85466311.33934541,291.7871538483279,16:19:01,-1
64988330.38171959,12.130963029124455,15:53:39,-1
71636411.01874395,220.3280781213176,15:42:36,-1
45882312.92842051,321.8523078848097,15:59:02,-1
24456379.658602387,245.628264711007,16:21:38,-1
81152333.23410441,50.676831041752585,16:14:53,-1
41680110.36078706,180.80023782401216,16:15:37,-1
69826469.65267225,153.2053631705056,15:39:56,-1
17627023.349715065,258.1081296185608,15:30:18,-1
79077060.4590525,214.68714800520604,16:17:58,-1
18422046.901801266,335.5147728221975,16:13:16,-1
49639018.16312387,21.79991036418876,15:35:02,-1
70458435.06166646,303.54463128531285,15:46:53,-1
29879775.980496906,146.15446699507845,15:31:23,-1
66136489.74658557,64.93306464026386,16:00:07,-1
15447966.56404773,91.54704931400173,15:38:43,-1
83337467.1026176,10.619636998993895,15:48:16,-1
71346265.46507832,93.19553907402108,15:50:16,-1
73046641.54662846,52.57161742073474,15:30:27,-1
37349277.5879214,335.9521607135389,15:33:44,-1
52529091.46173365,137.87610002361484,15:37:47,-1
61236758.54457982,230.70627573663467,16:18:11,-1
59821567.85824274,236.27989550402603,15:29:51,-1
86193960.58717062,315.70664490261026,16:01:05,-1
17424425.692165434,266.58909942662626,15:47:46,-1
86998416.66465423,236.96650287136032,15:45:36,-1
13924145.540153312,117.5078994044473,16:05:40,-1
58547721.931962535,82.8007162276015,15:29:52,-1
20638661.668889847,104.78052371690522,15:42:50,-1
68965440.29883549,263.01817957758044,16:13:02,-1
48582540.0318108,179.7723704036477,15:56:54,-1
59784467.62759673,273.64221509336966,15:36:54,-1
50911313.0437592,204.4638356864854,15:45:29,-1
37581389.51990768,14.610639371797456,15:27:43,-1
15575396.593025168,318.14771393965106,16:13:07,-1
37393762.01073868,186.41810689246944,15:40:17,-1
42183021.9059125,216.2568723817712,16:07:19,-1
2641841.585104163,65.22818583098055,16:12:25,-1
59295361.909627415,255.74404148706515,15:36:39,-1
19539345.788917206,245.4158623209578,15:44:40,-1
51020313.45931115,312.96589981198593,16:02:33,-1
9043241.031049864,167.71314741438204,16:05:29,-1
75118832.91609564,207.22718578374315,16:18:48,-1
68945527.8852458,73.03724835673353,15:59:17,-1
72939323.98541114,125.24647422824752,16:19:18,-1
37443015.7751971,65.42766875012472,15:44:14,-1
22170506.8546102,256.262088055726,15:48:39,-1
7900602.2292329855,318.40319744764616,16:16:01,-1
27160955.862534,1.826990648125384,15:40:10,-1
4372742.579444304,220.2942701144528,15:54:26,-1
77915209.03355867,29.038532727787228,16:07:43,-1
59243635.97950317,104.06289579612243,16:02:47,-1
13972298.660116443,191.3260131045581,16:12:35,-1
6039296.198793656,87.43808435793208,16:08:21,-1
51626656.662597455,166.99262339252667,15:49:36,-1
64845425.21180995,62.0734671881591,15:37:15,-1
6037343.79481209,7.491187728672921,15:41:54,-1
51800052.91879712,209.9266108793068,15:35:54,-1
2586644.689281046,166.4487002359276,16:14:50,-1
11396974.475931376,206.53299150596268,16:11:59,-1
13261135.25738724,257.84385607397013,16:24:18,-1
81765443.99949962,286.2459935859335,15:50:21,-1
68387538.88774048,75.17377982568892,16:24:28,-1
80179788.73348227,84.68858850921924,16:06:14,-1
63338864.83734581,134.6352983630492,15:39:10,-1
70845464.95349564,210.51906408670496,15:31:06,-1
79481273.75797366,259.19795954698526,15:46:10,-1
67747827.76246192,209.66289788887173,15:35:50,-1
26337710.11225825,90.06829176438205,16:02:11,-1
8157091.879995116,107.18680825639534,15:56:42,-1
54058306.0524443,25.4581977266881,15:51:18,-1
55892872.23861726,180.41698713397457,15:53:10,-1
56238854.74711442,242.33451305291968,16:24:58,-1
16232345.94151785,85.19209557229144,15:40:38,-1
79732764.96996556,252.6337524971673,15:53:58,-1
61830107.76674691,322.36404060996927,15:38:09,-1
52745856.59174416,259.571239047318,16:04:01,-1
84821920.60839981,325.44947948964625,15:27:38,-1
80309734.85602301,286.8451489779979,16:21:15,-1
78369724.37669823,152.68398889785098,15:53:41,-1
78045710.53852457,6.955593920323562,16:21:50,-1
30625518.718689457,14.164981527828,15:59:55,-1
4294883.822561914,250.72208949520223,16:16:31,-1
13503122.247514492,168.51277196818546,16:00:24,-1
37691687.6771764,290.0632026703028,16:22:22,-1
5511957.635716142,165.61295054075185,15:56:50,-1
54574408.539956935,1.7486160973063924,15:43:35,-1
15726649.221883092,314.6112930534999,15:44:24,-1
15474401.380580325,237.50193363311567,15:42:37,-1
79623671.09467347,116.27113233404836,15:37:53,-1
32327627.851184685,234.7713640279976,15:53:59,-1
26821495.306027506,292.8166778944849,16:17:57,-1
21831734.473009136,194.3720970344552,16:07:13,-1
87273133.89324987,285.2315115220844,15:27:08,-1
73336081.32929376,245.0023895107478,15:50:33,-1
29970148.819989245,82.54990564002337,15:44:58,-1
88781675.49664745,22.08516234944097,15:48:44,-1
83734461.58045466,76.07848928274676,15:51:44,-1
13562935.36573754,197.2978032318356,15:52:09,-1
40052034.14341524,342.564342357564,15:46:08,-1
12095833.28640477,324.528053748332,15:34:10,-1
74228932.10400578,10.541451422248452,16:00:33,-1
6077391.895216857,0.5742581023615667,16:07:59,-1
19990213.95815918,251.8126842963832,15:45:22,-1
52989387.71791238,116.61065223716376,15:54:15,-1
89499396.21597604,58.87710999900297,15:46:09,-1
22597136.41490696,109.83496294246407,15:52:22,-1
7295089.233635212,187.4184205185816,16:22:15,-1
41010341.844590575,267.1257072101047,15:25:50,-1
70551148.82926236,305.7031089701812,15:51:52,-1
72357177.17671083,44.09459049079468,16:22:59,-1
6332179.179556169,235.6526037780605,15:29:44,-1
19163670.38895949,355.12912369539373,15:35:12,-1
26781576.70717711,348.10380068388946,16:09:12,-1
87414964.24217282,81.65598235610555,15:41:45,-1
10769628.83497884,309.10521895813395,15:51:44,-1
12958058.817799184,88.09477527632967,16:12:55,-1
7054668.595297675,303.58652157193416,16:18:28,-1
86995736.55408444,250.5818755764482,16:10:28,-1
41338553.321485646,323.2515252110892,15:30:58,-1
49086675.21733532,25.796105677482736,15:35:57,-1
88608230.92236114,43.83992659355527,15:43:55,-1
29547845.77213765,342.2514071707643,16:19:57,-1
59923530.538741216,46.7187818435152,16:10:38,-1
51886502.0685906,172.94893804567303,16:23:17,-1
21798732.195287213,281.1015683929459,15:54:20,-1
6147655.9868906485,81.6374976900192,15:43:02,-1
75385193.68195477,8.74234947939514,15:43:01,-1
47982982.04842667,264.9458333246592,15:59:58,-1
45494000.03869359,97.2127079235878,16:01:03,-1
79778115.74917626,65.84857230023346,15:38:21,-1
42438129.53942041,324.03464388882344,15:48:50,-1
64016630.450469926,100.22378217339757,16:24:58,-1
39586702.36520639,347.5478317787108,16:07:30,-1
47424098.61787592,163.4049007339971,15:30:08,-1
42900351.53159348,202.767503562224,15:55:27,-1
75842597.57787059,299.4228065965097,16:18:09,-1
1317639.865575064,209.54092990544268,16:21:51,-1
69182733.31662202,52.67815992636601,16:18:06,-1
50526124.22264731,203.78857050917537,16:00:28,-1
43926344.00534709,175.9191774748441,16:09:20,-1
51536955.94504153,326.96097395078414,15:40:50,-1
63525071.69731293,357.7159429067955,16:08:18,-1
27168101.17862621,248.0748498798521,15:55:44,-1
52638143.4130085,344.066485822717,16:05:33,-1
53478966.34956012,117.62064323105666,15:29:14,-1
22305611.218635023,93.53597607466966,15:57:53,-1
45836944.10441432,193.92122677191887,16:08:39,-1
21538632.15475422,168.86807350940666,16:05:07,-1
85420072.51018527,318.7104330068171,16:20:51,-1
36485849.91714642,358.72116861834104,16:16:34,-1
77101685.98472391,3.2050999914166,15:35:27,-1
81160022.14619705,257.2362005060495,15:26:02,-1
56441749.96255278,271.6754597272651,15:52:34,-1
34802738.68123398,123.60091040190596,15:49:48,-1
64093274.202430405,165.9986934680935,15:58:49,-1
38361974.733556114,307.5140876881971,16:16:52,-1
28638619.60105251,136.3216982757702,15:39:16,-1
86802193.15009534,19.70969374808324,15:46:20,-1
14309949.18785092,6.614728275470814,16:04:32,-1
33020054.82317167,295.3372471632596,15:55:14,-1
9974641.588113053,14.950727789489171,15:49:41,-1
66157773.69308568,154.48230462004028,16:24:47,-1
15829969.161019843,15.180970706876886,16:00:45,-1
65336785.91775168,231.2306571318597,15:55:54,-1
50200171.77468971,33.28844404164027,15:51:53,-1
31306158.562189195,75.75409153315394,15:35:19,-1
15229075.36727725,74.34079745697666,16:06:39,-1
21246258.795322247,7.0015685003859485,16:03:39,-1
63744999.67282421,16.545973843328376,15:46:53,-1
67172598.12088147,242.2794766555145,16:14:38,-1
39963626.49185167,159.57719211993134,16:15:03,-1
28597560.909227904,119.87356412184016,16:04:20,-1
34236904.91868072,124.48521712487262,15:38:26,-1
84863494.32678154,170.14722143374354,16:08:00,-1
52162329.16581887,276.4224117779656,15:47:58,-1
61394866.70397364,21.18128986544348,15:56:39,-1
64079949.74776543,74.86128703908037,16:18:11,-1
76400908.89179003,77.25424102252681,16:07:41,-1
45457990.1107418,336.51811148742274,15:47:28,-1
3645727.671913393,305.09648267203,16:13:08,-1
74441969.60485183,124.40824814435554,15:39:36,-1
56311358.11076844,104.3851914630802,16:00:36,-1
15571586.652536009,121.07382297500652,16:22:59,-1
77279865.94562759,326.19960702587144,15:27:44,-1
9106716.465603027,235.7126290450978,15:45:28,-1
66072467.84151166,99.0352705344334,16:11:23,-1
6595742.0465967,182.23173027968065,15:37:53,-1
59484572.10548984,321.6986727985156,15:41:23,-1
36453385.32176291,99.7263894451961,16:05:00,-1
24890672.89258264,18.85035973129806,15:37:21,-1
39555930.782708295,298.1335227641871,15:27:20,-1
72397821.440373,185.8113689329136,16:15:59,-1
30828906.39099695,232.16492090191556,15:56:11,-1
21668213.312867858,21.51473853616556,16:23:52,-1
29844260.45222738,334.88446046215444,15:40:06,-1
72086627.7630784,260.52787571435306,15:36:13,-1
59157499.48018336,347.3671647796178,16:14:44,-1
79025141.98671204,151.19033364196113,16:12:39,-1
25007916.201423936,172.98021931170308,15:50:53,-1
34026763.91823069,342.042529679156,15:38:42,-1
5629898.335279943,177.4922903262824,15:54:18,-1
70156862.02418542,276.072494600509,15:25:54,-1
8581065.836363016,39.65675797130629,16:13:29,-1
82116779.5928545,123.6570876726777,16:11:09,-1
49107559.82823791,170.50559854607943,15:37:34,-1
2909837.589937997,359.4520253259015,15:38:55,-1
80853662.80319089,142.28926976122483,15:54:15,-1
61342977.86949773,36.59687290549355,15:57:40,-1
79906960.29567128,279.48258075973285,16:16:01,-1
5553602.633022403,178.6788883299082,16:05:46,-1
82772545.90337409,304.69188245874267,15:32:01,-1
88506302.46544763,143.43601470987744,15:27:49,-1
28811864.563242853,267.8793717068082,15:53:55,-1
79211780.30546023,59.965045510386496,15:41:34,-1
71683418.83570254,43.82884061476495,16:12:16,-1
37890232.6795442,36.65741388553391,15:27:30,-1
30231950.487689696,239.20910900491668,15:37:00,-1
76285787.8307934,7.806418689353567,16:17:51,-1
67986952.94779822,195.8471534716694,16:15:25,-1
2127147.2298480915,78.48044524979414,15:45:28,-1
87504267.07038793,21.01820127617197,16:08:15,-1
46531831.41392273,297.9540737206979,16:15:46,-1
29394325.10040609,301.777911617296,15:37:48,-1
23734858.07008237,275.7784472826572,16:02:31,-1
37961737.48098905,45.84065378189853,15:53:09,-1
53762860.26532183,87.51425645275617,15:53:46,-1
74252953.95834866,95.67960750285744,15:28:06,-1
82758788.42478512,320.6766384146877,15:53:48,-1
48585642.27203909,129.74193912554716,15:29:37,-1
51619884.29862273,148.2820283359111,16:16:21,-1
29958142.78635689,258.4492386645056,16:15:55,-1
68924640.68565388,41.9337196747359,15:56:40,-1
72462353.5551586,256.8986766652042,15:41:25,-1
19863824.252373952,310.4918925906525,15:50:57,-1
6305458.898674229,202.7186217996566,15:37:27,-1
16111860.860984446,311.2047695026259,16:24:27,-1
67451228.21660587,4.021405539270928,15:38:49,-1
88732653.07272823,289.57248976930083,16:03:19,-1
12561233.53321813,87.60673144414548,15:59:00,-1
81957151.60107945,86.64070367079908,16:02:04,-1
51119957.00325767,174.86234797881482,15:55:38,-1
10401080.26939432,32.051583585545266,16:20:15,-1
80141752.8695529,317.54509787346024,16:16:23,-1
60469057.89611702,148.14079786627175,15:49:03,-1
85529828.17571314,90.93075425858744,16:09:59,-1
67740396.82814965,157.47030033854367,15:36:56,-1
31023116.56221592,306.7049022633714,15:31:40,-1
9818990.25669266,200.666154432213,16:21:38,-1
10710773.90654525,188.8266592379225,15:55:22,-1
31312013.748448838,0.9221201027185356,16:24:05,-1
54572855.31426457,253.92607216323208,15:43:11,-1
85545806.32058643,65.54946958082982,16:12:23,-1
76448824.59371914,96.96455278515704,15:50:30,-1
25769443.59220168,2.684666577486285,15:46:39,-1
57003576.557958856,355.63615740070645,16:14:27,-1
89242888.0554047,209.7426577325131,16:15:28,-1
62054898.80658814,82.07925395424846,16:22:06,-1
19116772.22767652,104.04459987110096,16:03:50,-1
7895810.155625534,168.38864516347056,16:08:17,-1
52382692.35493199,138.88438397860514,15:30:43,-1
89680755.93291847,39.545019126398856,15:27:32,-1
10812765.946024854,115.7292350479155,15:37:29,-1
28123138.13426156,66.64823358178549,15:43:26,-1
79858606.13325877,296.9177013481748,16:13:41,-1
24577579.59694329,246.6421954471184,16:06:53,-1
33573964.90186401,235.2120274840925,15:50:08,-1
47981181.59735089,56.3643670814318,15:29:25,-1
59069200.74657236,145.1820483823166,16:01:46,-1
48741652.6267234,213.7414487420503,16:03:23,-1
83132723.29250427,218.819424514737,16:03:41,-1
74371663.41308828,187.94960662686407,15:41:52,-1
40684395.9829058,316.460760704264,15:50:13,-1
74987462.4610894,72.60957834758447,16:03:37,-1
78746703.8464181,219.2308617385748,16:17:34,-1
41967680.309778064,70.73912430643378,15:47:32,-1
41334706.615806416,49.44318088798652,15:48:40,-1
22782949.129214745,130.56337571606437,15:59:10,-1
11218734.104613712,212.285533357358,15:42:26,-1
73136084.57671191,220.8986079845784,15:40:59,-1
9276779.510377942,85.37977287753984,15:39:47,-1
82666796.69231829,9.985759636193414,15:34:30,-1
35507645.42556378,107.48427570698205,15:47:23,-1
14812320.353544043,336.14983885502016,16:01:04,-1
46680011.11458778,16.754484422830057,15:58:44,-1
35685627.55418145,60.81144033601299,15:41:59,-1
14061477.170617722,59.21455338357284,15:51:05,-1
31195696.86041026,28.67208108198763,15:50:25,-1
61956819.29327444,10.488397488011309,15:29:22,-1
54309255.90829855,177.77270275023648,15:44:22,-1
30252766.56499879,297.0731160910101,15:56:16,-1
82815702.83564338,261.95388736230024,16:24:41,-1
74460122.14380687,329.8201248310861,15:49:21,-1
20131401.084239624,103.80227500291817,15:50:44,-1
8004006.05862143,119.29081884669095,15:56:31,-1
65664541.771831416,313.12292418875364,15:30:10,-1
26508716.420541923,68.62227408870281,15:38:46,-1
48856517.52424981,323.1388993733664,16:24:30,-1
22195054.77360988,298.1378586951339,15:54:20,-1
61399932.06860364,47.86819052330134,15:38:31,-1
38421045.08101225,144.17308821737674,15:48:40,-1
59379112.60716873,164.6090826949587,15:58:50,-1
77351408.29351358,337.4039090394804,15:58:41,-1
35502420.12603209,64.73435338978626,16:18:40,-1
56972564.534257054,135.53090494309305,15:37:02,-1
74236498.22727357,227.61956738186583,15:30:16,-1
748609.1960926002,178.17358384638862,16:14:03,-1
6229440.889195703,210.5373437802284,15:37:11,-1
11127717.055087844,175.9617849677858,16:10:38,-1
26348022.03075997,258.9947673508901,15:52:27,-1
77038188.0604785,207.65106367425616,16:18:51,-1
73094209.51586843,204.96533333262315,16:06:19,-1
47265294.2394252,169.00903244377733,16:16:14,-1
18122411.02431814,209.30174205064148,16:03:16,-1
28368917.390914623,89.87415184693216,16:02:40,-1
74379487.77974528,132.06954451785572,15:38:44,-1
64116173.70784449,88.02429413974448,16:15:53,-1
89204136.12436843,357.72543482208255,16:04:15,-1
26435618.82139337,274.25448415287843,15:57:07,-1
49455645.58418104,269.43642951736166,15:50:32,-1
55994986.9573956,188.48569797054432,16:12:06,-1
23318005.824573148,2.690297324829234,16:02:43,-1
76248154.12803161,248.71208061356617,16:05:12,-1
68744937.53462672,205.13765167579865,15:56:08,-1
4583023.092092612,242.53954381953125,16:10:58,-1
87475601.8824485,115.952237164604,15:56:53,-1
54375045.77326485,45.95548126490195,15:33:30,-1
86368751.07783048,267.4035797729306,15:43:15,-1
5092107.791070139,145.3742675088991,15:57:22,-1
36198901.5198987,44.29816867517055,15:37:49,-1
83996986.21612254,43.95414180689685,15:39:39,-1
52789217.05536939,173.07397154165108,15:40:54,-1
17516048.26160576,33.25920163812781,16:09:33,-1
28970778.638046414,122.96584746002988,15:42:54,-1
52512487.43391857,301.0230779999784,15:50:25,-1
68593930.90011396,10.69431925800071,16:09:00,-1
30921798.27856625,320.2592728325682,15:54:39,-1
26127499.57646397,124.20433702508154,16:22:42,-1
87325070.34425579,196.7914856951485,16:02:37,-1
78081458.39699265,334.7089979453764,16:11:02,-1
80655971.20942023,14.354837310070309,15:58:02,-1
46243523.07957809,61.93181080204675,16:05:51,-1
69808697.69192538,283.58833087498294,15:59:15,-1
36778713.64375068,320.08799660030326,16:20:39,-1
1879516.8645190864,324.65372850436813,15:59:52,-1
76349261.19181879,320.1022616838485,16:05:37,-1
12645342.973655976,11.586686694601145,15:25:40,-1
38790616.98390706,277.3882019373428,16:03:03,-1
63495659.548285246,334.12777070341406,15:49:50,-1
35409538.71284678,346.38523553797285,15:49:42,-1
79190165.60596663,339.7087947602749,15:38:24,-1
79438597.40061074,47.70625126120494,15:38:15,-1
57737794.94093426,61.21591301786954,15:48:44,-1
11836896.263577918,0.2381603104536322,16:15:42,-1
50756513.21455965,192.3746096622592,15:35:17,-1
54127684.71154045,39.573204262585705,16:10:32,-1
75887532.3308408,201.82145279235408,15:30:51,-1
28699131.50463225,240.0126495947461,15:51:06,-1
62892269.66197082,350.99784179514046,15:30:31,-1
28326250.17123072,237.37353346672452,16:24:03,-1
20782786.489383586,116.98782663420349,16:10:14,-1
70018747.87499504,141.6284937101169,15:52:47,-1
59442483.276817486,206.63860593835852,16:03:25,-1
85721114.19182394,97.50088680175072,16:03:39,-1
13970984.40734054,99.63633755203,15:33:52,-1
48634200.81466656,85.54623964735971,16:08:10,-1
37034851.47488932,219.70706861321747,15:53:02,-1
17433712.571760193,54.48022083849976,15:38:17,-1
64054164.14394179,138.55862611267503,16:08:39,-1
47170340.04682487,282.70344710459534,16:14:18,-1
67351190.10333003,66.92166313959848,16:01:22,-1
7552921.915087338,355.9998624836239,15:30:39,-1
54980254.27692131,112.27151613883944,15:42:04,-1
31754097.40532109,124.01420737144409,15:41:26,-1
27830495.213403355,134.59485616030375,15:30:00,-1
46447488.190842345,260.0865296146588,16:11:02,-1
37438333.243974864,238.3370801937144,15:55:12,-1
81537833.87417203,139.8835111401993,16:18:20,-1
82349302.78585461,134.1868530068313,15:33:04,-1
23865548.048001397,134.03368171495762,15:32:59,-1
39476489.67350079,297.8404541581979,16:21:58,-1
52370860.90093207,59.44092350394535,15:48:11,-1
50284022.10154005,353.5584707307951,16:17:20,-1
66467268.11541282,352.15092428464163,15:37:41,-1
61956847.3682757,73.50616837054133,16:24:35,-1
62279817.27504345,46.8338168039694,16:11:39,-1
32394781.222067557,74.57661425614158,16:20:18,-1
85341207.19508551,144.1945797461076,16:10:10,-1
2313990.7725243806,163.0560314620665,15:46:39,-1
37841555.28719577,4.801249015692464,15:50:21,-1
78835645.98049125,344.4812472593253,15:30:03,-1
86683534.07823925,330.6199136379218,15:34:49,-1
36740860.225528605,288.40511022008087,15:59:23,-1
63415132.0617829,352.7621293452862,16:22:43,-1
72416233.2979728,93.6835267311244,16:23:56,-1
25873975.375386067,152.29040556793947,16:21:18,-1
35794321.44801938,331.687451405257,15:43:13,-1
74452061.15882424,58.34012088893021,16:18:19,-1
54718535.5748696,141.29655690117417,16:23:36,-1
82345400.10229942,234.39370082688117,16:22:40,-1
46106596.909676686,281.14167663732314,15:39:11,-1
82731219.21285899,50.428841269609485,15:35:54,-1
7842259.206028898,199.9941827533912,16:23:09,-1
64721041.56888292,321.1749176400811,15:52:35,-1
88127182.84837808,196.67223416566648,16:08:03,-1
85042199.27439138,217.31981421096128,15:58:50,-1
47474980.13383755,285.17908373235895,15:43:14,-1
33723742.54685653,194.0754538841797,15:55:14,-1
45341495.50388222,313.5448436243499,16:22:51,-1
19526680.599113304,208.06106597207943,15:51:35,-1
73748845.53478132,121.45978467349975,15:41:23,-1
20748755.28076331,9.770415345505166,16:25:20,-1
62566667.4579412,331.51050688832373,15:41:01,-1
43606823.466502704,16.944263525323137,16:12:59,-1
47905234.39039366,23.39075609770109,15:37:20,-1
20780968.630678084,215.4217230575622,16:13:16,-1
23739922.19922446,53.55118062062648,15:36:30,-1
41525736.809208,278.13270024672494,16:25:28,-1
15818960.335948614,101.15948941390796,16:18:41,-1
4878701.011219532,182.61650326978508,15:47:21,-1
3326081.3498806846,257.969840328696,16:25:03,-1
51710928.10098978,278.5537243489678,15:59:26,-1
81068764.53561097,182.14007044686423,15:36:50,-1
18696170.33037848,97.27154298311018,16:16:46,-1
60232968.48185746,271.93667998289186,16:02:10,-1
31185730.52266883,206.41031570755587,16:02:59,-1
67788832.3358526,232.6634594520065,15:34:02,-1
11017990.964916484,28.624304162078754,16:24:29,-1
15286780.699167624,297.8405740831961,16:07:57,-1
15449972.282730477,135.793294331507,15:37:26,-1
2671579.7787679806,179.09180968344782,16:09:55,-1
19463590.33516729,266.3729652552421,16:25:27,-1
53349430.48945316,100.80021513652213,15:47:48,-1
65946005.56191908,307.84176936837696,16:01:05,-1
73200716.0199807,329.5659489140837,16:20:09,-1
50651420.557188906,59.77607222087951,15:49:12,-1
14755873.003676822,303.8902524419397,16:17:46,-1
81928389.6644372,102.94281565770812,15:31:18,-1
81185920.1922639,68.87155819942679,15:33:21,-1
27709476.30942105,199.97149162133317,15:47:08,-1
49803652.59728608,204.66113004333212,16:11:36,-1
72210945.20897326,200.1095216367323,15:54:40,-1
63290470.29558399,342.68030727332103,16:10:44,-1
31701992.039398886,269.3637181358388,16:15:00,-1
68654232.77859277,157.09177484691807,16:15:36,-1
39119889.72298833,112.74271932929388,16:08:34,-1
39021010.473657526,282.49916467339625,15:39:36,-1
80427906.91547582,34.62777879842838,16:18:07,-1
83385922.83824463,111.75660446415333,15:41:32,-1
27172904.07766269,27.55659724904465,16:16:10,-1
62502929.86338688,245.59138767444304,15:28:23,-1
12458700.703845505,100.23360120791322,15:46:52,-1
10901544.093482517,115.23638325529888,15:29:54,-1
77625260.92292726,162.56911891372135,16:24:32,-1
5809516.151791697,177.2266705303399,16:06:38,-1
75827308.44850984,220.05404280485797,15:57:40,-1
18106557.69616786,241.98484291960327,15:35:48,-1
63409248.35729628,100.90678265389884,16:22:56,-1
80902853.0152652,298.5366753930822,15:45:24,-1
18159188.864235826,226.7659666953329,15:54:22,-1
36968761.06106979,184.73286585686432,16:06:38,-1
30555562.86217264,34.443549835632965,15:29:57,-1
18518743.184849303,258.1667459783499,15:53:05,-1
12946291.08163047,147.8403225677253,16:16:31,-1
87516107.81548867,83.27736385741512,16:04:13,-1
16798265.802467898,81.96926311078963,15:38:41,-1
41119672.61044665,217.70405162260357,16:15:43,-1
34436210.064663514,318.7576234907389,16:15:27,-1
28682540.36642559,119.57998849590878,16:21:06,-1
7668373.574680875,342.7684428871208,16:19:44,-1
30798308.797528032,177.85650530807484,15:32:54,-1
48854968.73292621,282.9949162427976,15:56:39,-1
72973651.58305372,114.82802333689185,15:37:25,-1
86772371.17882386,215.29319500606888,16:19:32,-1
59926541.14566552,256.00113055251654,15:29:42,-1
58402494.394187,226.2284587850321,15:57:30,-1
74165166.96201603,264.8237925187461,16:13:22,-1
39458833.1735561,241.73304810105256,15:33:23,-1
69660702.52972871,44.51593155986623,15:36:12,-1
53351446.2502196,168.58173708813774,15:57:38,-1
36410074.65107479,272.7489408013392,15:41:17,-1
7749779.856835367,76.07419709683782,15:39:20,-1
22574538.57072733,3.343369967102552,15:34:54,-1
25610586.24544494,126.73663616671836,16:09:41,-1
88553921.92706662,269.6531769684434,16:08:03,-1
84490144.50275701,263.1743287868494,16:09:04,-1
76032930.98782775,303.5317135538117,15:36:27,-1
12433008.065285305,141.22158759498438,15:40:10,-1
41117657.098519824,99.30863118815807,15:59:51,-1
46123470.82555339,30.46129929753303,15:34:50,-1
48672062.91435782,43.65228436188644,15:39:39,-1
9109931.59495172,348.7553626940361,15:39:38,-1
52896864.366846144,162.2185124303268,16:02:44,-1
73863888.5118997,274.70190114590577,16:06:02,-1
82221744.13250895,82.73941180077836,15:34:46,-1
5022953.120616452,204.03009218395675,15:36:09,-1
40686537.98083081,138.6398349768663,15:57:22,-1
77637038.91578607,320.9949022795725,15:43:14,-1
63986953.12036383,226.6141824733003,15:46:21,-1
59330029.20064832,327.6963295532588,16:17:24,-1
61450495.045656905,241.46637087698417,15:57:57,-1
87611122.53055303,276.3086588440262,16:12:43,-1
3883265.928676413,167.4555175702503,16:23:38,-1
70586140.58316787,150.48405542738809,15:37:05,-1
43077055.1161266,157.85161004374547,15:45:58,-1
65999250.59134375,344.40541281906354,15:49:45,-1
48977806.59004405,198.8688375893368,15:39:04,-1
81643795.65991683,289.2828542420938,15:35:53,-1
84121686.737166,128.61306535602415,15:53:01,-1
42253505.40901043,344.9559942870713,15:39:31,-1
21367242.2061582,217.69869122274488,15:51:19,-1
71671933.82819788,21.534514661475704,15:44:36,-1
88336773.7221918,129.73209700851555,16:21:49,-1
10327838.523716005,345.3122358557628,15:56:53,-1
36053752.91231103,171.7662023612004,15:56:29,-1
35958638.66143281,175.89521031880938,15:46:55,-1
75306571.11111848,277.76772521753054,15:26:25,-1
68514025.73542401,309.01415344765326,15:32:47,-1
30853886.801209558,158.9356424670479,15:54:45,-1
66945289.37350497,257.6428703115748,15:44:36,-1
28950180.99073054,179.51269533594794,16:16:37,-1
12974010.217570648,81.14897728298558,15:38:14,-1
14677457.729727829,166.16868287040705,15:54:28,-1
69147732.84157789,40.15832797974765,15:37:16,-1
44341386.46478333,215.82203094185,16:21:44,-1
86397951.40282732,240.1110587188033,16:02:30,-1
70680455.09032103,342.4333379996839,15:45:19,-1
87941253.29359664,109.67030210794024,16:07:27,-1
10029913.518378006,68.47657823449073,15:45:19,-1
53034468.62307269,248.61554125790016,15:32:46,-1
63076970.111295104,240.71665172650867,16:18:02,-1
17454476.3446692,21.966055602158857,16:06:24,-1
62343704.95014145,154.5362939326838,15:47:02,-1
26889877.79475079,113.87555788498898,15:46:22,-1
75098827.94119456,320.8387757925312,16:19:09,-1
8285826.519521678,217.3655282779115,15:50:38,-1
24674760.49536097,48.39978906640794,16:20:16,-1
49520045.910158046,280.7414339317679,15:50:34,-1
45686280.93772389,29.11375418581088,15:46:16,-1
67942193.59593658,26.611138999785634,16:16:18,-1
30909037.612773933,36.23167702087291,15:52:11,-1
420280.97555010446,319.9755225864069,15:47:35,-1
32628186.28024049,125.60921879143083,15:39:12,-1
15930238.558619492,352.96006598430824,15:25:41,-1
41300477.834988736,26.026039667286256,15:34:58,-1
25249087.08644288,252.6863668395609,15:58:40,-1
80960041.0500682,51.72950706531769,15:29:30,-1
68591530.09499055,159.48300433463686,16:13:23,-1
58115125.16370521,342.66127988696815,15:43:04,-1
65976909.46575666,168.2469364791965,16:05:46,-1
9515273.107640356,51.6887452137474,15:31:38,-1
65648446.4013904,192.2870704672778,16:01:00,-1
77752874.45850055,49.642888543292976,15:51:56,-1
27405600.736098804,259.41979802609694,15:59:25,-1
86782779.95848978,103.1297897139508,15:59:02,-1
11185012.271456946,307.4596746251018,15:40:11,-1
7517157.468380663,280.9977564138516,16:22:17,-1
73070060.32247637,235.85752009835835,16:05:12,-1
31205825.55088804,147.03987842586682,15:43:23,-1
55729794.4847953,272.26838896957224,15:29:28,-1
6996409.497523519,75.75717651238872,16:04:24,-1
59779904.21385274,104.2290395245337,15:33:09,-1
27558626.44791056,165.48524662833051,15:28:37,-1
80731244.76589888,265.13225601300314,16:12:08,-1
79531383.76002663,333.92080359864553,15:48:25,-1
17880170.039297234,122.6378418772865,16:21:40,-1
66355505.35546095,97.00924862632591,16:07:29,-1
34058487.99897286,106.03078544344238,15:41:08,-1
45688694.313589305,285.67965459233324,16:12:28,-1
49473252.35864749,145.40754715239274,16:21:08,-1
10146229.622402526,138.91764816684724,16:16:27,-1
53381978.84628823,92.4666760196048,15:29:11,-1
71903665.95629862,60.579231233432864,16:18:31,-1
31308245.8551468,162.12024963220333,15:39:22,-1
75370024.46976097,63.275923335628974,15:35:49,-1
33936525.81996942,245.2457906936832,16:12:56,-1
79786013.99092457,270.40398646050505,16:15:42,-1
22154453.27791667,29.680407938502093,16:18:31,-1
9743407.730465932,284.10582682624187,16:14:21,-1
6172129.606716758,273.9389419833466,15:33:23,-1
8830420.762781657,27.44241630648757,15:43:42,-1
36851121.73761216,144.57459456422677,15:28:06,-1
88910130.2485791,28.55580853431576,15:51:50,-1
17430028.988817506,290.54884461556225,16:12:39,-1
42722913.22053971,101.91411726894938,16:04:40,-1
5407903.168194872,274.0814596042095,15:44:01,-1
13354025.041171562,187.1837789040616,15:29:08,-1
52690502.91628482,4.7849856816589,15:53:25,-1
75700551.5199773,121.5264867285849,16:15:34,-1
60660400.06267411,349.14354081059014,16:17:09,-1
14671572.235643806,242.68259525141104,15:31:40,-1
82573677.56155325,170.0740359885068,16:18:40,-1
37192462.42388963,345.6676778413209,15:29:07,-1
17473840.52458729,22.064074071883528,15:38:43,-1
74245889.62055294,344.4024053822636,15:50:57,-1
86799970.48371316,7.0310835236864655,16:18:21,-1
6654665.808872112,235.5988797687313,15:44:49,-1
70243889.29185642,177.80169927206384,16:22:47,-1
73906088.6084694,344.71098780380714,15:52:12,-1
62020382.528082855,226.05136005998548,16:15:44,-1
64204934.506760426,115.16643018464131,16:06:27,-1
7450217.688213674,298.9689319328364,15:34:23,-1
32027644.495866347,38.93601689880887,15:51:17,-1
48957551.76976418,227.70532869371507,15:37:02,-1
85830813.85798937,134.7166373448276,15:57:26,-1
76129872.26417817,188.08440588336632,15:42:15,-1
11610274.3789976,9.95230311286402,15:52:01,-1
37710709.46738122,275.20699486924826,15:25:42,-1
57687956.95849226,53.56087668375771,15:49:02,-1
27760597.47764961,306.1724077639062,15:32:10,-1
15889858.94432756,321.33396286684143,15:28:22,-1
11772007.092801938,86.30114126058805,16:08:39,-1
42116658.83556189,134.11484160519353,15:53:06,-1
21431504.851656277,259.1115152977809,16:04:02,-1
45385938.25360798,223.4258674403425,15:51:07,-1
67129990.07016091,9.622962412951978,16:14:44,-1
57724068.10953891,9.909233187820622,15:26:24,-1
48907772.79817288,253.029107357636,16:10:49,-1
11870373.936302967,185.53758412144467,15:26:53,-1
72224546.4909599,206.04111915445384,15:57:33,-1
83072350.44282192,283.2757835432211,15:37:51,-1
59464905.31050492,286.79340261734137,15:35:29,-1
4070600.269556772,109.17614488951128,15:53:24,-1
41622636.333745725,120.7456123470339,16:01:24,-1
40779257.03845765,134.96918601778142,16:12:06,-1
16521081.603756566,13.784613291004357,15:27:14,-1
20193030.713417728,44.35148313710771,15:53:39,-1
28758684.6965216,145.3313277587934,16:25:15,-1
61413168.5407601,174.12029642609147,15:44:07,-1
52000535.37658344,253.8075982556954,15:37:43,-1
57746717.831716426,125.95297453595578,15:43:50,-1
71062314.98353301,308.8141197792,16:08:22,-1
16055948.71664314,117.20202883808552,15:51:19,-1
21059491.25064948,185.80805440483712,15:57:41,-1
84377640.221607,59.20382873553707,15:35:39,-1
10552005.87374094,303.70188321920483,16:10:39,-1
46128624.06142903,81.56964897174231,15:31:34,-1
88385309.2079323,113.62068573488698,16:17:34,-1
53926389.153622106,139.9484271874871,15:36:25,-1
65336297.10755425,333.2688364882108,16:13:10,-1
53995272.733231686,29.15258538985876,15:31:32,-1
54763562.42336592,312.09296264003365,16:13:47,-1
75325234.31696074,210.9493470373992,16:07:23,-1
80647895.9604297,177.05177798694612,16:16:23,-1
82793324.61688006,125.21522378713682,16:10:57,-1
80613223.28429912,91.10385301836034,15:37:02,-1
18754051.51973089,166.08785710256126,15:30:32,-1
32322674.74911818,211.9028374024141,15:42:12,-1
43811182.571865566,279.03760061614247,15:53:04,-1
60730390.10858035,74.05355372652016,15:58:37,-1
50973804.450235,288.5748645808404,16:23:28,-1
34952815.338750504,279.5523971944472,15:47:37,-1
83864456.610362,256.0232966228359,16:13:31,-1
58789995.66893644,24.7520524021774,16:22:29,-1
74994619.42006902,121.12489640707804,15:35:30,-1
4601030.7528275605,51.03888577645525,15:29:24,-1
26968389.34871869,37.19970622518259,15:31:03,-1
65676416.70673877,279.8819149151064,15:46:57,-1
69735993.80741133,45.56293310388676,15:31:31,-1
35171115.3953959,1.8023340778096308,15:58:17,-1
28313792.580495797,231.81491021119135,16:00:14,-1
18791532.399367407,342.9190009751717,15:51:27,-1
19391752.130405344,59.772093547190806,15:35:40,-1
25337887.74261484,201.43413444072775,16:02:34,-1
17352564.42111089,280.426206752353,15:35:54,-1
63843675.20022931,227.42512419425373,16:01:06,-1
57805839.69113836,30.51788951135909,15:55:36,-1
68419630.29350367,326.79208346900293,15:41:04,-1
22897462.09335485,159.1318101922786,15:46:03,-1
32337191.8217648,25.74062951772643,15:57:42,-1
77922175.57187006,191.2775973989003,15:31:49,-1
5172873.116273684,1.3265514459437622,15:31:24,-1
44135322.45411716,294.8089472905876,15:30:36,-1
31108861.208497908,190.7255872452245,15:31:55,-1
53217925.41444328,332.4303238196406,15:28:10,-1
79991412.1178491,203.0861066455855,16:12:28,-1
82946964.02828969,215.99658952467965,16:13:32,-1
57101383.29069922,229.9235515455052,16:11:01,-1
44797625.96624677,355.43306202092424,15:40:50,-1
15994225.352406684,19.303206811745927,16:00:14,-1
18047618.63746196,98.5122297876749,16:08:12,-1
72920794.74418953,21.49286336723849,16:18:18,-1
42108424.71620127,101.8457183823491,15:34:20,-1
35836611.911493056,320.0939316523178,16:01:04,-1
59144764.027965486,170.23070700382488,15:27:22,-1
28817580.8884597,225.7637907509752,15:40:43,-1
38474979.78744725,163.07397378504925,16:10:55,-1
23950125.16365763,289.927879819991,15:26:14,-1
49553006.247537285,259.87824222081355,16:23:57,-1
59406371.72773529,74.08195358261982,15:48:11,-1
7248526.919178735,339.0736738680606,15:47:06,-1
20805978.967134356,180.98241998448424,16:16:07,-1
26300328.48732532,13.58118003481538,15:45:40,-1
32616195.34065572,169.10067772480858,15:41:15,-1
9335250.523779616,148.1285348534035,16:20:21,-1
50582447.86455607,193.3614241385819,15:53:58,-1
77102988.79064214,107.57062230064338,15:56:58,-1
33482304.41483885,148.55922013510033,16:11:35,-1
24558636.858848944,318.4741095911779,15:38:59,-1
13447473.43214124,166.79890616609964,16:02:42,-1
76073078.5283107,139.11360663417955,15:27:11,-1
39075971.98747222,25.69969400767906,16:18:42,-1
54036382.10147099,206.82808163337484,15:44:48,-1
45603999.7555473,226.8179817808932,15:58:40,-1
44654684.15219108,358.72909651309993,15:50:54,-1
55222151.8228943,212.7498427348175,16:07:31,-1
43080749.974262826,270.85366541862777,15:56:45,-1
70246807.81296903,233.5950693619436,15:50:08,-1
13147239.514835278,55.24055645900437,15:51:28,-1
43712431.74157056,235.666144723098,15:55:21,-1
32136910.6621941,359.4141816471331,15:52:51,-1
43002143.31521387,263.2340260777746,15:40:59,-1
83965751.84819351,97.39389537368386,15:53:29,-1
46312096.85740162,128.66643840266832,15:41:30,-1
39830460.45238676,260.46470391867547,15:52:21,-1
57228771.55891098,115.3550993782186,16:14:32,-1
75226762.90061948,232.48699179499624,15:55:59,-1
38922036.90186701,15.305972490654632,16:17:14,-1
82866595.80028959,210.3252756707587,16:11:08,-1
32493165.899013456,201.5898472413881,16:09:32,-1
3745889.177674268,222.53535761134324,15:50:30,-1
5647832.671069243,69.77904928250997,15:31:07,-1
15421184.217721997,344.14480620568247,15:45:13,-1
35135603.6535323,101.68006327346868,15:38:39,-1
81629682.64983042,296.1427789237202,16:07:16,-1
14144302.210758602,175.9641006519651,15:28:08,-1
81836394.06061208,158.19918284985988,16:11:11,-1
71248354.41447079,257.86727371993373,15:56:30,-1
31509357.05038672,187.7500299098792,15:52:47,-1
66128281.31794687,309.47636049964166,15:46:27,-1
82503817.3211839,26.73770681681194,15:35:36,-1
27533447.920133963,257.5666070239981,16:16:38,-1
75016875.12779331,341.525676120958,15:55:24,-1
47801946.08479643,57.79722570250319,15:33:50,-1
23139494.975251783,82.02314390006404,15:31:35,-1
56781478.51768604,92.86278079131732,15:43:40,-1
83433200.15635726,21.160784927291058,15:43:25,-1
68117559.98523569,228.47257062609836,16:21:41,-1
44056852.09263988,281.4545204232869,16:01:35,-1
37220922.63423762,229.87239099434743,16:09:27,-1
24433484.559493624,15.236697744622491,16:05:56,-1
25767505.40202608,129.96726878890456,16:00:53,-1
78518673.07152465,203.664223740173,15:48:21,-1
29080588.57947485,212.6762584338188,16:13:14,-1
61276713.01725756,222.8749611245705,15:28:07,-1
33090428.728918742,334.1654963868779,16:14:16,-1
37761177.6772112,21.348415113566126,16:20:40,-1
31352124.02247097,235.33392154089725,16:05:59,-1
52780672.75330823,49.10378780597324,16:25:00,-1
75365824.87247719,115.35540527679588,16:02:55,-1
49535379.67271329,106.16483101433796,15:36:53,-1
62830784.11593852,352.9671412041596,15:40:13,-1
54342566.962896496,92.8309477818902,16:05:02,-1
16441906.293090692,188.1473703432995,15:53:48,-1
80427986.16610895,63.5132663070972,16:18:05,-1
78460685.91304053,269.93616330041647,16:24:03,-1
89051144.77172822,246.06512952437575,16:02:27,-1
88718063.8300348,247.11060142039133,15:47:50,-1
66347799.93388298,108.06341161226092,15:50:32,-1
86036316.41410483,287.4089546203753,15:55:02,-1
50476611.31803633,350.10206356089714,16:20:57,-1
32658942.49014711,277.98346051038084,15:49:00,-1
53966264.29100308,174.61236372533892,16:17:57,-1
72480022.12264939,278.8299757729643,16:09:44,-1
81386228.9393292,59.81209130359008,15:29:51,-1
6975056.366658269,311.6011300225912,15:42:50,-1
78162053.6471112,208.52877412515625,16:01:10,-1
43468853.68364861,234.8879607990692,15:40:17,-1
62315235.3674648,27.84407384153896,16:11:57,-1
26260453.462613657,114.94010920810612,15:52:19,-1
61368530.35837886,107.77997602636252,15:59:25,-1
23126734.47033488,95.80780613013545,15:31:23,-1
31215463.47308884,268.41327490318514,15:34:23,-1
51324985.990273535,113.83689395785746,16:07:02,-1
69017494.50772351,6.779186011348131,16:20:08,-1
30578064.59198517,235.48696099775728,15:55:42,-1
15287188.47681254,93.06954202496011,16:24:44,-1
21101772.061163727,178.71272185968394,15:43:05,-1
79642196.69648671,6.196468141029645,15:37:25,-1
87536528.79853567,287.9272513854223,15:30:15,-1
6842454.639942201,341.47039353262505,15:31:08,-1
35196098.15895237,247.4571337972998,16:19:51,-1
54129527.7172749,279.98692550325416,16:15:05,-1
15673272.677591931,276.5384014378327,16:24:01,-1
10789298.928155778,188.1322361457087,16:01:49,-1
20396919.414279774,138.66945905001486,15:33:20,-1
9523107.562710725,284.0837574591342,15:51:46,-1
80261112.18654573,345.3307893968095,16:08:10,-1
79898495.36512807,313.0046192540967,15:36:26,-1
42857000.19710695,200.74921599475323,16:04:04,-1
27635838.53853645,32.01300414800211,16:20:46,-1
88848168.70319039,347.3367983998555,15:35:23,-1
75712296.23067431,89.53025762388638,15:37:33,-1
60608774.12612847,136.92172092689654,16:02:49,-1
6841470.972388068,187.9362780639296,16:05:13,-1
4218299.545178427,11.167957058626964,16:05:35,-1
87144254.45934759,351.7246227980194,16:21:44,-1
41767358.658964925,95.28858007115818,16:08:22,-1
72948789.48271377,66.49051068019503,15:32:18,-1
24395267.376458105,340.29852118438004,15:45:15,-1
32468719.844487064,134.99982707074915,15:44:34,-1
32125388.951242708,122.55842070837592,15:39:19,-1
33640666.01724952,276.3556771113448,15:35:19,-1
30880879.41992534,296.74538899498623,16:13:25,-1
87643191.2683386,76.52956939607022,16:08:03,-1
10552614.72821048,93.63809046966624,16:05:32,-1
52675307.83226306,322.6678676378717,16:00:13,-1
89448660.17015989,176.34980110578945,15:29:00,-1
7772469.476634788,353.2484554923647,16:25:10,-1
52561585.41203779,254.3650163518689,16:12:55,-1
33217327.99989568,59.15147157248124,16:11:03,-1
46080439.78429427,268.11396493173527,16:14:29,-1
81062651.09346975,165.72232310013987,15:27:58,-1
24679035.19312095,162.76154610328828,16:20:02,-1
6015280.132729488,132.11169201622403,15:35:40,-1
79444892.42526805,107.01068578206798,15:43:28,-1
10868339.526325272,107.34470483509772,16:23:28,-1
4413362.132276744,253.6821715457868,16:14:58,-1
59318569.00192544,1.34460365538577,15:56:36,-1
54561163.69448447,327.31579579004074,15:50:52,-1
13494816.75051471,259.1778948569112,16:22:19,-1
23311881.559791166,159.1684604167598,15:50:55,-1
59590370.36909309,108.49046126763032,15:50:37,-1
2441306.5021605184,325.01096455819305,16:07:17,-1
30915428.59850093,192.64553441797065,16:06:11,-1
16948742.389785603,173.48830000021746,15:59:16,-1
21429500.26325028,214.4950979077004,16:07:07,-1
62716650.59259356,306.08578956768287,15:58:58,-1
50353849.10008107,299.1136128180438,15:41:09,-1
49022696.66087743,256.43613729706726,16:06:37,-1
43070306.50123153,68.8803956436956,16:25:10,-1
84054655.26307556,249.4728667023504,15:49:48,-1
46339459.78255421,139.40352260194604,15:49:51,-1
25875549.47892154,331.7925205921154,16:09:08,-1
44864378.0291023,70.52264098579666,15:58:39,-1
35393698.298724376,47.62581865436323,15:48:28,-1
76118798.33857049,88.0798208108861,16:17:29,-1
77889688.04958437,207.0845141737443,15:27:04,-1
21583160.595798414,124.13513497666663,15:54:33,-1
71441721.61735275,47.056105576672365,16:10:06,-1
53299394.33228968,261.4628454790636,15:44:28,-1
89775134.80790606,273.8405175201163,16:20:48,-1
22384395.370333184,18.104886036144237,16:20:27,-1
81944096.66169336,50.23430408811541,16:24:39,-1
10858993.292318655,264.7030763032197,16:00:53,-1
33451515.02630172,265.1386898790285,16:10:24,-1
70345745.80836828,44.155501386649256,16:14:19,-1
26338961.837178472,248.4908248190664,15:35:59,-1
39316774.155031525,192.48132928859556,15:36:26,-1
43439188.77793941,91.23662230220393,16:00:36,-1
87593484.48776731,104.91210196536788,15:31:34,-1
11959947.728504522,174.2422438076008,15:42:29,-1
13142366.355275135,337.3822263412606,15:43:00,-1
87160605.07901788,224.6669207117914,15:59:34,-1
86773315.77111474,49.36966424636368,15:54:52,-1
73849249.86694011,45.17303975613308,16:14:24,-1
601127.9972355465,233.5382512025477,16:23:14,-1
54761554.62151476,56.472807621054606,15:45:10,-1
49757232.136066906,159.40173333840505,15:45:01,-1
12529242.85760387,215.0107997036841,16:14:11,-1
33092849.293605108,175.66855136030648,16:23:10,-1
18612792.15824959,244.621657659814,16:06:42,-1
51756345.48330343,222.19599726299688,16:05:30,-1
13096296.47445487,45.41355656728085,15:27:04,-1
75607903.03265998,337.23833845942266,15:53:02,-1
9425972.901663864,213.3585811450978,15:54:50,-1
35810087.50375099,327.8510790833605,16:15:03,-1
40583630.71914964,2.151008912849841,15:31:19,-1
61646187.419370525,94.30035049336892,15:40:07,-1
60808954.97947798,22.432817126028635,16:12:47,-1
56984386.38705255,323.3094390076225,16:09:28,-1
129692.02624780493,309.453366203417,16:03:18,-1
22903698.6163015,189.5802195999837,16:22:50,-1
49986982.45323392,115.42903523541683,15:40:22,-1
26514233.659924097,92.52044849204482,16:15:37,-1
65637482.323184825,19.86382112553388,15:50:08,-1
2001153.6748780035,264.0703650322569,15:58:48,-1
77600234.90593955,4.347935978668751,15:58:43,-1
24713688.963246908,26.94014163995664,15:55:48,-1
38919744.22408873,91.34430247099662,15:31:09,-1
12894304.09040779,306.29912580940487,15:30:29,-1
51666040.25642224,41.15510121165996,16:17:36,-1
10658891.819651736,148.96153310991716,16:00:58,-1
41528195.14066229,36.943744338054046,16:06:07,-1
73840594.07621324,341.53837482458255,15:26:25,-1
80595246.42476828,328.3919487016462,15:53:12,-1
43654589.77724851,167.58415823862205,15:48:17,-1
83210325.19240996,198.1190283107207,15:34:22,-1
1838070.5823472824,140.2361160796114,16:22:12,-1
61709686.561334886,39.722790467793736,15:48:29,-1
47418537.38913462,350.8089610027237,16:09:53,-1
7687909.240900284,84.4882166812313,16:12:35,-1
22160432.38371434,219.75171808303463,16:16:07,-1
76471703.10303178,165.18174385986524,15:33:18,-1
65653759.77102945,326.10355926012727,16:10:38,-1
67389734.4390463,91.44348781328344,16:00:50,-1
64132291.23882701,336.5970610536637,15:28:23,-1
64054807.78300977,280.37890371469,16:25:23,-1
45236379.97957412,359.960609545355,16:20:30,-1
79128120.40091102,127.31019592719532,16:06:38,-1
18036428.88006365,354.444288021544,16:25:10,-1
10549817.886287265,229.4099661846808,15:49:03,-1
2428236.5996668967,55.02817423616656,15:35:19,-1
35838538.162270986,48.21881718292482,16:18:43,-1
6841616.871049298,187.21844365133552,16:10:02,-1
29157615.873340964,253.15645463761703,15:31:16,-1
22865743.43880873,306.936180770677,15:41:37,-1
59458031.65065037,318.8860708050849,16:00:16,-1
68288229.88631849,290.612537893141,15:46:45,-1
79585831.71138035,97.21309861243796,16:05:49,-1
35875040.009690195,140.61606193258643,16:09:29,-1
50443834.58815717,161.6989312109035,15:28:47,-1
83133142.44680822,254.35590399248517,16:06:09,-1
68790818.53541857,291.7003852196683,16:24:48,-1
43643639.930069655,72.54884013900747,16:18:47,-1
25392344.46516662,295.29333996198574,16:17:46,-1
60684115.43352805,114.7325725614225,16:24:59,-1
71174322.27234346,177.15982617748992,16:15:54,-1
29702105.77921934,47.67668432770345,15:45:24,-1
73319379.87762941,314.0729339523969,16:09:20,-1
84228045.6803173,240.9475606052885,15:34:19,-1
46489750.74017554,269.8313262394876,15:52:57,-1
88542768.48761363,260.10810383285644,16:09:00,-1
59559196.68747364,273.6182788782469,15:46:29,-1
65639282.47416407,156.62929484698284,15:47:53,-1
38402781.58264622,47.064800406656126,15:31:27,-1
23872004.06026697,137.34975768029275,15:36:05,-1
60792410.219222896,285.07658263368427,15:58:54,-1
70078496.05501226,342.55321444932457,16:01:40,-1
67057635.810353495,21.812954906341687,15:42:08,-1
49598034.47988288,6.409816672578783,16:03:39,-1
20763919.42536589,186.94892344945717,15:44:39,-1
41387418.49467688,109.40524838482634,15:44:13,-1
36893489.13695162,23.58407494054216,15:27:27,-1
65151123.40765037,239.1130599435011,15:44:32,-1
43180938.22890472,186.10193020179983,15:47:35,-1
83999313.2855864,22.77597330504848,15:57:08,-1
18346771.58969873,256.11892370436794,15:36:43,-1
65222818.191430464,264.771429325971,16:13:31,-1
2444631.3715558704,255.95482602230112,15:55:07,-1
41244540.160541296,120.93071734202366,15:52:45,-1
14533826.269688956,315.4631550830167,15:48:21,-1
82036081.85690363,350.58488711311094,16:19:30,-1
64528720.22848239,169.17299250214367,16:01:03,-1
75967933.00874896,122.1713047217671,15:33:17,-1
8616048.313796792,122.6214207686735,16:04:38,-1
10407648.269327307,157.76087415511404,16:08:24,-1
78160048.52185842,82.91655664414992,15:56:08,-1
34396140.379645616,200.85722188690872,15:31:49,-1
37584734.42019987,149.95142866038643,15:56:11,-1
9085876.840150949,62.83351689820312,15:33:04,-1
79395499.15969408,257.0439498914017,16:21:31,-1
60348352.75387413,196.75243366597832,15:28:31,-1
145126.44706914836,243.27486288761935,15:43:07,-1
37165198.721916914,216.5454054118435,16:18:29,-1
44056069.63394838,222.74710586392143,15:42:33,-1
23020760.75686324,249.1208585880765,15:33:02,-1
29389113.56563656,312.4385217100781,16:12:04,-1
37575612.425452605,28.064209157441567,16:17:42,-1
40564425.24142564,119.45238596802928,16:09:57,-1
49847307.79620431,99.3482721817444,16:05:26,-1
2866513.518034706,152.87583553679903,15:43:45,-1
57954232.45289037,25.63234120226342,15:55:26,-1
25616770.00211887,234.80124880746388,16:07:00,-1
56470635.063121386,279.46097555527905,15:31:34,-1
61701135.7441386,187.2523212670777,16:09:30,-1
2427211.3829618166,288.99895948343976,15:47:07,-1
49290495.17549618,257.82175001548364,15:57:05,-1
41099727.79197413,349.6195175183497,15:53:12,-1
304770.6004670098,168.64100821025775,15:40:16,-1
28373104.45670673,51.56115870709844,16:16:53,-1
72017381.43017271,260.9248939172753,16:19:02,-1
53078137.79994842,203.29921725895903,15:27:46,-1
9964671.008488886,293.3416078566149,15:41:56,-1
33025044.735407792,101.55938987810542,16:18:15,-1
7432358.278661766,269.1490948374194,15:31:44,-1
24153943.327290177,92.98631969317692,16:24:45,-1
61384107.71396179,34.86233867357859,16:05:43,-1
64617221.26926222,172.71453478514331,16:13:53,-1
52793498.63805974,221.99237502850505,16:04:24,-1
76553923.76544549,245.39791331700457,15:29:00,-1
13450476.607370611,114.82239813825508,16:16:39,-1
68727434.33264066,279.89803708089426,15:41:30,-1
56495026.169134736,51.68376433478328,16:10:47,-1
30660346.304169893,181.9919480088828,15:33:31,-1
17532045.373061314,193.86167938430305,16:03:44,-1
89668656.30225363,337.7930028622898,15:53:27,-1
85514765.4913984,326.5849309028862,15:41:07,-1
59594140.37799914,41.14919330681767,16:22:34,-1
2601829.782494522,92.9597332276273,15:47:52,-1
14060479.029371496,50.81792421074208,16:05:13,-1
12415181.820047822,169.81013634541029,15:25:59,-1
24521106.45777742,316.87749846920576,16:07:32,-1
18838370.84748574,330.7485794021308,16:14:36,-1
10187054.786065312,127.53632775974972,15:28:36,-1
78112591.21827075,338.4898213237323,15:26:05,-1
50134212.96924312,301.51042581129144,16:07:49,-1
33710160.54326653,32.577648407134014,16:21:49,-1
60756164.660734296,288.68531930298866,16:09:09,-1
51692134.89219472,216.7459658106389,15:36:17,-1
85755605.46420564,229.34258579916076,15:27:57,-1
52522468.81810299,204.69381274667117,15:50:41,-1
56113805.32973763,151.88016512771426,16:21:56,-1
45185471.32185695,46.37568124974575,16:06:28,-1
69712762.64796516,24.94983080842467,15:41:34,-1
32887020.53523896,267.7154252402189,16:16:41,-1
11720135.919106808,338.0040685391271,15:54:50,-1
51021213.143890366,2.8595916618058537,15:52:04,-1
30131351.522754632,290.89657454460223,15:44:11,-1
20379356.994319905,225.51662044968637,16:08:28,-1
44974666.4727259,297.3695192933821,16:07:21,-1
80046592.3948689,80.75849404129556,16:03:28,-1
70225233.68893814,69.53014864071488,15:27:35,-1
29357738.36181309,176.3963169916708,15:35:52,-1
76013777.65685193,98.4972400777362,15:29:30,-1
11596412.563391278,136.13206605075274,16:14:29,-1
33553585.429732256,48.8750219936918,15:44:06,-1
23399950.886362087,29.158336402554347,15:48:22,-1
32470284.484364305,301.8612886610828,15:44:44,-1
16371982.04634441,337.2076460034119,15:31:44,-1
48798275.0251712,202.89740994162557,16:23:34,-1
12002123.427621858,196.3517581245352,16:13:03,-1
12010029.792960348,88.67951387878034,15:50:08,-1
21908179.045381963,63.90848900798875,16:04:55,-1
74894561.80653197,328.4998394987412,15:31:17,-1
1670737.8267498412,180.61601671096196,15:29:54,-1
71864505.065599,240.99493411996048,15:36:08,-1
30930399.82186946,141.28652776477705,15:41:59,-1
15590877.401996247,66.17359692197422,15:36:14,-1
69731478.61647636,65.86439151773203,15:42:40,-1
9002338.004303334,83.17089537488714,15:52:02,-1
63281960.51141235,301.4094273193792,15:36:57,-1
11694941.604906833,170.1016796300893,15:28:21,-1
35217593.55914838,176.04674570745735,15:59:35,-1
60167597.2743707,1.3469826639527138,16:02:28,-1
15266028.623074004,13.508484024052322,16:18:53,-1
19356834.412755106,352.75667200560025,15:34:19,-1
56987764.15516571,348.74445758600814,15:25:55,-1
62547711.283572175,333.45113175617416,16:22:27,-1
65123567.060518734,82.09867124134175,16:01:51,-1
64619141.509712055,36.47368118937424,15:39:02,-1
45906848.227855496,337.09447805778024,16:14:59,-1
21470811.24243337,248.397710806329,16:21:51,-1
22866857.891437776,322.58035029250937,15:46:05,-1
17531664.888782572,97.66090623264888,15:47:12,-1
32327052.10487812,345.09447683686244,16:22:02,-1
64606227.7449434,248.0421590975956,15:43:05,-1
48854414.045650296,141.8778556468185,15:43:25,-1
82832141.52710547,72.90237492013547,15:45:38,-1
60431571.464260936,306.9729571492661,16:00:46,-1
79733397.76245427,61.34937359961012,15:35:30,-1
34946616.33496384,156.55050355188743,16:14:15,-1
22639860.8030986,49.674562690581055,16:07:51,-1
88150940.74444255,82.95635882962723,15:59:49,-1
7182881.029852788,57.36502992211921,15:36:29,-1
1710897.659937441,320.8606609186954,16:16:03,-1
7597584.009471982,345.694316339374,15:42:12,-1
50904376.90969853,336.56969703388444,16:10:13,-1
79108487.2624001,172.45733201486274,16:05:05,-1
7197200.903987593,352.93110907234205,15:58:37,-1
35631221.231864505,128.5085668821252,16:23:34,-1
43549548.04523712,83.21298036947637,16:03:24,-1
87394894.07034492,71.01593178944073,15:59:50,-1
52940049.53962144,129.31587764733766,15:51:30,-1
78168867.56890498,294.6408562074796,16:22:30,-1
88281052.9254755,178.82998054399755,15:54:15,-1
57565173.30198708,237.6693271334099,15:32:43,-1
5190447.100222363,214.9480040698513,16:22:56,-1
60328681.59469698,17.888365518407262,15:44:14,-1
61004312.467903584,129.66339894454077,16:23:46,-1
49035145.05202659,303.5846563821123,16:14:32,-1
77246235.54574092,318.2953073561536,15:32:39,-1
38603465.10822307,259.9966173794599,15:50:47,-1
24227463.86878301,236.44441971779307,16:16:42,-1
73437876.89613384,359.7989601500606,16:04:14,-1
13029976.014969084,244.802622574769,16:05:33,-1
23622115.154796083,178.7597380186856,16:05:59,-1
84775557.24236056,307.02343673969085,16:04:44,-1
7620791.925684977,276.688518614057,15:51:44,-1
36321334.44267834,244.89439432791048,16:14:07,-1
31651572.84481437,120.46380326988738,15:51:23,-1
72292209.96783492,145.52846783956056,16:02:28,-1
24740588.981928717,358.77262232079414,16:04:09,-1
4347950.461028955,129.3458053134556,15:44:27,-1
30257165.898577683,127.1942774004095,15:32:05,-1
6895780.338935532,158.7682528211052,15:40:41,-1
31568337.598202888,65.19902356942345,16:14:54,-1
75437847.50551452,100.77579542307647,15:44:11,-1
69799.30876307999,38.61264386792849,15:39:41,-1
51132511.915227816,219.5582149261378,15:59:49,-1
89041002.40588711,214.75657577022272,16:18:06,-1
6916969.721456869,104.36008428454905,15:54:52,-1
37889039.2897141,358.36457384496083,16:05:36,-1
73448478.31071475,183.28994789933412,16:08:58,-1
46736902.55095959,248.3736824422962,16:19:59,-1
34480578.277581125,49.7685507578169,15:35:04,-1
80321399.45434053,250.5179618219481,15:31:56,-1
21051205.15032744,150.66153268466357,16:24:08,-1
6919263.343254332,14.228228360427174,15:51:15,-1
65500114.28744446,62.25677075657123,15:29:28,-1
8773736.799909856,271.5567752388619,15:26:31,-1
52877188.383766524,314.2518336725316,15:28:49,-1
87240083.31125036,10.112312664894914,15:27:26,-1
7727327.200540809,10.745410668827551,15:46:21,-1
49164950.17761401,161.19728918207633,16:08:09,-1
14711234.90292462,206.21546686853455,15:57:43,-1
2930894.46038947,350.3539384738669,15:57:02,-1
8069577.986420886,290.37290444953925,16:09:07,-1
71940209.82400589,155.2473062801541,15:39:12,-1
10116302.575958077,214.6661894264591,16:07:25,-1
62764469.49767147,121.67473314310142,16:15:18,-1
64231194.23387972,112.30888302305854,16:17:04,-1
38049452.15121119,179.57763008006614,16:02:06,-1
81088742.30634248,127.73357121538596,15:43:08,-1
62764832.55553112,0.4602285397901484,16:13:27,-1
15498622.439411184,306.0268742554566,16:06:30,-1
66818037.20094918,49.88647113612279,15:29:28,-1
46192315.27830715,256.3591809642317,16:11:09,-1
15091579.84861465,28.66030269887172,15:37:54,-1
29870840.307822924,287.5641804300149,15:51:09,-1
273156.7135106642,353.9391890039637,15:49:06,-1
32416708.688545696,6.663993440992715,15:26:56,-1
38289824.43607441,133.28050203210393,15:32:14,-1
71527296.04724012,281.5026702213922,16:02:44,-1
80197537.01256806,171.32060323835245,16:02:43,-1
57834832.148369946,308.74543321508673,15:45:18,-1
30542158.37723933,7.379798378612841,16:18:53,-1
59227305.27110833,206.8040164080061,16:03:48,-1
84480057.0964493,121.2204380856136,15:55:25,-1
67241195.79183869,351.1005172483025,16:15:09,-1
55352979.8234844,151.94040944323757,15:56:40,-1
43531112.86664481,168.90040570972852,16:12:52,-1
10789271.116026858,26.120543196333088,15:45:08,-1
6280711.353811353,270.72693925009816,15:34:41,-1
29726035.91083086,255.0428548169073,15:29:35,-1
11742921.737971704,258.41720553049106,16:07:24,-1
34248160.76987494,69.33203123838442,15:32:45,-1
27779296.28246378,159.4988120694502,15:51:26,-1
14493598.144392418,48.17904898032784,15:51:00,-1
46426308.86459191,131.5555410060777,16:09:59,-1
80685670.96743883,279.8542175042444,15:43:23,-1
67920165.47745597,93.138232432762,15:37:50,-1
39831084.9763767,220.54866436687,15:31:29,-1
22495892.347262904,183.81473581641805,16:23:56,-1
31681999.16565527,179.76913303272428,16:03:31,-1
58181480.14372526,336.62954762016165,16:16:45,-1
3388313.862835556,276.9051912484017,16:03:43,-1
81475974.52760656,40.10003486426363,15:48:20,-1
73382238.28837219,170.27480449008786,16:20:41,-1
15509703.155347891,41.81866788678937,16:21:30,-1
16949289.94004077,192.11127348176203,15:29:09,-1
74922249.21589693,211.98813952396105,15:57:07,-1
37644717.22199309,173.59319858527658,15:25:36,-1
45356719.61845963,330.95323710497047,15:25:56,-1
55767765.00471798,158.0251235268692,15:27:45,-1
7210243.552137435,78.27984919324699,16:17:25,-1
19299874.9075201,354.27854649565154,15:32:21,-1
11349943.12954536,88.83476918041791,16:09:27,-1
41045562.89449176,119.07454827807057,15:27:22,-1
85152694.09206866,33.4601151258651,16:04:22,-1
69569365.05824962,180.38376800569148,15:34:11,-1
24037788.76942,275.02752293229616,16:07:02,-1
64487784.64916281,328.71338246900814,15:29:19,-1
47565244.30559712,267.0601923203133,15:58:44,-1
53838223.02229233,303.9873215081566,15:47:26,-1
57563149.57862376,195.9573189645669,15:40:05,-1
26841864.878360957,346.86456477571073,15:49:24,-1
27230774.02346612,207.7178234892531,16:13:22,-1
54874297.183370985,153.79478274886168,15:54:32,-1
46720991.54138189,163.06228846386423,15:45:34,-1
25041254.58335912,324.5008459474085,16:09:49,-1
36282454.20505879,234.70254941428547,15:47:23,-1
35955663.87236493,24.755641617802997,16:05:01,-1
25752647.99850337,337.35467190801046,16:19:22,-1
48847585.81511144,271.77319214146814,16:06:49,-1
4648512.494758958,219.61182631305792,16:02:12,-1
40480173.70644157,127.82472031594357,15:53:19,-1
18620363.79046263,303.2156529505873,16:20:06,-1
73434817.04420753,314.07682372215214,16:02:50,-1
42195098.170946,69.84846058567851,15:36:17,-1
33853817.637063965,241.61263274904323,15:54:09,-1
4242138.205323283,161.26625439160495,16:12:51,-1
68061301.37135497,292.5787207276585,15:54:10,-1
731226.789425539,168.01461330259252,15:58:13,-1
4369155.939204952,297.3768654326179,15:40:29,-1
73429280.0034639,318.07599930311574,15:31:40,-1
53621494.05335424,141.35875420267445,16:09:08,-1
39376334.70942858,290.11620967921,15:29:03,-1
46976371.62436243,352.6994526719879,16:10:54,-1
61155961.0916374,293.23033878345274,15:58:12,-1
79211579.72883,186.6431469543952,16:21:07,-1
5014113.1128698895,9.690676062412985,16:18:39,-1
23245330.84004383,262.1637026786801,15:59:52,-1
33525074.125383686,120.80578851768544,16:23:14,-1
76212921.42321561,81.05540431667686,16:21:36,-1
40501437.94859851,260.98497835867835,15:53:19,-1
79237277.61762722,162.75685810195782,16:08:50,-1
36621237.40250055,240.7311838700029,15:47:20,-1
6082966.1628621705,340.4520504208828,16:05:27,-1
978029.91803234,269.6607042660415,15:58:30,-1
76077470.0127756,133.19355650947392,16:20:57,-1
61157840.23632251,337.0896699634368,16:05:31,-1
16619869.285639595,36.85752159282846,16:14:44,-1
7987282.551384589,177.61278206458348,15:26:28,-1
29337648.873378173,228.26207770431876,15:43:22,-1
28334304.294719208,194.41212227865185,16:11:51,-1
11272672.603903096,7.479912184053488,15:38:11,-1
85753534.80253874,323.744331748186,16:00:29,-1
82561589.43581931,170.18138948550703,15:40:22,-1
353803.2984926346,123.19892131823384,16:03:40,-1
69700170.56068292,82.3076929307983,15:27:50,-1
59904299.20446687,219.51796827048287,15:35:49,-1
53192137.07747222,153.67659960978844,15:56:44,-1
34400049.89934832,68.27765611989615,15:53:27,-1
82851640.97405526,220.3166831944065,16:04:20,-1
14644549.590574982,318.9480269202322,15:35:38,-1
45459942.072717614,300.20073190331846,15:57:54,-1
54747470.7154612,272.7944132882024,15:44:07,-1
17227971.57312502,333.0137311869008,15:42:00,-1
23561896.347188298,121.52593922733612,15:29:13,-1
49132180.95361553,334.81640498391084,16:14:17,-1
13672266.985793494,239.93289507911877,15:57:19,-1
68467696.87988551,70.32331413706979,16:08:36,-1
58596978.07905883,186.68683677466976,15:42:08,-1
37755706.54645528,171.11972060995117,16:12:45,-1
70482774.2472491,182.8229204262321,16:04:07,-1
4246168.581377153,339.8428624259267,15:45:05,-1
85438192.70697562,159.03976954391524,15:51:19,-1
44557028.38730552,308.71366293416173,15:58:25,-1
84729407.64189823,99.67226349987324,15:31:16,-1
78657380.2617287,144.5756583417545,16:15:48,-1
73852168.32699397,320.7438123070423,16:09:50,-1
55531893.13474882,231.75281039090743,16:11:50,-1
84811464.62141699,99.967067464121,16:00:53,-1
61909354.738680586,106.12791875972056,15:57:55,-1
46445747.25626733,2.889362528723023,15:40:06,-1
28942173.11609834,347.77868252250903,15:30:20,-1
54525464.72872084,253.5136693332404,16:21:03,-1
81731836.05110936,223.8264263525481,16:08:00,-1
31872738.72187347,10.040875543174428,16:01:37,-1
52525253.784733616,98.06067504842471,16:06:19,-1
61569663.07566276,52.78956376890915,16:14:32,-1
50898718.32602098,35.57485944617451,15:40:10,-1
61615439.25874768,96.23744366702212,15:34:30,-1
43204940.89434051,79.86533409712392,15:29:45,-1
78114529.16461058,200.16641266766257,15:41:12,-1
50237946.22306562,181.58311888439945,16:00:53,-1
4404985.520215063,61.82235239649268,15:26:42,-1
40559880.40633122,155.8255531978719,16:25:04,-1
26662985.9237691,88.51664683627277,15:38:32,-1
88873648.19116513,10.094415288489298,16:12:39,-1
6165806.945634853,225.8275350864585,15:45:19,-1
9686422.209888987,160.2048132923325,15:51:16,-1
20370333.31770643,108.60025469339388,15:50:22,-1
18936614.52876925,168.52450248265166,15:50:36,-1
27469038.62499766,107.73722235366246,15:50:47,-1
64733499.1645509,163.1624886888658,16:00:59,-1
68488615.1943425,325.4577224115342,16:10:40,-1
81117294.85237901,208.3668455147099,15:59:10,-1
666244.6069148586,26.46647995526861,16:08:39,-1
70965401.9809471,48.60420511536381,15:55:29,-1
57593167.28681428,323.95149125121884,16:11:24,-1
23801392.711978342,11.123978404447827,16:00:24,-1
10576505.67189646,250.90789208215728,16:24:49,-1
51202485.14066915,358.3018390294309,15:37:32,-1
10812513.98569012,21.16831454922325,15:30:21,-1
14576475.716001188,351.54332655226864,15:50:28,-1
7979809.707725543,136.55682324123637,16:02:07,-1
34702878.199658625,356.9905059436062,15:32:05,-1
15175023.877313524,213.9299366189765,16:16:39,-1
41809429.098745786,159.47517372889305,15:58:20,-1
73318710.82413664,77.73986765615398,15:56:50,-1
41964816.05478125,230.900331573888,15:30:44,-1
36268597.1218079,174.98102899812966,15:36:07,-1
70663348.34233235,149.8278753066716,16:02:32,-1
25621177.668593444,187.25181252053872,16:11:08,-1
35437060.627098925,34.63871693830534,15:57:32,-1
58024190.623409465,220.43394494717356,15:54:16,-1
56264721.1434006,119.57400462476969,15:42:43,-1
84956918.62676802,279.37093902041664,15:59:30,-1
36900093.59425401,29.95027124216625,16:24:42,-1
86550832.89952731,185.74458397744027,16:02:13,-1
61880230.579551496,146.07376311276968,16:01:30,-1
38538686.39631713,197.9205944197052,16:03:05,-1
1859124.183740838,45.93220298294301,15:34:50,-1
47309775.51725783,24.21033095472196,16:16:29,-1
38982308.03587148,237.03805033074812,16:14:38,-1
44273585.76781442,348.13013108852374,15:35:21,-1
75717676.83826783,82.38543719772174,15:51:32,-1
48882689.00043952,16.76327911668283,16:24:12,-1
63910010.5782226,304.850765737824,16:16:24,-1
42756261.56023195,319.4325125546329,16:19:18,-1
59286870.39525461,94.41590691846989,15:47:32,-1
25140838.505265296,101.27441702156712,15:45:00,-1
25096457.95824753,166.09081026250905,16:09:28,-1
9651466.87877651,352.5706640035244,15:57:25,-1
3110284.927515914,217.7721545654066,16:20:30,-1
2731579.917087948,222.37710431893956,16:20:02,-1
22006876.490591954,38.954982302771,15:28:15,-1
54132552.36989267,306.1242188760492,15:34:42,-1
76198824.54717435,176.8579705098783,15:48:54,-1
53684050.85090891,245.72391968515797,16:13:40,-1
70117867.93257886,62.13349371884634,16:07:36,-1
48597302.60964173,285.00218311024497,15:49:42,-1
62285778.695116885,26.700368997486184,16:04:46,-1
3529787.294175747,170.75477516913494,16:11:59,-1
74462670.9182847,134.27304539267814,16:12:47,-1
3985797.02516928,224.8237768181752,16:03:54,-1
76714809.34976242,313.91593261179906,15:51:39,-1
11945722.921166977,342.28619672503135,16:14:09,-1
53466231.928197145,251.298405771318,16:10:15,-1
82740504.84833546,67.77110139975993,15:40:27,-1
14083177.539266398,67.53752622122707,16:03:28,-1
79683195.36572081,330.6186741904464,15:26:28,-1
34514043.08532753,36.467628873282585,15:38:46,-1
70602224.30652209,226.8522202434243,15:57:35,-1
71837141.17093505,64.87454315270728,15:36:38,-1
65560297.15487527,231.52417269137223,16:03:09,-1
23269725.396507192,258.00965568472145,15:27:08,-1
80246579.28168048,209.86944813565245,15:33:59,-1
6987761.657469829,152.61954538318545,16:25:20,-1
30764192.5305212,252.7761944840299,15:46:24,-1
11030140.986186633,223.35032587976252,15:46:36,-1
49173175.73621694,131.05568150270193,16:20:01,-1
37908687.595120296,85.0967998685028,15:59:55,-1
82367097.26681238,211.98365656746617,15:41:59,-1
30858122.406741343,105.85609019445698,16:05:24,-1
64330093.57165458,5.843552063424484,15:30:11,-1
13704083.412427736,152.39228041505697,15:38:41,-1
31022404.244613424,91.22488397025958,16:03:15,-1
53125415.43878002,78.66726115681935,15:30:17,-1
43195885.3093561,316.0108805397692,15:52:34,-1
37148148.27960482,37.27726339938115,15:37:05,-1
15888817.833129063,38.83781376813023,15:49:21,-1
1588089.6767994803,170.86340658210233,15:56:07,-1
38145828.79760438,126.30315975036716,15:35:01,-1
65713629.687895045,16.41925486966942,15:49:23,-1
88944249.86719202,320.96395416644697,16:02:34,-1
88864402.09541048,80.63069458692087,15:56:06,-1
22156013.55453835,157.40902936591905,15:58:56,-1
31608988.20554304,50.33125007846681,16:20:36,-1
30301357.00800997,4.539251912413369,15:47:47,-1
87643170.0964267,106.56264638246866,16:00:47,-1
77248994.09112887,43.26857531979329,15:25:35,-1
54761808.82654344,290.6385508433118,16:11:51,-1
36850664.98956626,114.95217382344592,15:42:50,-1
40324866.204955146,233.46426198256316,15:56:31,-1
36349979.46508073,237.5189078329579,15:29:32,-1
46744729.35568935,253.34847791740324,16:11:31,-1
23242325.08149921,15.817256779372988,15:54:33,-1
78063361.11285074,174.87444825762745,16:03:13,-1
1331462.2074763589,69.59535959598597,16:13:52,-1
23744134.257231224,2.357324478346685,16:21:23,-1
31764568.973967325,314.1505738434193,16:24:58,-1
43927574.12664257,284.74315159780764,15:31:20,-1
56647627.82089425,242.47440600033468,16:09:59,-1
15781783.806329234,99.90204730749524,15:55:11,-1
67586695.4713681,110.15423528649768,16:02:52,-1
81064571.95862164,176.0295450661955,15:31:23,-1
47926907.97708293,349.6038342176328,16:20:08,-1
76119085.3436424,90.45511717856309,16:02:12,-1
77076639.17193162,208.34624091616465,15:46:13,-1
12092811.624935765,241.15500827040864,15:36:29,-1
47537409.058264,224.29225982872785,15:26:28,-1
81058028.88335748,5.943933848219558,16:23:31,-1
17984678.658459768,345.8395256687195,15:59:29,-1
57422247.14123179,238.4322793765496,15:56:03,-1
69629188.77522562,315.10528929260227,15:26:59,-1
73978010.50598699,72.56269182632866,15:53:43,-1
45564846.71092302,298.7856735596144,15:59:17,-1
72418861.21058302,282.6121940097956,16:16:46,-1
81473161.64662194,45.86484917798563,15:40:42,-1
73026715.89144295,243.26478013422476,16:03:41,-1
53442636.84725168,150.93907734013595,15:41:24,-1
11623829.014222354,270.091705939638,15:26:45,-1
72365302.14141035,56.53239870324835,16:15:38,-1
79996835.40719375,278.36691365843467,15:37:12,-1
10594547.17770234,273.2125373610309,15:38:10,-1
58814334.29928676,138.94067136256857,15:35:38,-1
1267.875598409223,339.1800591301468,15:44:55,-1
8979686.62169749,64.14482668363263,15:51:46,-1
10325512.703935858,357.0653847058845,15:29:16,-1
65732811.07178046,118.56769587368446,15:46:56,-1
89858099.4156262,299.3863993905839,15:29:28,-1
17015696.908719294,71.93361850843868,16:23:52,-1
9523444.545366168,146.44646575863428,16:10:54,-1
59821669.13631073,164.3280169716576,15:55:11,-1
31582218.83182171,343.67672027956394,16:09:29,-1
87909762.01306522,192.7939063802092,16:21:30,-1
66857870.69376234,195.03597050949077,16:21:24,-1
78680470.05771534,16.69751842596491,15:54:00,-1
26141640.64847524,123.47305457988232,15:47:38,-1
29311150.02109264,241.555494985473,16:02:11,-1
9859824.885432024,352.7987335617952,15:28:35,-1
50447973.45433128,4.341773105750719,15:54:06,-1
8484413.77555223,172.93764358592537,15:52:48,-1
28077538.5822058,292.1857505754694,16:24:00,-1
81435328.19540454,221.10504081447232,15:33:22,-1
25349617.31694072,9.84134241727138,16:18:40,-1
47523231.309283935,187.83752287765293,15:46:22,-1
41669056.43255187,269.79228850628795,16:01:31,-1
53345403.29114677,3.436696570489377,15:27:35,-1
1187454.2507369458,4.041383199284838,15:51:53,-1
26641036.211338084,39.49810155733127,16:20:50,-1
72645912.9388824,268.2949335705167,15:32:17,-1
48064026.33761703,116.72051529296952,16:15:41,-1
57582519.061267294,13.982478298729417,15:34:58,-1
81952972.82073627,142.4431387938444,15:34:37,-1
69345577.69497232,350.48655728589307,15:34:10,-1
33272960.83903719,236.33798637737183,15:41:51,-1
18349741.64837618,172.34980984135373,15:57:45,-1
61491380.92075502,160.05511652307223,15:59:54,-1
75369077.33812742,164.00673162158216,15:43:58,-1
76910603.30782956,224.65150679122735,15:27:08,-1
69873833.01597457,235.28146440427824,16:16:39,-1
75242887.63308072,85.38878325461465,15:56:15,-1
60398426.53208758,185.31282327245447,16:10:57,-1
37490118.34603322,347.8683532412703,15:52:13,-1
9571943.79980832,301.68632661314035,15:44:43,-1
42847067.11666275,35.87550541870498,16:01:28,-1
52480428.853366815,103.41910775735168,15:57:49,-1
83222060.29008785,106.16752888797804,16:15:31,-1
31417392.321192566,149.99754957430588,15:59:17,-1
33686056.69359906,58.54405336363267,15:42:24,-1
61390613.93750776,354.51905839552086,15:27:55,-1
24187914.0943205,117.3948708984648,15:40:28,-1
20090835.329810776,139.12153035068698,16:16:29,-1
89707903.57828593,39.36477062958955,16:10:13,-1
72795182.76002619,77.96614701834088,15:27:29,-1
69584448.75499363,38.411530959493135,15:30:33,-1
9988238.919032134,332.00197182476074,16:04:20,-1
84594429.80064638,319.9613612710144,15:33:19,-1
67160669.68619378,66.43728224926132,15:33:53,-1
37346777.92287684,232.1077746634,16:23:20,-1
28674059.34382038,96.868918241292,15:35:10,-1
25261811.11397278,123.07514502881844,15:35:05,-1
63882889.77880111,321.8169549813214,15:33:49,-1
7031305.034892915,335.3003389349259,15:35:44,-1
59252977.90222114,232.3722219963253,15:37:43,-1
3536910.705711511,133.95732040704894,16:10:51,-1
55534438.85491757,71.91467935021734,15:36:37,-1
73481649.00692023,122.80935173871664,16:05:49,-1
8984863.803198444,211.99057864301423,16:23:26,-1
23490745.955599323,21.42743746053832,15:49:43,-1
7166493.338864202,153.5737277948008,15:40:00,-1
46470669.34893498,184.9891265500947,16:06:42,-1
18295097.89111371,36.91997446033288,15:41:13,-1
43338031.66561028,155.19432711954394,15:35:37,-1
62979139.74074239,116.41270484938116,15:45:35,-1
31645839.01848205,257.02009858285817,15:36:45,-1
24998181.487286787,250.29053162392904,16:17:19,-1
77995461.62854087,167.45009568680368,16:12:50,-1
81869621.5756,108.80190481960716,15:45:15,-1
12939490.315567838,158.1660716031628,15:54:55,-1
50732192.02630174,84.77444715215803,15:56:29,-1
60506280.27519749,64.00806788630193,15:27:58,-1
88959873.22068474,204.1654016907066,15:58:05,-1
4819037.556278987,346.6091242500166,15:50:28,-1
58216009.82694802,94.9489169936938,16:11:10,-1
12301939.710299354,82.98705244046171,15:35:54,-1
57435826.53986371,260.7034463134244,16:03:05,-1
20569841.84105374,167.69391818264577,16:24:07,-1
7649832.49594101,68.096036884202,15:53:02,-1
27448184.441495325,60.71512919362412,15:47:04,-1
32185645.494435668,191.13097699301625,16:01:54,-1
42291714.905292526,27.445164604136103,15:26:45,-1
60714256.11121489,192.40230067144824,15:46:41,-1
50573436.88683102,92.43317967761314,15:49:42,-1
87666192.4506908,95.9806916740124,16:16:15,-1
1017385.0595376304,327.8884892446772,15:34:15,-1
28085817.20497446,347.80453084101424,16:03:06,-1
32490015.37821973,17.93280135096152,16:16:32,-1
64815173.19016378,333.2084917284895,16:00:44,-1
9694317.23125657,135.68865083334518,16:15:28,-1
87101490.2348895,338.1168786588772,15:31:13,-1
52393510.58835173,226.4390133762637,15:29:05,-1
422717.3097446812,298.4095244048899,15:48:26,-1
60866191.48664428,119.35599033575356,15:45:15,-1
31726948.24800083,188.69964102596407,16:05:20,-1
33671647.62636239,226.1200248752004,16:04:34,-1
41110834.51731343,142.14739688034908,15:33:43,-1
32709525.268509045,13.337440212197295,16:01:12,-1
10910759.82432234,210.633368630931,16:07:02,-1
31238493.19966528,160.0664697339639,15:42:06,-1
4076182.079905174,180.47955006151352,15:34:32,-1
14494496.463877076,284.40968758498155,15:45:51,-1
859857.4143223182,145.31839944405073,15:56:59,-1
59124285.53733704,160.43935040849112,15:54:19,-1
17278766.964376513,115.82771841139083,16:14:11,-1
15834391.78410296,346.5403448716119,15:36:11,-1
43506775.41504371,186.37007497724443,16:13:23,-1
36433849.82953494,151.58990228285927,16:04:02,-1
73948008.41145478,170.48942204315355,16:09:32,-1
22922480.254291423,262.5137712297191,16:08:36,-1
84708450.41002992,239.4951800408205,16:05:35,-1
59500606.06187368,30.78484001047929,15:25:38,-1
3732872.4660410313,235.05183226935117,15:48:56,-1
46234212.505665526,225.7964667320149,15:32:24,-1
5540520.792181024,317.5596944511349,16:04:07,-1
72006849.914975,294.13133696234286,15:27:33,-1
82563010.32638271,35.38490152065204,16:13:00,-1
8572106.782685144,189.5614185240836,16:17:38,-1
58527727.45291036,241.41524505793896,15:57:48,-1
7945591.326612256,168.66067608405518,15:57:50,-1
35312519.469863035,9.398218511196594,16:00:37,-1
61212827.94911968,58.43149467507348,16:25:16,-1
81273310.998198,137.7503144078537,15:56:00,-1
17511570.491852537,196.610562764254,16:02:38,-1
51275918.57001354,176.98107643812077,15:28:17,-1
23401406.28440976,323.0217165977043,15:37:49,-1
75355299.70497261,121.8923814685996,15:53:34,-1
47125253.37904397,47.08525178606479,15:53:03,-1
29089225.69105652,312.4599782536226,15:31:25,-1
21385055.897623558,260.6370354785852,15:30:27,-1
88552410.6217367,97.29734993761102,16:23:06,-1
21859167.803053968,174.5355289017501,16:13:26,-1
87884378.71567205,90.56688424066311,15:35:29,-1
81100992.57024659,161.22121543428588,15:52:08,-1
4916411.455959532,251.4623937249404,16:20:32,-1
11039731.42991122,120.38234092513667,15:41:33,-1
57601616.21910429,233.29818951887185,16:07:54,-1
11678632.88481614,259.314101890341,15:38:49,-1
77394975.15056896,228.71287164784036,15:32:22,-1
63455558.93222994,217.4227235879627,15:42:08,-1
49719311.79078802,332.7901813835616,15:51:01,-1
82535468.55486318,327.4225276718056,15:31:00,-1
11141791.657848235,267.6192977492632,15:39:05,-1
80326655.38681753,93.60042713152949,15:52:25,-1
80046411.75289723,236.4101709332138,15:33:48,-1
87625679.95374516,72.33089453377396,15:32:36,-1
51106681.42592691,298.3184436717177,16:05:57,-1
6935728.994568108,243.87099285201504,15:55:54,-1
79261404.31246777,157.85409880601577,16:19:09,-1
77576686.87602562,4.510201156289955,15:54:33,-1
84683516.33377413,140.60676167117785,15:29:29,-1
7153648.192367136,174.84106244809172,16:05:58,-1
51328931.974057525,264.3524946392476,15:51:22,-1
37311398.95072165,356.0315805309051,15:51:39,-1
27436956.56069619,105.46629133133014,16:12:50,-1
22521358.868138827,283.2217510634773,15:32:05,-1
32463440.94154583,128.83387271372354,15:30:28,-1
88449267.7015292,33.699016089772456,15:32:23,-1
16276272.255215378,66.95095655703238,15:34:41,-1
43126301.73415634,35.2923345557381,16:01:19,-1
25970092.34143984,248.6671451458593,16:06:29,-1
27049844.902355388,69.29709587365276,15:35:05,-1
78941442.69581182,20.566784876394635,15:25:32,-1
70824646.42100276,300.43700121513325,15:40:00,-1
54142231.16935506,122.4368226643195,16:16:36,-1
74817473.54508823,241.0517795645166,16:16:59,-1
24858223.937324986,286.1082478369576,16:11:08,-1
7269502.677355673,293.50651450166697,15:33:11,-1
63963574.64619279,300.6627973073726,15:33:12,-1
71527693.71395887,185.72016034610337,16:23:01,-1
75831506.60722375,287.65057183980736,16:10:59,-1
4622436.571779968,188.4425207625775,15:53:05,-1
77243140.11632134,261.7792590681361,16:19:47,-1
57262639.57162091,183.09823812745907,15:31:39,-1
77533334.3393985,7.690151337080167,16:02:25,-1
80833416.23746896,12.104878386464163,15:46:27,-1
22873792.85307152,340.5980529479282,16:14:35,-1
41196808.30582992,277.5559507446625,16:23:42,-1
83956701.14984687,29.77927333727382,15:40:49,-1
56787553.53075559,7.277484508864019,16:02:32,-1
47537315.59980002,228.4401315432677,15:50:20,-1
8048503.27726135,11.041256518036205,16:08:39,-1
54672722.8251305,37.47456617820138,15:32:54,-1
78344169.43980898,123.416190724309,15:35:11,-1
27757321.126842823,103.5386625391043,16:00:20,-1
58663825.75729145,231.2569140863588,15:39:55,-1
63419477.52191011,293.004205107798,16:14:44,-1
85700232.75588034,41.79172308153393,16:06:43,-1
20559293.75006683,78.67601948922623,15:27:58,-1
52180488.88211055,312.92760286416046,16:19:39,-1
21791054.53575374,203.014773968926,16:19:29,-1
13382048.855483202,283.20245047633773,16:07:30,-1
64342841.98686971,115.7870073827028,15:49:51,-1
37600980.95361219,318.0881074458137,15:30:38,-1
80363464.48806244,50.18987092278239,15:35:35,-1
46693976.58600144,328.42003584401084,15:47:03,-1
13490038.642825777,110.407096183161,15:48:05,-1
86633557.28594983,196.12505750235795,16:10:41,-1
54537741.23659601,300.1650915286894,15:41:05,-1
4127281.572669669,285.6929908646536,15:37:21,-1
53469922.79933167,116.3130161874676,15:25:50,-1
16224804.157084685,335.82642953797495,15:51:53,-1
83288305.31670143,208.68845024973385,16:00:04,-1
50091234.64111192,40.56533857109408,15:38:40,-1
50552009.42777772,27.188291918403188,15:46:20,-1
50364714.25651519,32.85062399500213,16:02:05,-1
72881459.8701305,91.87585745993506,15:31:20,-1
11870097.688066402,304.6112492911283,16:16:53,-1
10479210.905696403,260.61736803327824,15:42:40,-1
43075788.15969059,198.46419729638328,15:37:12,-1
59493136.2034919,70.24039497184084,15:52:21,-1
15063194.015757805,230.28805393664996,16:14:34,-1
83743530.2099538,245.5120372197213,15:37:16,-1
17349929.131013036,280.0235187791492,15:48:50,-1
7659057.844142613,163.31236820775692,16:16:12,-1
49068011.45894832,248.20598332448583,15:36:18,-1
57747419.66425879,89.82081532686156,16:13:25,-1
62433234.56002691,305.04397964690025,15:30:53,-1
13344476.302381516,128.9968651474133,16:13:31,-1
39490889.40079756,321.3029557021354,16:05:55,-1
53866085.47062548,129.4587602923793,15:49:24,-1
18646264.70901712,355.08367288904424,15:29:28,-1
64153.6689042106,167.5103707025399,15:36:45,-1
7685436.06990115,212.7157708241895,16:24:09,-1
44880361.69971435,93.65313191516124,15:40:12,-1
49451217.95481652,195.51727975251129,16:14:18,-1
22523779.08159463,53.765305198330594,16:09:21,-1
32236458.740446884,279.4447358261488,15:29:06,-1
67760991.44441384,92.76716131190668,15:34:38,-1
32132603.84734355,295.3888885840673,15:41:01,-1
32332850.955216177,295.5663469089499,15:58:32,-1
15974389.514078844,319.5049175982582,16:10:00,-1
4415646.899225143,189.43857595714,16:16:51,-1
55809324.75578966,10.386464131912238,16:11:05,-1
34745991.31000263,188.55300844793985,16:10:23,-1
71554168.83418179,160.82993941951133,16:15:00,-1
69095214.88860343,144.31296680990138,15:57:02,-1
62939938.76676757,269.0959986956938,15:53:17,-1
75116721.77147765,281.371762967928,16:15:03,-1
16233941.98112418,155.19089699736577,16:18:38,-1
87952911.7535289,278.8683475722986,16:13:21,-1
5684244.089003445,269.953389543204,15:39:26,-1
72855706.76843841,201.3911182071841,16:08:11,-1
82930707.01031223,32.27080969296138,15:49:01,-1
43176824.57277212,297.95692901384274,16:15:01,-1
11135257.603931203,314.7047474884369,15:35:38,-1
73716764.44238105,287.6914051797424,15:31:42,-1
11318991.07397525,49.43102765033723,16:19:26,-1
16416762.028076598,353.0176597549705,15:32:19,-1
86513674.08811435,90.4321855916116,15:57:33,-1
57149162.99216573,311.46913957443667,15:38:27,-1
74243632.33783038,289.5872479751079,16:12:05,-1
48994048.74656629,307.93129668005747,15:53:23,-1
55609199.85152111,339.1079985131217,15:49:35,-1
64285568.72865323,301.7540323615852,15:59:57,-1
33914512.55143461,267.16948986103307,15:55:28,-1
78843722.86110696,40.22372168175684,15:46:38,-1
39392889.53595497,245.28446848547864,16:00:57,-1
71020427.82450028,141.7812391698006,15:32:35,-1
43593614.15087792,48.39798544092093,15:49:26,-1
32190740.058404595,208.4916235842445,15:42:43,-1
13204271.740816817,332.59741998865167,15:27:00,-1
73016176.25132215,53.04142452485243,16:25:27,-1
23701162.753704924,326.00976233732894,15:41:36,-1
39321736.48625857,265.5298884782103,16:20:33,-1
35542797.41706804,327.0051271232875,15:56:57,-1
66931132.5624153,349.859828891476,16:24:30,-1
2990266.1251846543,358.82422745601303,16:11:43,-1
65809883.99645538,98.46011625530308,16:02:30,-1
10830228.375350991,45.19817498726082,15:30:46,-1
36161259.16336516,282.9424909192225,16:16:27,-1
88714387.25252484,126.49653446985336,15:44:30,-1
24550309.79373549,6.335355885507759,16:11:41,-1
73094093.65431334,289.3054513545595,15:54:46,-1
1274443.7702972868,112.74151093981165,15:34:17,-1
18248518.71680468,268.91538521744684,16:13:48,-1
62266688.75076855,177.7244475082523,15:43:34,-1
75238633.83463101,4.382455182634515,15:41:07,-1
17300043.10765097,119.59247661010208,15:27:41,-1
18043917.412426207,107.59744755907356,16:06:24,-1
89258505.35561052,198.59729191048035,16:22:27,-1
43183945.12195372,7.694884801830288,15:26:02,-1
68321465.19536106,182.3243659061067,15:58:42,-1
51484064.502215214,19.781542544882917,16:20:09,-1
20938209.162705045,64.4126649730252,15:42:03,-1
52121836.62386937,327.04742765193566,15:27:08,-1
63428918.10015427,263.8427095861276,15:46:25,-1
26108586.14284109,239.5348249575385,15:48:10,-1
67002663.82376549,249.62919496402972,16:11:45,-1
59935483.61760435,312.94152623316694,15:38:04,-1
83488710.17638627,108.86208627058946,15:42:30,-1
68301968.91683714,292.32171306172364,16:12:29,-1
46282268.49818674,289.6997113283802,15:59:04,-1
59132881.54723796,82.44319414316695,16:05:36,-1
12606597.296552354,296.2541322662337,16:16:04,-1
16545397.132840814,221.6745045564139,16:21:33,-1
85621467.57820098,231.6445602892609,15:51:17,-1
33305240.431814343,304.4647331045041,15:29:26,-1
14455770.029976184,199.86734869844548,15:27:53,-1
57294048.37792088,348.57765581799407,15:52:27,-1
42127371.70491242,88.90104947235993,16:08:33,-1
15700083.960827094,273.7384812579992,15:45:13,-1
42591635.42731461,132.1738259428185,15:40:21,-1
86190083.75103799,251.5205914411022,15:35:05,-1
35910147.39014569,85.21984194051404,16:13:41,-1
65119634.17840304,252.6716315301017,16:24:58,-1
84386077.1787009,262.9028088638452,16:22:04,-1
10833738.69384458,81.89873927191417,15:55:34,-1
47102152.50428745,86.01628165296019,16:25:24,-1
33658002.135680914,228.38204687596087,15:44:58,-1
14747003.395061385,191.07842014408595,15:28:42,-1
53598276.43852119,277.1922620976526,15:48:46,-1
74073346.1049772,333.929527574967,16:13:43,-1
16365053.393947417,47.55217337165113,16:09:54,-1
64520649.37879502,244.858269014214,15:47:27,-1
61619245.83131208,335.44515842033024,15:45:29,-1
68330164.70983331,326.846817801891,15:29:06,-1
70680580.82040048,153.386359211221,16:25:23,-1
17255995.815821704,96.3541670040388,15:36:35,-1
76349551.52427484,50.62381679724427,15:55:27,-1
66464326.94312438,65.87333261865903,15:38:01,-1
39421506.23137158,85.32368839354474,15:51:44,-1
79001189.26500879,340.31851139719765,15:44:15,-1
31974094.20664985,305.1979050299824,16:03:23,-1
30003205.08648504,206.0351176504672,16:24:36,-1
50303505.8968359,77.73351873736979,15:41:58,-1
40671792.800696254,128.7342502260932,16:23:48,-1
16343169.503221868,53.780136458215054,16:00:33,-1
17016080.85036293,302.0627398786481,16:10:54,-1
46622860.16809965,141.23202558199822,16:09:04,-1
87538859.19142292,38.36590041386872,15:52:04,-1
35696628.310267575,185.1581972921712,15:45:07,-1
82549115.62073304,110.62048710501952,15:55:38,-1
9753547.006305687,278.343652891124,15:28:48,-1
80183324.92355394,154.89905745326965,16:00:19,-1
15620086.113661336,310.7004727005592,15:40:57,-1
75456213.58687271,13.065868232612225,16:08:07,-1
57614261.21080061,295.760625102725,16:22:31,-1
73905037.10221207,121.93349325580836,16:22:45,-1
24058257.569958888,243.60551468691585,15:31:02,-1
41941388.41316295,292.7638425002759,15:27:46,-1
2331537.7338366723,245.4015382911832,15:56:56,-1
5387980.526917809,333.4562381966672,15:42:05,-1
33143304.838677887,349.4508073132909,15:43:06,-1
48783881.418723285,346.2134402632341,15:39:41,-1
21144212.67629121,356.6727833748494,16:05:32,-1
15694060.366551165,97.3914859291302,16:21:32,-1
32117324.485002115,312.68922784846563,15:51:49,-1
66421072.026146464,248.02536370100728,15:34:11,-1
71694617.78377761,165.22033362227126,15:44:23,-1
39758313.71275797,277.3692115243789,16:13:27,-1
4913194.657018754,292.5317370101741,16:18:17,-1
79326559.68669295,189.27405445201595,16:12:19,-1
17023368.523405757,92.61816827591014,15:45:48,-1
65690102.97149142,169.07006688042327,15:34:49,-1
1856855.1877340868,303.482322154554,15:48:38,-1
1220716.3810090255,12.766608931474144,15:30:16,-1
87723294.53452657,131.37267619415556,16:05:40,-1
43202593.03393968,286.74918909204666,15:55:47,-1
57943329.39859048,141.82152208894337,15:57:12,-1
84866910.34911534,321.2870908451054,15:50:25,-1
37980379.31550506,172.8200812325951,15:40:04,-1
35515733.92408071,3.2051190830193788,15:33:01,-1
56837532.67753198,73.87721807986738,15:52:46,-1
23027545.929360967,84.28972744907698,15:52:38,-1
16540054.337883074,131.5122938604414,16:10:24,-1
1553442.219364691,97.70030215645158,16:01:54,-1
9923531.922412075,61.72088327740972,15:31:11,-1
71053566.22881731,55.96729913105235,15:51:31,-1
8322880.934632832,295.5506333213269,15:33:09,-1
35789012.928336754,234.0709209062863,15:30:24,-1
61042093.32508737,171.55973214977914,15:52:39,-1
79791906.37338349,299.3985401477532,15:46:31,-1
88677884.22195591,15.310767201651906,15:40:38,-1
25816911.795836933,290.62958793490407,16:00:56,-1
20253692.6455858,154.68380665585008,16:25:04,-1
28359219.71645755,123.6791809150655,16:15:54,-1
34949828.59095824,48.23665260474346,16:18:32,-1
71088748.93754293,35.07702985569042,15:27:44,-1
25254668.897999927,109.89130847493044,15:36:07,-1
64708700.42927651,300.4872489827627,15:53:42,-1
53788675.04998736,83.46049045516864,16:08:22,-1
35434298.172079936,287.7498053592836,16:16:17,-1
12833182.062653886,259.3430510525526,16:14:27,-1
42354690.703226656,303.37660722300194,16:17:39,-1
18814079.66028374,53.44411149001311,15:49:42,-1
56529547.46424528,241.1497731090899,15:44:18,-1
84812639.620753,89.70713614917557,16:24:26,-1
33626301.799244754,215.6778308801053,16:17:28,-1
86078591.0227614,135.73768444383268,16:08:17,-1
31808704.18157601,309.31746899842693,16:17:29,-1
52411203.10559268,260.792655119486,16:21:58,-1
37721831.40018634,42.16183084572365,15:51:46,-1
4192577.903458987,329.54593396573284,16:10:43,-1
70644731.69005382,11.9482353295792,15:56:29,-1
46255907.63972013,203.99414112195456,15:54:41,-1
85987990.35455483,143.60410465526746,16:17:18,-1
34751149.76532417,245.92370056658805,16:24:39,-1
3374652.632798618,47.34183074703383,15:37:08,-1
18806432.836221434,168.64615340604058,15:44:10,-1
8811938.543326074,145.76986265658286,15:44:18,-1
56279307.558229245,235.83420494741057,15:47:44,-1
9753404.352935707,314.3823148893155,16:00:17,-1
10049250.365275,212.9656106807728,15:55:15,-1
43533385.13189618,34.50093263105198,15:33:06,-1
34202270.632579,163.50757526332688,16:00:16,-1
9763196.544113426,204.98908048756505,15:50:31,-1
16158271.502496336,108.2847787107014,16:19:24,-1
26508308.10536887,160.49635905506676,15:27:52,-1
23723014.78819636,356.93359762243966,15:35:59,-1
18750466.53750424,29.79212217421731,16:07:49,-1
54139845.57797719,293.70157931913934,16:06:43,-1
71334898.75206658,251.1835950514386,15:55:16,-1
56689244.36065285,135.13423731716657,15:35:06,-1
24983259.8380041,147.84889917741953,15:48:19,-1
27239915.80700877,213.2195501605069,15:35:14,-1
57090073.51403403,12.785985698527185,15:26:00,-1
11373073.19502685,80.32151973305334,15:42:39,-1
30670184.87447652,130.72337234903597,16:01:44,-1
66010907.22433436,334.19887508411153,15:32:53,-1
16066933.14800168,136.8895922778445,15:47:36,-1
81500564.13525656,194.69998058874063,15:32:15,-1
6011253.3228930095,166.23944169416816,15:46:09,-1
31523998.639184225,149.40971373788662,16:01:15,-1
25962101.53648527,147.40185455433024,16:13:54,-1
62705047.73018037,340.89374649374184,16:04:11,-1
48784857.23259816,338.3031348798418,15:52:57,-1
32488841.624937084,34.299665081847834,16:18:26,-1
24898109.66796823,198.92036517731464,15:39:10,-1
41490239.84564108,5.389129912578428,16:24:41,-1
71239432.49062595,351.513399019376,15:53:43,-1
47295020.66117861,274.56044143436407,15:31:23,-1
88840791.09696583,71.4858440728097,16:05:35,-1
42954508.696749285,132.85873479067186,15:25:53,-1
54258258.600830525,107.91570076578182,16:08:20,-1
86568383.1134307,134.3376497919438,15:28:40,-1
60255055.99837646,159.11272108062957,15:36:23,-1
40909424.801809445,193.52201333696576,16:24:16,-1
9389052.121913947,148.39115287657353,15:28:42,-1
34878039.869982444,353.02550762514454,15:53:48,-1
64219652.81604816,231.3229538931681,15:53:51,-1
2665893.235640764,336.1341401632169,15:52:41,-1
40056534.45275627,88.36825826270316,16:14:08,-1
63648285.28748514,296.7768609979776,16:08:35,-1
40424545.73026719,294.8483254044239,16:24:05,-1
71376581.532987,70.94237028460726,15:50:50,-1
89348886.4402652,164.63224223382616,16:01:15,-1
11583751.236826254,168.97476668533076,16:02:50,-1
9914354.459662167,113.20444730275015,15:47:53,-1
3727524.215960408,312.4255658717857,15:51:47,-1
14380370.71674541,349.0946252646861,16:06:08,-1
72069978.55948733,287.44294455856107,15:28:34,-1
832000.882876486,67.23605966831325,15:38:10,-1
71347095.9679319,124.19954714414344,16:22:28,-1
8370770.937812039,9.494082647459004,16:11:25,-1
6694776.135283324,18.164001483563045,15:34:48,-1
46098521.16440554,84.95469843397329,15:41:13,-1
8696989.535954474,24.96117022548568,15:55:31,-1
88848567.27616176,96.18431832314364,15:36:14,-1
48700694.20520499,47.92274665940814,15:36:40,-1
22581985.55318243,4.58044803747331,15:53:04,-1
86484289.04838489,190.7235571247056,15:38:47,-1
18955030.033031527,79.15032856035438,16:24:58,-1
42846410.04981919,2.477957141920082,15:55:09,-1
88812550.40397507,230.73275982983503,15:46:53,-1
70250157.59524986,290.5531328907465,15:29:12,-1
24194135.746192712,208.60841992015023,15:31:38,-1
68797668.14147831,214.05895585197567,15:41:26,-1
14536813.498896403,351.3761463397888,16:01:30,-1
26554056.291887064,217.38248876332904,15:49:46,-1
82635417.06509236,146.49746744682926,15:28:57,-1
16681935.518307688,266.0769162814253,16:17:41,-1
54797011.83176879,209.16727126943917,15:30:21,-1
82737512.8342271,209.89277516629596,16:20:17,-1
56492616.11118612,332.0245700660601,15:46:49,-1
71602767.86052924,170.6321576365826,15:45:57,-1
6509150.217448249,134.32547948929977,16:23:06,-1
30733806.22990904,138.18735894436895,16:18:11,-1
49359190.94739862,220.1813794585928,15:27:25,-1
4576819.282665463,190.71575714275167,15:34:01,-1
28465875.279952437,293.74579216703364,16:01:48,-1
26141568.120479524,277.6814250693261,16:12:25,-1
1758518.5973376422,197.1131355099926,15:29:02,-1
58361625.65252589,243.69879563185043,15:55:09,-1
75214636.1980722,68.1763865739329,15:37:15,-1
59266381.28910954,138.38104603170282,16:05:13,-1
22766965.93063125,357.0196183124917,15:37:52,-1
18008145.756632704,167.45272047506234,15:37:23,-1
22653869.058293734,150.88685011404527,15:50:30,-1
4317376.873226961,117.72510714073886,16:20:46,-1
85720316.37447882,246.4818491816918,16:21:28,-1
21138464.07749464,36.03622284398018,16:15:53,-1
80932519.39257066,292.1527214164317,16:23:09,-1
42685811.55709831,286.52485139128123,16:11:08,-1
25172311.73665509,201.248381645869,15:38:36,-1
3205395.7126137405,20.803606923680867,15:54:20,-1
38964203.43749386,215.6829279498468,15:33:39,-1
7271126.351687264,5.005623660052656,16:03:36,-1
24109895.550565023,350.4344480603759,16:09:24,-1
1984518.951690168,37.257235732446,15:49:06,-1
25616586.68146571,133.69600700719127,15:31:57,-1
82843562.09144121,324.796724056915,16:08:38,-1
19270182.2281465,54.11165922729137,16:22:07,-1
32714035.580982905,71.50011486957955,15:35:49,-1
68051292.68232895,302.0096223372626,15:38:59,-1
71865981.35732469,282.4753504474029,15:37:44,-1
7708992.927231406,184.0891765346868,15:52:41,-1
38826022.03684926,130.30314992720812,15:52:21,-1
10016761.797017025,203.6034777790657,15:29:58,-1
23179480.286784463,217.52152162254168,16:10:39,-1
25606483.06566529,21.923740110197905,15:45:26,-1
89768224.37612703,304.66236885385115,15:36:08,-1
53081579.94839376,273.63011796832865,15:58:10,-1
25422225.38764476,159.92088309576727,15:51:56,-1
6567660.891794211,37.93400421789703,16:18:30,-1
8958235.232061401,27.308679457964857,15:35:21,-1
9341533.677244432,299.9214474873725,15:40:32,-1
78436112.71986336,14.9631814559134,15:59:57,-1
19429409.35675848,327.4432114077811,15:28:03,-1
30330717.24127792,324.27673827857456,16:01:06,-1
53343033.85204383,23.36164552752864,16:13:08,-1
26003368.36910654,322.1514537351183,15:33:31,-1
88501405.68096761,314.0793309963877,15:29:55,-1
6113637.393039363,310.76393077273053,16:17:27,-1
39933745.01603966,311.4531566996626,16:04:52,-1
41883587.761032015,79.6259003282477,16:13:03,-1
33647277.0270499,304.2500132503518,16:11:22,-1
63414971.04549668,166.89761189357134,15:39:06,-1
61822671.7956086,130.46464035242846,16:05:05,-1
87329115.81206818,25.62895674907827,16:01:28,-1
53201889.24981024,248.81304405255295,15:58:28,-1
33788928.82092005,277.82424166485663,16:22:01,-1
73635293.65330541,123.64775443542226,15:40:31,-1
59777769.85013719,178.80245735147116,15:56:58,-1
70241743.71228518,143.9604157381659,15:38:25,-1
50477958.04339065,290.67328745494564,16:01:41,-1
1408899.5797606802,126.548250222463,15:44:17,-1
81383397.50962634,354.13881794746874,15:26:45,-1
26851808.228440795,286.747739901821,16:09:51,-1
40625384.6522762,264.52299019524867,15:42:41,-1
52101912.15696365,358.7141316175292,15:35:18,-1
69922455.63324979,27.441416221273244,15:27:56,-1
42015322.90842968,28.87404556180048,16:03:42,-1
54031277.16197389,356.50468474767035,16:04:37,-1
78333408.28549232,15.484288102827035,16:11:32,-1
66787116.53114634,169.83334082391156,16:19:00,-1
65755107.0285222,62.36249335260145,16:05:03,-1
42422942.41481584,212.363408681812,15:44:57,-1
80850632.79733004,199.08286014861005,16:13:08,-1
71115416.98751414,332.9776825835803,16:14:19,-1
58344360.924494185,292.6640584934969,15:30:27,-1
68977989.40579161,149.29861252998933,16:06:12,-1
54431851.79408937,140.8097598257505,16:00:13,-1
55375383.16683405,103.1732557460588,15:36:21,-1
24259669.80253312,316.8137865344136,15:59:54,-1
87736037.72796161,213.78240466157095,16:17:04,-1
77004815.06123587,133.81142625320402,15:56:10,-1
33124425.52351345,284.84340955255857,16:12:38,-1
79004704.58728881,313.13372193770294,15:41:06,-1
23503637.16129694,143.9346175863793,15:38:11,-1
12771524.514827969,96.4792902303514,15:43:58,-1
85317177.54788335,287.75247727494354,16:00:24,-1
46894421.84094933,228.769133215165,15:53:38,-1
19411815.441910617,14.271105130299553,16:21:56,-1
58267360.971186966,49.60287263713536,16:05:09,-1
73948545.92803673,77.74213734135604,16:22:47,-1
10693554.74162748,314.23623546151066,15:59:16,-1
66248243.21018148,253.9201595420581,16:16:53,-1
65950431.1640065,206.96831991022225,15:58:56,-1
29316792.8349056,217.68601489429724,15:30:39,-1
54571011.31587171,352.2598405117952,15:26:00,-1
72464427.09037305,285.61379640016696,15:44:51,-1
12777488.114672894,137.55539351161056,15:57:22,-1
76946678.07106198,74.135303412795,16:04:48,-1
2556682.471668188,33.83308428994085,16:08:07,-1
26807774.596900865,94.2733257346672,16:14:48,-1
49416186.97644627,87.77513131896784,16:16:23,-1
8938080.135900022,267.0815114663502,15:56:03,-1
1468660.0292978513,38.975862749507456,15:40:31,-1
1101583.4781778632,64.16120217290569,15:59:39,-1
28710325.4521968,17.182945955822007,16:01:13,-1
62187541.84026691,278.47659587564186,15:40:04,-1
4381473.878251505,207.87826941180847,15:57:53,-1
39742309.61107367,280.75035068896136,15:43:14,-1
34283241.24189431,228.52928240318485,16:06:00,-1
23089327.425591707,153.44066304588733,15:26:36,-1
64713283.38558672,298.21271710407336,15:52:29,-1
85340920.4603007,98.35078947111047,15:32:55,-1
20627161.62789813,103.24624308220908,15:32:25,-1
13241412.732804706,353.9755978446513,15:25:50,-1
42844260.328649886,17.112295960026,15:55:50,-1
35752043.03897253,228.38544273035265,15:35:54,-1
88836498.96084714,281.03434951319304,15:58:00,-1
42971175.40134655,43.95110034770631,16:04:48,-1
87130271.62386294,345.1381917766466,15:41:45,-1
13063257.495658487,36.70714426091764,16:21:18,-1
66245524.90027731,340.6687619207119,15:28:05,-1
69435855.36021432,123.53371735483972,15:43:12,-1
13977312.01938286,333.6142384343538,16:22:35,-1
42983800.32342893,249.0554339503157,15:54:59,-1
60681613.1188101,138.85740897179815,16:17:11,-1
24943385.338247493,96.00936300745326,15:56:18,-1
72619676.74331711,244.08391176992012,15:31:43,-1
7569937.069712815,172.496714671065,15:45:34,-1
67171347.35160637,191.24737138980976,15:50:38,-1
30868231.095486816,336.3643376361477,16:15:17,-1
79755287.58482397,75.73725131263087,16:19:24,-1
13460527.924909784,96.2522243376134,16:11:51,-1
62478860.36435472,196.43745911652687,16:14:04,-1
86308759.33008705,69.00902334890958,15:33:01,-1
15175900.948534142,15.801482569443364,16:09:41,-1
6169673.931482006,202.64768879230567,15:41:00,-1
79953545.24475458,6.03183291097813,15:46:34,-1
45437258.96859072,26.157971002061373,16:24:44,-1
39337123.54090593,287.32722812309385,15:42:53,-1
62497203.02087887,329.8740078764195,15:26:39,-1
84043950.62086654,182.9182194340674,15:55:52,-1
1172746.2363416753,118.24932584517146,16:06:56,-1
21382248.75189502,64.36188302696844,15:50:10,-1
78834249.51013584,244.35616797672924,15:29:33,-1
7131839.539247643,52.69267846527044,16:07:29,-1
9618749.705156084,276.51067632361867,16:04:03,-1
14548194.711120306,266.91277701057487,15:55:22,-1
36811584.68052192,109.68250810334828,16:14:07,-1
59031023.43478563,260.6555953862127,15:49:31,-1
21875510.771998435,340.6241759703449,16:02:23,-1
67574864.84345068,1.5798317377638549,16:09:44,-1
29848325.745432023,2.3644080656681954,16:20:50,-1
64684307.86022538,170.02266874037227,15:42:42,-1
78529787.50176184,1.0628728388866504,16:00:23,-1
49087661.82769039,84.80225791180192,16:22:59,-1
25052333.787264902,281.77179312515915,15:49:57,-1
3849832.4896200895,55.03624567638784,16:22:59,-1
19812659.02788934,345.4661062345505,15:58:44,-1
19989595.78393724,338.1437741461402,15:38:08,-1
59116834.87032004,80.04969450827058,15:59:26,-1
28772542.70335876,338.94285133765544,16:17:19,-1
32504848.556812324,178.3847403933585,15:57:30,-1
67029931.76031014,244.66892429484557,16:19:59,-1
49793147.442000605,44.72722436297869,15:29:37,-1
26149205.60342981,118.7596082229815,15:46:23,-1
30117434.789371323,253.55787672697585,16:20:22,-1
52665935.38190867,344.9784284401217,15:49:23,-1
62127050.92662536,185.3494008528452,15:51:54,-1
34083699.71207502,344.8336583359179,16:10:08,-1
7630158.664322416,286.77598153454096,15:34:53,-1
62692931.58467477,45.14152656001524,16:09:12,-1
16135166.57716291,272.45263205974067,15:57:46,-1
57219636.357887015,65.36790656686539,16:14:34,-1
48462496.84225335,283.4730246557362,16:12:55,-1
61930565.48016874,54.89558550449141,16:06:28,-1
63735035.19136474,246.9945548612283,15:52:18,-1
23843718.37711301,216.18460957206423,15:47:29,-1
46115555.85349906,304.5339768752156,16:14:10,-1
23769315.76537441,358.221004402134,16:20:11,-1
50908485.70351126,18.552998979768983,16:06:48,-1
18520257.08073471,164.73142131771823,15:46:36,-1
56013829.983692445,123.68692797906282,15:30:27,-1
19618987.0314675,175.89026497166122,16:03:20,-1
72281832.27501388,233.1442666068975,15:31:02,-1
49704982.85404411,213.401188737922,16:06:13,-1
12882009.476301536,319.5348875931466,15:28:55,-1
27666710.67552399,119.55017491919754,16:16:26,-1
66765194.40586805,33.74292218498396,16:22:54,-1
71846384.0333268,72.55657757661568,16:09:30,-1
28699626.79884563,98.90063773223832,16:04:07,-1
26368037.830221016,24.267053743766063,15:34:10,-1
13797652.67241897,336.3659826673686,16:07:04,-1
41519717.87959191,176.0978810359126,16:09:31,-1
60079953.39627884,113.21907135713136,16:24:09,-1
52101331.3719499,333.5698025504947,15:31:03,-1
15685835.893693049,87.67918340376244,15:29:35,-1
89933363.09293233,5.392773621585865,16:16:20,-1
41389360.43478774,144.5242979645918,15:28:18,-1
79936989.02096161,1.277281293089194,16:07:31,-1
60390803.7594896,358.5844923691723,15:35:17,-1
14445903.634368611,70.90916845337456,16:03:16,-1
44110043.92873515,23.538585953490333,16:11:16,-1
11095411.380983124,115.90271634052873,16:13:36,-1
2262043.4479435706,6.968131392010197,15:42:52,-1
35814744.24851773,165.81530280643432,15:40:24,-1
10096557.263067784,221.6586526435824,15:31:57,-1
8511788.932581747,341.0739333964686,16:13:40,-1
62977293.259474695,47.44731487886263,15:30:47,-1
33164857.4024498,284.6094999248314,16:07:39,-1
73537705.74184702,177.41206525159387,15:37:55,-1
78597261.4496036,256.0089374070621,16:02:59,-1
61751850.01838415,156.91012228266024,15:43:48,-1
19775387.711273592,241.79386638107857,15:28:16,-1
36425012.45883135,265.3135231756802,16:19:13,-1
87703626.75680624,244.73302625024692,16:18:16,-1
6615622.575484967,211.6451582517413,16:24:09,-1
76454848.60049652,82.12403603439087,15:40:45,-1
81389676.90047087,324.92204957402026,15:35:49,-1
34239828.48392677,227.03764578695387,16:18:55,-1
43177863.28281156,277.8634237903864,16:10:27,-1
27189102.49454117,289.9597329578021,15:40:18,-1
6814423.628418453,100.60213148772158,15:49:27,-1
44427630.64950234,85.20957051368744,15:30:04,-1
8466004.701565256,97.27007867224354,15:35:40,-1
66343770.5902621,82.32115807720774,16:10:08,-1
8331494.596956748,76.07088007555274,15:42:21,-1
70302199.42541438,329.9716418347656,15:48:53,-1
20388086.95815508,300.65394650596835,16:02:14,-1
75847524.65818708,109.3943719715141,16:00:27,-1
7611365.922981102,305.2357478454947,15:27:19,-1
65241984.73133008,170.08767561811104,15:51:26,-1
31619709.479723293,211.19881428723937,15:39:08,-1
32455985.41213017,129.7871800426646,15:39:16,-1
73235035.38279966,295.55693325294925,16:08:34,-1
78220337.23182295,2.151938772789408,15:32:38,-1
15109688.470555391,222.33280531483743,16:01:01,-1
42071243.27316854,303.0849126914981,15:59:03,-1
55370172.75245874,157.3432586677022,15:48:44,-1
85388899.28767844,308.4754538165725,15:50:17,-1
84546730.39225923,67.9653277449647,16:24:18,-1
88525186.98136632,2.676436791494518,15:27:42,-1
9041092.975065945,47.0534435428312,15:38:38,-1
64876179.37262276,283.0910698943468,15:34:14,-1
74983797.06713314,353.9427672929877,15:45:19,-1
70898464.30639349,355.63005486964374,15:32:58,-1
78973652.18132208,1.671513643204885,15:47:15,-1
85419474.49653819,71.08210630500409,15:53:45,-1
27267416.79822907,156.15578557263711,16:11:55,-1
15446874.818393089,60.39852238133215,15:57:56,-1
74575225.22378562,258.6848660716423,15:43:25,-1
1658868.4617871076,93.73020568780332,16:03:01,-1
44159142.20370567,264.5024204685464,15:27:44,-1
66697481.559080265,318.9863327362835,16:25:20,-1
67083225.2915099,349.7309993673179,15:52:54,-1
70008648.91913742,194.2873997463768,15:38:09,-1
59398848.248700455,177.17244568200732,16:20:06,-1
4261229.214936601,96.14453978874742,16:23:51,-1
26885024.78186786,163.0810638487322,16:16:29,-1
10722457.477327587,343.3757199845422,16:23:19,-1
22377107.32253229,14.43964845469177,15:25:42,-1
69187121.14236872,15.479736963106909,15:48:44,-1
77088191.4386057,324.5040107462986,15:59:16,-1
31919985.30758709,37.44560957367588,16:06:44,-1
33631087.581245944,147.46451419698923,15:55:23,-1
27026429.367550477,196.65575928008496,16:11:41,-1
71665195.54206271,317.2210708362941,16:18:18,-1
77402129.18417269,41.59292420979603,16:07:08,-1
23692314.48442194,50.14551877103654,15:51:59,-1
3158226.305842265,291.4922100454726,15:54:52,-1
85597348.69743274,288.9202241588522,16:20:18,-1
7358213.896906584,194.053000702288,16:24:52,-1
33359550.78987197,352.73955194133697,15:45:55,-1
81764565.466989,343.2824562489728,15:50:46,-1
79680764.2348734,302.22991095832606,16:04:23,-1
22771699.049952853,298.8682095606637,16:18:00,-1
70262256.95131853,97.74205314980104,16:21:21,-1
14670437.666937629,267.5997897598955,15:48:09,-1
12493285.484738152,20.488774856514,16:01:26,-1
69065495.48841293,134.2347388614412,16:23:04,-1
62694576.39599227,262.43687297579925,16:09:38,-1
42659115.89518569,352.85328517313565,16:23:21,-1
48441184.87993743,122.00428067574512,15:59:38,-1
40608307.85883436,189.84555040018097,16:04:20,-1
57843079.13224453,263.812860076472,15:53:53,-1
27180298.47576405,310.1670184942574,16:21:26,-1
46173858.52245215,114.9614746924022,16:25:19,-1
27486274.926056303,174.68901077829568,16:08:17,-1
68609725.76146592,68.23510556305672,15:32:57,-1
5228393.198713556,37.49548290808264,16:00:24,-1
47143084.151165344,292.5909980092799,16:19:57,-1
478803.13601417537,184.351386873824,15:30:20,-1
25937670.871228755,329.520046473629,15:27:33,-1
82808402.78016205,264.29439041812793,16:06:43,-1
63154120.515970975,344.9413358005729,15:26:46,-1
6298640.04802329,30.67599481401672,16:01:56,-1
23287211.701944742,185.21505198188703,16:23:54,-1
55511455.01892162,73.78866877477691,15:29:29,-1
27645286.17697423,117.86280354998962,15:36:46,-1
52034626.53731353,44.35358999829737,15:29:18,-1
50553164.08086276,137.05961381954964,16:15:06,-1
65579744.67151727,253.074764475418,16:14:59,-1
86823675.40999009,101.65241226173664,16:15:50,-1
66388551.97493015,187.9651717322669,15:54:20,-1
84690848.90977947,5.6516447154807725,15:34:14,-1
81980093.64315182,40.071758269071495,16:17:43,-1
13010431.615942176,176.44203806365513,16:24:11,-1
78131315.26871082,27.54906815875782,15:34:55,-1
63695567.28598146,320.146066041368,16:17:27,-1
17321295.087352958,207.9031593351166,16:12:03,-1
25368790.650780708,241.72091369914497,16:22:24,-1
18956900.738040265,129.04946807509282,16:09:17,-1
13562645.169024318,357.271004433661,15:49:54,-1
25786111.277532484,234.03186275589604,16:04:21,-1
9677081.097640274,228.5444229458035,16:13:38,-1
5361083.144941329,50.47945568821181,15:53:54,-1
80452998.27934225,258.38277383217974,15:41:20,-1
60220963.06831548,346.7619394153584,16:03:49,-1
58804155.79110329,272.6706722471283,16:10:42,-1
9815917.465204217,101.2637733325682,16:10:44,-1
75718835.51088671,69.40605502503786,15:51:37,-1
24247336.337572917,5.083571597405574,15:50:10,-1
72008855.77046151,318.8127111742868,16:24:29,-1
49419570.69921334,207.5588591134869,16:11:29,-1
30386291.815574087,227.7977317879269,15:26:35,-1
17276404.30341633,234.68743600414183,15:45:39,-1
87635148.49872799,295.6949047589951,15:32:15,-1
32038233.60969473,229.82580217040515,16:11:21,-1
58450299.40544707,90.96071615080112,16:13:21,-1
13321181.061263047,333.795773093666,15:42:18,-1
89512673.70024063,299.7944190678442,15:41:56,-1
51393042.97168535,319.01401617460425,15:52:40,-1
29046879.520328548,135.7630204964402,15:43:41,-1
23648797.972575687,222.75852202253012,15:49:40,-1
10066855.479631834,35.43286683645812,15:35:33,-1
83687840.68455571,47.58016322640271,16:09:24,-1
59802140.16880598,211.34106549909785,15:45:52,-1
25804672.564881,271.58932223099254,16:07:06,-1
80974363.16896036,339.1542860100173,15:25:40,-1
50997293.71486443,73.78089819009791,16:23:19,-1
26274991.17489012,169.61316347000303,16:02:34,-1
58407574.53581543,313.1300562645665,15:26:41,-1
42494532.11182443,2.113409842919016,16:16:09,-1
56778764.85817912,299.0430765451537,15:42:00,-1
9922779.009212025,355.80640234484537,15:32:55,-1
61579795.65630641,110.5272071287094,15:53:53,-1
1417302.5822054767,162.95588643669444,16:09:19,-1
41320576.78521816,184.70295187229397,15:26:05,-1
80408184.90695627,72.3626974928189,16:03:35,-1
2870200.799906308,115.10695270930972,16:20:52,-1
12890805.772436596,140.28156439877307,15:56:16,-1
41696655.853537455,235.4491320762564,16:12:28,-1
22332126.05152703,22.92395493971144,16:02:59,-1
67592794.70498016,12.116109947107416,15:36:56,-1
58378545.31929881,225.4708894304187,15:52:00,-1
54468805.4139031,244.62309135554068,16:05:54,-1
6461836.57715722,163.0025867908396,15:44:09,-1
76930736.67832045,226.69565448230105,16:22:47,-1
22978324.43448141,24.59172302592336,15:50:17,-1
58104614.18140177,22.65179169390614,16:18:48,-1
76939891.27705656,99.76329450842022,15:54:21,-1
42690668.88413993,113.9626495363084,15:56:04,-1
42265173.02655216,286.13160290767524,15:59:22,-1
46352204.51096452,52.88690883500572,16:16:34,-1
73977536.91069986,226.56798261585365,16:08:35,-1
55094623.913966656,130.69792697737827,15:43:43,-1
65021968.582536764,357.0959971015457,15:50:14,-1
73118309.17088114,257.2118735866694,15:26:41,-1
49416415.496731535,247.953748549614,15:41:20,-1
62340728.32677315,238.7843797889497,15:36:12,-1
70849549.75225317,344.61144613269533,16:05:36,-1
67785284.14722282,213.6507524305241,15:59:27,-1
34787865.169821106,256.2332240335025,15:46:38,-1
87603021.75684707,295.5476265429921,15:32:28,-1
39101249.53696124,329.78619153811195,16:19:13,-1
19984215.842968065,157.07227070682922,15:48:38,-1
80711001.34490271,201.589044840458,15:53:33,-1
81868744.21524832,268.52355835184386,15:51:29,-1
52452266.20750197,165.31535491984036,15:57:23,-1
55248712.8575386,153.29324978130515,16:10:51,-1
61866263.806432806,116.19793514820444,16:18:27,-1
65398329.64813814,11.3461750262775,15:31:34,-1
6559863.655391047,134.0551696425478,16:07:31,-1
33597178.58213383,305.7410140662614,16:12:07,-1
55524733.87118609,35.88421172684745,16:09:43,-1
60474719.78664451,190.19096223148887,15:34:55,-1
45610223.4777379,308.1441553567786,15:35:47,-1
89063437.36481713,208.07212091919797,15:37:08,-1
52714779.80360739,300.2280820156679,15:33:58,-1
47668483.60828724,261.7771304650178,16:04:25,-1
53352026.12485172,335.7026169201671,16:01:19,-1
35814995.178197324,109.00442813870188,15:29:01,-1
47295619.59674543,282.46859514904924,15:30:20,-1
30945747.030899145,312.26478885543594,15:57:54,-1
49663855.970258,19.84604580850627,15:58:48,-1
62126858.67895846,290.79133461118323,15:25:36,-1
53808531.45879099,346.0388018324068,15:30:35,-1
54033442.62896606,270.2613156420273,16:05:14,-1
13426183.190552646,282.1870901568556,15:26:59,-1
9060172.953591362,171.80491168903166,15:43:45,-1
55401946.354952425,315.7068003580944,16:02:06,-1
24544576.40430761,287.1523983415645,15:26:51,-1
83167509.67098959,46.36953286422464,15:30:08,-1
2486855.7525550816,356.491714843312,15:27:23,-1
18016631.71811669,99.487216207894,15:57:00,-1
24014225.97299785,131.95418352759364,15:27:43,-1
66720318.86201769,177.09357727896864,16:01:15,-1
25767609.41397194,288.0463468716621,15:35:35,-1
39758111.162152015,135.61099466470858,15:39:19,-1
83786995.02273908,338.8549305454646,15:30:05,-1
52968388.24330445,318.5830572487691,15:54:26,-1
61193169.69287295,210.22458939267503,15:37:09,-1
62622509.93015742,2.924184066531028,16:00:24,-1
62516853.89728703,340.53582583510206,15:52:11,-1
47157834.70123988,309.83571261020256,15:59:20,-1
71524986.61826956,35.28365759499459,16:03:26,-1
87691101.33250558,202.9272386660834,16:01:18,-1
44264334.80385988,14.7560362744878,16:10:31,-1
68502773.13751031,276.148752191162,16:24:39,-1
61673433.10846356,154.61969379712502,16:13:50,-1
67409294.8073255,316.20320879453305,16:09:57,-1
56360501.56095573,12.56221619311737,16:16:21,-1
59426291.65324082,232.9200517499444,15:46:28,-1
71803845.70008661,166.38966170675891,16:18:30,-1
33829822.55198718,79.75916458857746,15:50:48,-1
39696727.274344295,238.3541129182702,15:47:45,-1
60746166.41482689,199.0945474178393,15:55:23,-1
43463251.48341989,281.2225010365386,15:33:24,-1
46114225.47001944,70.11439351672442,16:21:26,-1
76372369.26644604,210.4043126055185,15:57:17,-1
29169497.607963208,354.9838216686581,16:18:22,-1
83326772.61122064,69.66381889365447,16:07:34,-1
2888237.8990528174,200.91358648591597,15:53:54,-1
18213010.081627745,91.34272636726254,16:05:15,-1
22273121.76999633,357.80916428166034,16:12:52,-1
40092956.7663549,134.70690783469126,16:19:37,-1
18529627.010188702,90.11492029413527,16:14:47,-1
18813400.52773866,325.8824448580093,16:12:42,-1
18601594.79500882,115.99499189659625,16:03:06,-1
73789709.24398082,17.440767374326988,15:54:50,-1
49715266.449243285,7.890207072684889,15:49:06,-1
22823079.837314587,158.00695275340317,15:33:36,-1
5015173.814848834,83.19333104658796,16:12:31,-1
61344991.08572096,310.3623193104489,15:49:27,-1
3878113.942110477,32.6351836127441,15:26:34,-1
72002938.8556252,358.7136055553421,15:59:15,-1
44668200.440774925,166.70355594117828,15:56:30,-1
8987180.123292787,128.9987755516739,16:01:31,-1
47121926.38356508,221.9306189846837,15:46:40,-1
66479427.58524234,21.457276807696488,15:57:37,-1
47848300.135139786,228.10415363655127,15:46:18,-1
73115050.74999902,28.59915772042191,16:14:06,-1
75225335.60920191,76.54219866023658,15:56:55,-1
37441804.66441528,222.03195989443284,15:59:23,-1
48459342.25650174,316.1687879201033,15:39:55,-1
77468527.2859388,31.51177786716456,15:39:33,-1
79218338.88709211,331.3912686444343,15:27:08,-1
79344233.92612557,299.7910665421166,16:14:32,-1
87736592.96531008,19.69827355251475,15:48:34,-1
48579400.203844704,243.5947766081456,15:26:03,-1
44990151.438077,151.47368883011487,15:28:24,-1
4988664.919142538,318.1846998692876,16:16:39,-1
11900851.899982952,340.96389692199585,15:40:42,-1
70126696.94480756,137.71463127642653,15:42:26,-1
33975179.246928096,126.16707074897543,16:15:11,-1
44657487.28766549,302.929768600454,16:19:40,-1
79216645.66813576,346.4228854516711,15:29:58,-1
63863038.23242513,153.2004275368102,15:48:16,-1
76716335.10088857,149.31127650822384,16:08:06,-1
26387977.594873875,113.27930234334713,16:07:01,-1
47323108.06928629,223.99449272285196,16:00:57,-1
66242786.13931041,43.355940100207214,15:58:41,-1
49344382.25548528,172.24000542652382,15:27:22,-1
57229607.040546745,313.55538320544,15:36:23,-1
85436687.30092447,186.5972935026564,15:26:25,-1
88868271.75233503,35.662105784110125,16:02:04,-1
19058389.054865845,123.3002619676618,16:07:54,-1
23828547.56787107,319.3648218926496,15:57:47,-1
25900329.33535007,23.27201620646691,15:51:25,-1
72483746.02751832,93.5897921338757,16:03:50,-1
25148076.0343366,80.86984071275323,15:51:27,-1
11645056.889018573,257.0800304984011,15:32:20,-1
67934040.04097654,82.77777210467195,15:43:16,-1
69936164.87220834,128.54135011208737,16:03:09,-1
40400100.79983531,52.43006775886987,16:25:11,-1
48894863.56455558,128.5577555526936,15:36:05,-1
33205988.83017116,14.82202692873714,16:01:40,-1
66855713.81173427,341.5217854738494,15:28:45,-1
56697928.4684144,21.155041011948818,15:30:21,-1
88024650.14396715,257.2549701827708,15:41:04,-1
27548891.13321057,207.8288606427741,15:26:32,-1
58990514.68085463,180.8845594564832,16:25:07,-1
17170687.364596784,293.7297025769619,16:17:05,-1
38036431.25090511,129.27417909963555,16:19:26,-1
55026810.67332724,70.44843553237398,15:56:54,-1
42414399.97264548,269.5961076524691,15:31:55,-1
6828756.574071241,359.56365250107643,16:07:36,-1
68902000.45745055,85.31313534224792,15:31:38,-1
27883678.70049604,139.79290029461777,15:34:41,-1
74465632.09889416,221.69913485752417,16:14:17,-1
73386703.3511388,11.666038398653503,16:02:10,-1
65580864.44480261,215.7858900082902,15:58:30,-1
86816345.00537357,143.47495821059746,16:11:21,-1
78864622.43429,126.3753897326443,15:35:26,-1
78534457.08663046,160.2913356826083,15:39:48,-1
10311945.867502324,53.28718605315202,15:59:09,-1
63226409.45161514,49.5600750855685,15:45:06,-1
62422700.950235456,62.19307300442071,16:15:51,-1
68186312.16788636,190.3551497839116,15:59:24,-1
46208459.30095796,317.2184808795912,15:40:43,-1
89059833.80020455,109.85733637989595,15:59:59,-1
69731698.80075431,249.46362076671343,15:40:06,-1
79668916.63920118,315.01855151849486,16:04:40,-1
80494713.01601294,230.48983320232284,15:53:42,-1
56785254.62702695,261.42793070373705,16:13:57,-1
50456882.64710561,8.732285081074078,16:24:24,-1
27894262.787616752,161.73440598629574,15:25:55,-1
8706925.368580848,130.7354417796981,16:18:37,-1
32211700.3988436,52.82393922183904,16:03:57,-1
43454220.36422658,221.17718503035852,15:45:07,-1
82245940.59318133,100.54180358109342,15:52:42,-1
59646219.14515535,309.88604791219643,16:07:11,-1
65053594.48822072,177.2010525167474,16:14:30,-1
57330945.42778063,276.8280117455932,16:20:05,-1
66936899.86020841,209.26492754587412,16:08:32,-1
32281936.481648907,31.783381475379908,16:05:37,-1
3616163.669567628,318.09044566397233,16:17:18,-1
18446956.363524813,223.67584750031293,15:47:03,-1
17749081.457985364,349.84692399252737,16:01:25,-1
386280.7333567589,194.97026652434243,15:45:56,-1
38436330.16486632,264.78392605308204,16:18:20,-1
88178410.2510626,257.22605516732705,15:41:46,-1
88321330.0331361,14.188200750577863,16:04:23,-1
10427511.36647469,254.72290696282772,16:09:55,-1
56590546.50374137,347.05744432197025,16:21:58,-1
13918771.217977026,147.99985903677913,15:27:48,-1
26015333.70136508,63.916419678337306,15:57:48,-1
89756084.78138609,351.1722989195909,16:08:28,-1
50380751.68398784,221.0761250412488,15:38:11,-1
38511329.30710249,114.72481197765862,15:54:41,-1
59957280.18569208,278.7131298078196,15:44:36,-1
25954851.751720127,165.01922623084468,15:55:46,-1
89261331.96605597,69.6652259714637,15:54:59,-1
18351144.40042664,238.1373398787371,16:10:00,-1
47460925.18367126,286.2510547493893,15:55:36,-1
34988517.905617215,69.9737995474682,16:23:19,-1
61116841.67325087,113.30533098500172,16:24:52,-1
64697610.30085286,100.02447894388068,15:55:04,-1
83207927.18444836,102.64318548449316,16:18:10,-1
28489997.45436419,268.63874708432274,15:52:42,-1
45291385.1649691,138.49494602472302,15:42:31,-1
58815191.46004547,130.72285155768333,15:27:57,-1
25718776.10107592,230.61079633303697,15:53:11,-1
10946293.284452856,236.1216680221632,15:49:44,-1
71604725.7959605,156.21367832379758,16:11:29,-1
62106381.66158261,107.43815707290746,15:38:53,-1
53091905.17505665,47.88436357380837,15:48:40,-1
11270431.26697838,224.33133960004693,16:23:52,-1
22887160.299577143,146.17599134215487,16:12:09,-1
73495185.68734321,158.8522696389386,15:57:19,-1
74899528.39167158,47.272200936349655,16:03:40,-1
42603730.02784095,96.01328686577156,16:09:49,-1
75292886.22008088,310.3921040207606,15:30:50,-1
75285768.6104872,21.90017333587388,16:00:37,-1
34910781.64364213,80.29447641042276,16:07:27,-1
76169527.70276791,179.15834116227222,15:28:24,-1
8563315.553515825,309.6707770568648,15:49:49,-1
59140650.88764662,145.83908919283135,15:53:02,-1
41335605.7541494,157.4521776168162,15:29:01,-1
5375730.50768907,156.82527819033498,15:49:02,-1
13395105.799738549,275.60897118981075,16:13:53,-1
49702300.89782498,35.13823406001319,15:28:21,-1
33720102.2150543,176.27342679241545,15:53:29,-1
70036914.03029881,310.5035541332612,15:31:40,-1
38640804.60596359,262.8593453741544,16:22:06,-1
79206884.05569462,257.82553792543865,16:20:52,-1
13023672.89236388,105.5251309721689,15:48:26,-1
77671646.28546838,305.3974068101812,15:54:05,-1
3666647.178446794,341.0603305347586,15:30:17,-1
56614819.14621484,36.54277583741286,16:04:34,-1
5043092.5322824735,2.86110700498579,15:25:36,-1
52530663.5551505,162.51321040843675,15:50:55,-1
26653284.901024677,195.1042662690336,15:33:39,-1
21158886.240523268,111.80715363693496,16:24:21,-1
59519976.51566823,253.0054621600485,15:46:19,-1
58326820.09741821,322.44007202832705,16:20:24,-1
44929738.76330525,107.4811583865668,16:09:30,-1
82502076.52495982,277.6320582652962,15:29:22,-1
60845342.00440404,186.39761509862677,16:21:15,-1
74366244.8641554,270.2673506991292,15:48:45,-1
82412416.38455942,348.9637767306982,15:34:02,-1
58252659.62625335,39.87795148690416,15:32:18,-1
80606157.25930466,75.94670670983243,15:59:13,-1
61152460.99438945,44.08763084329086,15:44:37,-1
52936386.02227528,253.89653117574312,15:31:35,-1
36916666.844465055,174.38501045151796,15:53:50,-1
26509178.69078213,112.8735185586972,16:05:55,-1
74041831.82312433,65.12717141361031,15:35:04,-1
10274309.971731313,332.211958146944,15:50:17,-1
17170771.5894362,342.8687699275194,15:34:33,-1
89646261.06773345,209.13639255478984,16:03:40,-1
112883.22468540972,162.5808618739036,15:53:13,-1
70260528.27619725,338.39640294995274,15:27:42,-1
68763444.22539419,283.7940093806801,16:17:36,-1
63822184.5426596,147.37551277249625,15:34:37,-1
16757385.334750392,102.48452392927776,16:00:50,-1
71813251.42874314,107.0420203990262,16:02:32,-1
50707808.429383375,343.1244679114154,16:14:05,-1
8454442.318112042,200.70644126138797,16:10:48,-1
49614114.52020333,143.14518158445404,16:11:13,-1
38587525.22204525,223.4929242997082,16:19:32,-1
70972289.3470034,99.81824095662388,15:55:10,-1
48200611.93183435,191.2399553759932,16:01:08,-1
77517828.52134858,36.90742951962453,16:17:58,-1
42053519.3988229,258.1397504566972,15:57:29,-1
67149409.64549449,337.619869840072,16:22:19,-1
28849073.57832896,219.72638359816528,15:50:53,-1
1280491.89748016,194.9885603894167,15:47:40,-1
47663951.62295153,139.28217584647547,15:30:15,-1
63505242.54354759,281.3497496111055,15:33:20,-1
59565116.15767764,132.73182779002465,15:50:41,-1
64096469.84372161,15.836188923501073,16:09:11,-1
22877162.3156942,51.44278754541624,16:24:21,-1
22224598.3275711,220.67874093326495,15:51:33,-1
55357061.52399565,292.3961919362922,15:26:36,-1
63320633.85347332,333.70560298107966,15:32:19,-1
33315566.67757145,160.25917279757115,15:49:59,-1
47320617.15142292,8.935722766388121,16:22:35,-1
36039627.919752106,106.83448683539888,15:37:42,-1
84596510.20435618,6.3089337299964,15:35:00,-1
55345168.07917731,43.2287960001457,16:15:45,-1
46284695.27733565,91.28565588662836,15:36:23,-1
3525502.812470851,206.394419690742,15:55:55,-1
81811438.69740029,109.49518119452732,15:32:14,-1
66139660.27594144,76.708870213745,16:16:01,-1
85295650.87316698,106.48190321507374,15:59:35,-1
67214669.29397461,64.38237977473746,16:22:22,-1
5533753.310974003,160.29977150176643,15:33:18,-1
10638503.009324074,139.25527854759002,16:22:36,-1
40773913.42809479,63.34299978552247,15:33:47,-1
80379084.47734395,354.86478448040003,15:50:21,-1
82060648.50440326,115.12906592523528,15:26:16,-1
3484306.607306688,352.3196566877682,15:41:53,-1
83102282.44987716,160.1913203768409,16:19:48,-1
52667143.86418127,126.07864333119012,16:09:16,-1
82427445.07186554,88.16770484290035,16:16:20,-1
74787504.8648277,177.18123420760514,15:36:02,-1
55705813.91246041,17.61316932512216,16:25:04,-1
45411292.45850185,331.6323128309111,15:52:03,-1
49522239.865583785,5.102550683273233,15:42:25,-1
72113444.10698359,196.730330901912,16:00:02,-1
64230320.13970004,316.3011231931065,15:58:28,-1
62740059.57494951,54.57154021447175,15:33:20,-1
71526956.20194039,143.36571014631005,15:28:06,-1
18321801.714376435,1.0327314379821484,16:20:49,-1
30377586.64150202,6.565936463754345,15:42:56,-1
71706288.60481787,171.6063761654683,16:22:13,-1
81033804.11403489,100.73338305161296,16:07:18,-1
51793638.47170669,296.7158643019551,16:05:50,-1
76871525.61244617,139.48116284321884,16:03:12,-1
199275.05811179173,6.132336392765567,15:38:51,-1
30152605.97673059,282.0955038236338,16:17:21,-1
3549862.2211556053,220.7770122618024,15:53:20,-1
61812735.69359186,202.00225936481192,16:16:06,-1
71910772.7937921,327.27045153903754,16:09:58,-1
24108204.942570537,43.203472732383055,15:27:56,-1
28958801.247962512,97.27628147585357,16:20:20,-1
72959483.37198628,145.77446859819543,16:20:08,-1
11542887.87704016,260.3159492092349,16:19:20,-1
50103410.87024825,91.9710468094171,15:31:47,-1
5320416.156253923,239.09515569557456,16:23:56,-1
74531834.70409232,304.0380662141601,16:12:23,-1
59269552.73576319,83.35739604480491,15:58:26,-1
67640076.93058003,306.20504020802707,15:36:23,-1
16271764.524492614,328.87612600889554,16:01:11,-1
74499823.85528815,21.06020813792725,15:44:54,-1
22505076.655873656,174.6114350245262,16:20:20,-1
57503771.52922559,107.3574378673499,16:22:59,-1
63299472.713411935,171.66335997741484,15:33:24,-1
59475399.083682165,5.07012300667125,15:47:24,-1
41447226.87611371,249.25521307160503,15:35:21,-1
76777971.39908609,144.5336388054779,16:06:35,-1
48670616.67490303,118.37174400666176,15:40:09,-1
59476037.66909322,314.5900212143904,16:21:19,-1
11191377.553313917,195.059084626932,15:47:29,-1
7764096.108388158,186.1951410818167,15:54:24,-1
72169217.62948574,286.62993530989473,16:02:47,-1
2003936.3818514373,283.1221240391691,15:40:45,-1
41235360.10141127,220.24024645892055,15:49:09,-1
166078.55293923663,359.21764199067894,15:57:24,-1
8265613.731681066,133.9700163390917,15:46:36,-1
14643020.164098091,332.8245491194419,16:08:24,-1
76600600.83730696,30.783997692182176,16:10:04,-1
33662654.955793835,149.22235592095134,15:25:31,-1
59879472.35457665,307.4084486900149,15:27:39,-1
18406719.935979865,1.0723739886521555,16:21:24,-1
44560691.33694266,154.20521518355582,15:38:53,-1
1771289.591773762,281.14224174627515,15:38:07,-1
32344205.990674105,120.18490297127096,16:05:30,-1
89268191.02384558,248.01004720361288,16:05:17,-1
18893559.966438387,355.29352518764586,15:51:42,-1
7372194.555828623,308.4768810470579,15:52:54,-1
41545809.82321984,109.74706713148608,15:32:18,-1
51732575.94415545,332.5532794683408,15:28:38,-1
1032926.615978978,176.18385741785144,15:46:47,-1
67225849.17834611,130.21476805288944,15:32:05,-1
65266771.03997929,324.2916713322165,16:16:13,-1
72949214.32235752,144.99297294136304,15:27:29,-1
45193676.26760199,74.46996374088374,16:19:07,-1
409934.7463570833,147.06464069672236,15:51:54,-1
24240370.095277943,136.04098064897215,16:21:21,-1
72283376.23331451,344.5214285413834,16:02:44,-1
85273560.31851608,257.3641695611117,15:31:57,-1
37078864.24554464,208.86442905960476,16:12:25,-1
41947843.33739512,252.9360525238268,16:12:22,-1
7534618.5678073075,52.44067034647435,15:49:25,-1
77467993.18350717,84.53976747754231,15:27:32,-1
42493392.33366717,164.50712729481577,16:15:56,-1
72658973.78035353,306.2350337287887,16:23:48,-1
56047829.576394096,339.7321521654996,16:00:52,-1
82112935.24001619,245.59569854177423,16:19:34,-1
61802373.09404136,45.32636992971972,16:22:56,-1
14238510.819707124,85.61401538223788,16:23:31,-1
43568815.83551193,306.8595922292037,16:01:45,-1
25629211.38818603,124.87613626022323,16:23:25,-1
89847475.43457538,309.3524789938289,15:43:01,-1
53510139.29139692,17.929327282569115,15:30:37,-1
66354765.76706566,132.46653706118676,15:51:57,-1
19816154.692314584,163.7331475720627,16:03:00,-1
56774359.952958606,332.8408550737874,16:08:54,-1
65821087.632208206,102.80420114061344,15:41:14,-1
57984645.1922356,280.0155985872155,16:11:46,-1
79478753.24889937,351.1766528210559,15:27:05,-1
17113656.21219182,254.30343532968453,16:22:39,-1
58236587.95887939,61.70573298471341,16:04:19,-1
7916643.714494815,26.65503655211102,15:45:27,-1
48498577.294388965,36.08511501246902,15:36:58,-1
67769018.00691405,65.22976129756105,16:09:05,-1
33316418.009378232,131.94931383721593,15:53:47,-1
2698801.1613219045,232.4967576382604,15:49:39,-1
16334747.743091954,219.8516046025649,16:08:01,-1
71594066.12609023,279.7800228472371,15:28:05,-1
69916655.34895957,141.16316290320665,15:54:27,-1
21851506.228071384,119.64393534229912,16:11:28,-1
19158180.65707903,19.127434242982897,16:13:30,-1
41554717.11948869,258.99929697985635,15:51:39,-1
26504442.888159525,320.11766276979574,15:27:56,-1
53771090.09101611,245.6428477655018,15:49:07,-1
54629697.34541049,16.29205166779426,15:30:21,-1
68067977.69594534,223.8543385690272,16:11:13,-1
36339281.21797203,206.87088256318987,15:44:56,-1
46752171.32864647,102.87735340447831,16:14:37,-1
6664748.237011945,319.6695978540991,16:12:37,-1
73869614.6825797,73.34927052379687,15:43:41,-1
43664002.06181313,69.73603605827914,16:00:21,-1
75832395.53408644,60.323264474984335,15:57:33,-1
66196944.43951932,139.3832583373088,16:25:01,-1
69071726.54496595,163.7447911423704,15:44:21,-1
28739146.37707864,104.37779161558474,15:33:19,-1
68435647.485968,132.4829683793601,15:59:48,-1
86112739.1727142,259.33251424939823,15:59:35,-1
8327645.601060383,50.63227059218119,16:20:48,-1
73514809.34966815,274.4924901266247,15:59:37,-1
21221487.923313446,125.36712954743086,15:50:19,-1
49412047.10123028,344.7383766236042,16:06:27,-1
83927452.37897815,105.94186712910772,16:22:14,-1
8639768.392358053,350.20123715088874,15:59:07,-1
37569732.23559313,311.5612353728526,16:04:50,-1
33233881.65209742,90.69128965984504,15:43:45,-1
88792558.78996539,328.4761098925309,15:34:25,-1
86194403.02498317,270.521025559145,15:32:10,-1
8462643.969514418,191.57092111152647,15:37:21,-1
43722005.937284775,110.10120469969009,15:41:01,-1
89562386.15797226,284.08579232041166,15:46:08,-1
56360727.63942241,122.25237658602458,15:48:22,-1
31321195.1504384,332.1920366622054,16:08:05,-1
28061153.801027905,152.74688776230198,16:22:04,-1
71475504.88978003,36.38506218489715,15:53:32,-1
8445891.722192304,168.85621133112514,15:43:28,-1
54432951.21784928,50.69121520634346,16:08:53,-1
87747891.89526102,99.78448802107704,15:54:20,-1
81478764.01662509,4.019505975643973,15:52:28,-1
59501232.62971553,154.19847824583906,15:34:22,-1
89689965.05013235,94.65627045026925,15:43:44,-1
72347259.23583443,227.70571240630048,16:22:40,-1
42271831.52533703,12.343109855475925,15:43:34,-1
73750449.90554711,233.50439053822828,15:32:45,-1
69325423.0818258,48.16072751280008,15:49:41,-1
58238960.71160398,277.77519733323936,15:50:26,-1
86214839.49014284,342.0498646800422,15:43:32,-1
32437219.243962035,304.1076742942625,15:36:20,-1
1636269.5043918823,122.43785432073798,16:11:13,-1
3844158.689110232,80.24128088303141,15:30:59,-1
50436499.222229846,224.71693154773405,15:25:38,-1
79584271.9547144,131.0620689719825,15:26:50,-1
46618803.99411242,309.22267049764184,16:12:34,-1
56408101.3639987,139.0734069705775,15:40:10,-1
40589676.9499361,336.5100019073277,15:34:22,-1
33159116.21122601,359.47542418461825,15:31:22,-1
20112549.230779145,258.8995537001989,16:12:56,-1
3025227.5732139666,125.149639668237,15:49:38,-1
81980019.94092661,276.33945799633403,15:45:31,-1
76036799.24628419,161.41006927048673,16:23:58,-1
19583733.25120399,155.46086721850534,15:53:38,-1
83446242.23041539,124.73717213558804,15:54:53,-1
27664188.561169658,336.3460972495807,16:03:15,-1
50839032.67761154,252.45593754560707,16:20:41,-1
24578007.2718701,183.5541107282257,16:18:17,-1
13012220.098069971,33.13102162742391,16:05:05,-1
64563766.70468868,13.666272417827935,16:00:35,-1
75428814.23090447,125.45283243529498,16:15:44,-1
75716807.16185637,72.50723015734604,15:25:48,-1
9916408.181271074,285.47381997828063,16:14:10,-1
9892212.993156437,337.6717189283765,16:10:49,-1
68166746.26871428,224.82759383007655,15:52:35,-1
6155650.905453277,297.6818925195505,16:15:58,-1
5976818.287753732,22.35301882343513,15:40:05,-1
62275801.78702032,350.61126983650024,15:54:41,-1
12325725.217883198,148.7592635080014,15:34:58,-1
85235195.2810129,177.6427163780519,15:45:08,-1
19653190.06474403,82.04779262780892,16:11:23,-1
48271907.40954027,98.6060250590712,16:04:23,-1
52458744.67455915,126.75519975840896,16:14:24,-1
89759432.42780474,194.8787222245349,15:52:42,-1
49422646.4459947,127.829602062115,16:13:52,-1
4891626.879881893,65.00564474142377,16:03:31,-1
27887266.8680892,244.8977293298969,15:41:02,-1
61763304.54318848,174.46101299644593,15:47:39,-1
45870485.846480034,84.81039255147601,16:09:09,-1
68036273.45460603,29.7717448088348,16:02:50,-1
81861880.80788952,34.67437107502796,15:43:22,-1
3439876.411815463,175.54263274566765,15:43:52,-1
14898147.797400571,95.96246758898856,15:50:03,-1
70566832.17838506,143.27645438045514,15:50:36,-1
57728789.39510567,206.68236924946703,15:54:55,-1
73698515.95982733,254.9720169408141,16:07:40,-1
37544839.8108945,81.83147084674863,16:16:44,-1
83130881.41028488,296.9173223792528,16:17:32,-1
23891601.194683407,174.12814606660618,15:32:54,-1
83593343.01126258,299.5240605905581,15:36:06,-1
31893982.041519374,191.08638943843783,15:46:42,-1
6740538.904676265,108.94348330380066,15:41:07,-1
44282553.30820261,206.49972671376796,16:05:31,-1
48889146.211868085,3.84831296195546,16:14:32,-1
13862507.111896671,88.8435125520941,15:55:05,-1
64319633.08038454,350.5946792964304,15:39:06,-1
20433358.357958365,177.46366623084603,15:42:14,-1
18929249.37387238,7.828107451995785,15:51:37,-1
41710413.9567892,120.33528987287752,15:40:12,-1
45657890.87287741,95.0735889314338,15:39:03,-1
33825414.39870204,339.1149238412731,15:56:36,-1
71063434.20465857,345.6835777906044,16:13:28,-1
59569545.82984424,190.90683128293028,15:38:22,-1
5105540.895175537,263.4003625045161,15:58:49,-1
65850129.1552528,87.7169168334402,16:09:07,-1
41886758.16931051,255.98292251266352,16:16:11,-1
81186197.57254422,204.07937260976192,15:30:47,-1
51138188.76683934,45.215836753452734,16:20:09,-1
59214108.71755354,10.987199191115478,15:30:43,-1
20493415.113672987,231.0661025152184,15:46:48,-1
61097418.5432674,182.6120556160323,15:54:39,-1
61387358.3883412,275.7876423062807,15:51:19,-1
44109901.9121922,273.60007031459145,16:02:53,-1
4047417.076752373,0.6014409618713978,15:47:25,-1
5016288.382809765,56.44725621421342,15:48:34,-1
79537898.32726957,228.91424362447236,15:31:01,-1
10067827.839199346,38.12060209318764,16:04:34,-1
21165519.880882725,322.0487068507925,16:07:38,-1
33861484.91173656,39.55030451718062,15:39:48,-1
80230449.39930876,307.90928217143784,15:40:51,-1
69756934.87546241,195.72367639143795,16:06:08,-1
87184799.92209692,37.28201902916652,15:34:02,-1
21009940.79637606,256.17572994456924,15:35:07,-1
16177815.527768765,167.02494415410175,15:28:56,-1
67889518.42877792,19.915477862798863,16:07:16,-1
33243697.97660945,85.80057931977817,15:47:52,-1
81555486.6800558,278.3270929648009,15:52:53,-1
66659405.96304072,355.5978793657931,16:12:46,-1
53618791.53765274,5.631962495788909,16:04:23,-1
8166773.321680197,331.4933504194904,16:21:16,-1
87410977.95285556,120.19107608694586,15:50:07,-1
74729726.92347991,115.46872834808686,16:12:32,-1
14246608.464272724,134.66572465380585,15:27:06,-1
67366018.17595422,130.52720280680302,15:47:40,-1
27608079.128619056,196.38155034839545,15:53:25,-1
55836466.85302025,160.40799262802886,15:26:14,-1
61093993.75038073,33.66490637756488,15:50:40,-1
50633614.61702624,122.844220789744,15:50:39,-1
21736298.3380562,352.4135788915772,16:18:23,-1
88141482.42312735,85.71460293352932,16:20:37,-1
54720336.45954432,258.69702183526823,15:49:52,-1
72268099.3144761,82.32496298652887,15:35:09,-1
64458645.88618491,117.9261108006505,15:47:00,-1
24874877.07858369,158.72008861342013,15:41:03,-1
76353545.46585208,85.63803757987566,16:04:42,-1
81179389.41738869,18.16710036926025,15:46:14,-1
24577287.02948022,114.34411365409986,16:03:49,-1
16423354.08360223,233.85766646603108,16:21:26,-1
83030381.45020282,237.3346078789364,15:47:29,-1
32230232.57950964,258.404706858463,15:49:11,-1
62779356.44848311,218.4806865500382,15:57:09,-1
75950349.40335575,154.54536169780673,15:34:18,-1
57430390.59657286,248.75633207323955,16:05:14,-1
46963265.02710749,210.8581033789729,15:38:00,-1
69128216.97262442,227.79774378991607,16:18:11,-1
88528041.31754093,73.05926573161555,15:47:09,-1
78009457.48251289,140.26310122711996,15:42:33,-1
6673730.415235207,336.7860734287175,16:23:44,-1
67357621.47365327,340.4674235793536,15:30:23,-1
64481355.92344828,208.3515994304032,15:58:54,-1
4402379.938182483,322.4670908621838,15:56:04,-1
61288603.804614805,280.9824456650052,16:13:21,-1
60170164.4061868,34.74854328117252,16:20:40,-1
19225235.928083137,46.56123758663296,15:28:10,-1
89002841.83963773,310.3427285039695,16:15:41,-1
38093191.67889772,34.69480650930041,16:05:00,-1
38110390.0562058,243.59031226111472,16:23:35,-1
16752554.691132434,326.3907699223161,15:41:57,-1
13582535.24951195,168.87493428792664,15:40:59,-1
48677200.52744409,297.6399763350564,15:39:14,-1
31185063.833687626,81.14256735367145,15:52:19,-1
16953352.028716125,73.32549618308038,15:49:37,-1
60031804.2604869,64.22178245601584,16:13:53,-1
31928899.36432681,73.48820394877525,16:12:39,-1
73033738.91404986,262.2420290412863,15:44:37,-1
42704435.6043637,144.29059846364936,15:58:48,-1
29060704.91734627,122.37983873888776,15:40:36,-1
24661438.60031364,152.21900483588078,16:23:58,-1
86247515.22935325,131.67872799136373,15:58:56,-1
8362595.649968905,14.90154309438836,16:14:46,-1
18024230.78651322,199.8888747555573,16:14:42,-1
60898062.14046334,28.676676065201917,15:44:51,-1
89086153.37568362,270.2965084924206,15:40:23,-1
39648561.08344213,81.15443882779014,15:43:07,-1
1182498.8887778304,336.47568848076764,15:56:39,-1
65008158.80007405,357.3823409069768,15:29:04,-1
62898669.44701026,301.9583875150081,16:19:21,-1
63681094.31001902,144.20804029289351,16:11:58,-1
49776973.68389302,285.33299719204854,16:24:31,-1
32506330.450564347,252.48252720605524,15:26:20,-1
48808414.57210551,266.13062376912234,15:53:57,-1
24547376.21509636,6.590273207096673,15:30:46,-1
68496088.72245014,255.21010717619583,15:27:54,-1
58141625.27192578,219.23337866295907,15:44:41,-1
63819340.42392792,206.8797925848354,15:29:11,-1
1443243.6692835111,126.1595419246757,15:36:36,-1
12699481.950530805,293.0075382161418,15:42:36,-1
66531063.619318925,128.94118994219588,15:36:54,-1
51299607.243701085,127.8940096118296,16:14:41,-1
66087038.00316584,296.3756884605644,16:00:50,-1
364560.1174802138,40.85408011340269,16:11:36,-1
75759659.33274007,66.1500454681283,15:59:37,-1
73610090.80752422,20.52877349562362,15:44:59,-1
59645883.368104815,20.384553675760845,15:54:24,-1
62258905.444980524,127.6183729154058,15:32:07,-1
77662871.48943235,239.22442508806796,16:17:15,-1
26420684.176141143,356.0773466852803,16:20:30,-1
70371000.97296906,29.046594062908746,16:06:29,-1
25299167.08687023,197.19907843799083,16:11:29,-1
39524451.32104897,250.37948040793412,16:07:50,-1
44907049.98705333,123.16400008974296,15:33:56,-1
64721752.82453456,128.69845692866403,15:46:27,-1
67588480.58640838,214.21028435585544,16:11:32,-1
11709005.64220222,271.70782729001144,15:32:12,-1
16527126.130397314,102.4412424199372,16:11:38,-1
51306552.71529248,335.8597658110562,15:31:01,-1
4279853.946878291,304.75957020983736,15:51:53,-1
23053998.54763953,86.27686755306965,16:19:21,-1
34065238.883927405,74.96342314678714,15:33:54,-1
33655656.22015101,289.1876318161123,16:17:05,-1
13996628.984304689,122.30299721250115,16:00:24,-1
87369526.4154888,183.41329468427787,16:02:10,-1
11331808.512426546,200.1309647333282,15:51:37,-1
67441924.87667853,101.14521151411266,15:53:22,-1
55573297.71229269,124.13141843068044,16:21:19,-1
18121787.35930599,65.10090400667434,16:20:55,-1
29988780.23699737,92.44342765923508,15:42:06,-1
11099713.11598588,311.80840137013854,16:06:52,-1
36262265.920864746,28.867773652445013,16:22:11,-1
86214187.35773405,120.03611632608563,16:12:34,-1
12253150.601761453,52.22932296148264,15:52:38,-1
84159317.15903068,84.67507504964254,15:39:09,-1
84531882.34434384,357.7360934216745,16:11:27,-1
69253286.8232916,163.47555043301793,15:41:27,-1
4731554.257456838,180.34451063356343,15:43:35,-1
61283017.44738207,165.36953755775698,15:44:02,-1
13303352.303069578,65.73944881986297,15:46:41,-1
1349222.3825222282,338.6324829220437,16:06:33,-1
39144391.96835412,322.61367638948315,16:23:08,-1
17353298.97880896,65.054970051466,15:52:21,-1
72651969.42621012,119.01308843037664,16:01:32,-1
31742675.63884954,340.3181569697405,15:58:11,-1
81146000.46650085,65.4494338023723,16:08:25,-1
50262494.06975568,199.95198666635787,16:13:07,-1
76123696.22116017,97.12797291720472,16:18:31,-1
57391541.91162375,299.61653819956604,15:32:52,-1
6823017.030203166,177.97319712369602,15:33:49,-1
19511007.13416255,267.9581641772392,16:11:16,-1
31822086.035634425,170.0729544107605,15:58:35,-1
9077569.419645311,237.2415121526176,15:52:58,-1
69651099.76033841,198.2045774599621,16:14:13,-1
1694648.1261287152,116.53337812762112,16:22:06,-1
8990673.196316363,323.7082392828947,15:34:45,-1
42782873.56769009,53.2416582225959,16:00:09,-1
29505608.1862354,312.2702619152795,15:49:25,-1
68552273.28154695,224.5392541930573,16:20:54,-1
69449110.49681455,210.01982905225145,15:42:14,-1
54290141.92655546,334.8558559789367,15:35:15,-1
23990944.200201344,305.9067451335314,16:12:15,-1
48116401.43658308,30.22291673048827,15:28:55,-1
74142134.11199662,211.0975273010453,15:33:21,-1
76796210.18073152,69.89148250460399,16:14:32,-1
10858762.100075549,48.87337782355963,15:53:18,-1
4982486.279616583,310.01734285153594,15:26:24,-1
71139003.70759556,281.4911909154147,15:48:06,-1
30519512.369130813,223.64518328804,15:34:31,-1
59540165.14986931,175.96418373361243,15:58:17,-1
13325760.29650974,316.8230917084788,16:07:00,-1
64373203.73454327,290.1654872039114,16:03:10,-1
8900483.905070111,104.24305725027608,15:59:10,-1
65186631.51853642,176.37214218273832,15:36:47,-1
73159409.5361849,343.3651272520856,15:34:40,-1
38588665.91978326,307.2570727739154,16:05:15,-1
29938176.78582872,296.0687046512819,16:06:01,-1
47197324.74032631,324.8926009714484,15:59:15,-1
12640161.399954498,37.254664281272206,16:04:48,-1
59972309.5468325,8.036374626502948,15:31:05,-1
78297434.31143694,58.87012022588822,15:56:58,-1
743555.9230851245,350.04560565742344,15:59:29,-1
51464738.07335603,36.5122720466283,16:20:29,-1
45156904.36613119,2.4317064149790117,16:00:56,-1
6085349.057372254,101.95084757243438,15:33:53,-1
22602877.10599038,31.215136693071003,15:33:32,-1
87813885.31285886,141.60151132125844,15:34:48,-1
52143410.26257743,6.411349445860002,15:42:00,-1
53039600.83660232,201.16575338013192,15:28:42,-1
27191873.92081694,148.56383732486955,16:18:26,-1
43902031.67074369,157.90068063552602,16:13:30,-1
65076984.077792056,72.46351273344996,15:26:36,-1
77940612.9108129,2.3739342254898066,16:01:10,-1
44453146.20736139,221.8859179682466,16:18:42,-1
46405955.41023628,274.5743570813728,15:53:49,-1
57356211.557752,94.38484357348251,16:10:41,-1
88036994.5131733,298.42102818284934,15:55:03,-1
6580580.575386185,249.16665001128135,16:22:45,-1
51231410.09999767,202.8298286025796,15:52:06,-1
8595164.451675186,199.34767163601404,15:31:01,-1
32102768.8639338,10.462788177982514,16:24:49,-1
67404831.44374944,230.0299802051042,15:54:55,-1
80347434.12498362,85.97953598411809,15:56:28,-1
70117893.09203206,197.76080914904716,15:26:23,-1
78588069.6769458,203.6465356663168,15:29:59,-1
86355212.01562898,318.32547477016084,15:34:37,-1
21818144.48898893,128.20993086810327,15:40:53,-1
83861140.74734002,188.18511544870577,15:56:36,-1
70634698.25436036,90.57733049152262,16:05:21,-1
33392965.56207906,328.68144181991465,15:35:02,-1
32734569.83630374,298.5865839850819,15:25:47,-1
11101112.645929292,335.97690754201744,15:58:57,-1
19217000.64057813,189.52064625737435,15:44:58,-1
20630468.906178378,35.87288987309796,15:58:21,-1
12614672.597881552,131.15494379616757,15:41:13,-1
2720990.849633398,141.1152556062655,15:47:43,-1
27246804.98949014,29.71070173798076,16:24:58,-1
30423895.05569849,44.64898483940568,16:18:16,-1
37732541.12591052,200.0710440428896,15:45:27,-1
46674188.16447905,260.4098001964559,15:28:54,-1
17652243.642974332,324.2839288311108,15:51:27,-1
15691596.048830353,277.013083056931,15:57:45,-1
56651501.74878519,10.528967813461678,15:53:00,-1
58733535.26457371,110.034905683743,16:20:04,-1
3106629.389392,275.2161417614533,16:06:00,-1
51471455.97298287,202.3649059346951,15:38:59,-1
67592309.32312992,165.907996785299,15:43:52,-1
47930960.23425433,295.24895805540115,15:38:13,-1
55435544.22347866,51.80781482887164,16:15:16,-1
16469277.666241791,33.372647167704386,16:14:51,-1
46837796.44965966,302.1593996743036,16:13:27,-1
85506988.76260386,139.13164654849018,16:21:23,-1
16668175.770957269,53.4131984842669,15:44:38,-1
5608358.015525926,314.74408445787884,15:25:51,-1
78703256.65186211,194.8927229559843,15:42:46,-1
6365470.282228495,128.43824032909703,15:40:49,-1
75795858.9637316,327.9144605698842,15:32:13,-1
66549219.24848949,359.44280516522264,15:43:29,-1
41196459.09147352,68.8861126481519,15:59:13,-1
88735400.53390443,72.73560412701306,15:41:17,-1
2735541.799970296,89.42232782732086,16:00:32,-1
81940200.96809971,239.124518594433,15:55:42,-1
84355734.52606961,303.92460348705976,15:29:38,-1
76252619.94803554,263.9564394223457,16:14:17,-1
31785638.09902706,344.14447436160066,15:45:35,-1
54234589.61536483,0.146196606325657,16:06:06,-1
30440775.33512213,106.95989535793596,15:29:46,-1
30973574.801382776,170.7595951501014,15:55:48,-1
37271817.806670815,194.986516504841,16:22:56,-1
68642958.45112401,194.6908549505517,16:14:25,-1
24383376.00766104,286.9862970548241,15:35:47,-1
10904665.710148163,244.23816131388543,15:40:15,-1
31918964.86086156,277.1499915228789,15:31:11,-1
89377225.21349323,207.5587594793357,16:19:51,-1
87285655.86588693,272.3946431394402,15:44:55,-1
28536993.11308772,40.82181351865932,16:15:36,-1
76227293.70064378,153.46212078269764,16:05:36,-1
14689217.684349263,8.444773354883894,15:26:33,-1
39287609.327271685,351.6722217089304,16:05:17,-1
38221729.29718004,165.43296495673496,16:07:18,-1
88212944.65840566,220.89554719756043,16:17:05,-1
82315670.72919646,175.68362057802358,16:16:53,-1
18457760.466940414,336.19361394200564,15:39:39,-1
73465125.92627114,326.75671710889736,15:30:29,-1
40415289.48153732,204.7722874726754,16:05:26,-1
78571869.46724878,227.4581719622839,15:32:48,-1
44142363.36334059,298.7844196695095,16:18:15,-1
28335242.729216177,50.14838968586165,15:51:24,-1
65646443.44335434,220.15804194378904,15:28:22,-1
63204399.015013136,258.5442889064065,15:42:38,-1
8046845.869650445,349.43890967127504,15:38:55,-1
42922128.65115295,221.31018113401143,16:21:31,-1
39250759.65639354,357.36841357326097,15:53:57,-1
88442431.72658612,159.61247321671487,15:45:47,-1
26015141.17863997,117.75860542441264,16:11:21,-1
53340282.37346693,18.20331754596419,15:57:31,-1
73763213.3681628,157.5544526318734,15:39:26,-1
41134995.18242068,101.47819392696398,16:01:00,-1
49200035.53272546,189.24995345815373,15:54:11,-1
88266535.94178775,284.1964867572881,16:20:02,-1
30565196.178136736,102.23649184174153,16:02:34,-1
51346361.07471442,288.96356858229274,16:22:39,-1
31890189.8359599,316.6669675924965,16:21:46,-1
52875293.786848366,150.61298396260636,15:56:00,-1
31343323.84794525,128.77075395317317,15:59:25,-1
37582392.77121784,132.56862637181675,16:06:50,-1
83623511.70800748,301.5522993871916,16:07:46,-1
84793897.08906044,139.84642102980368,15:55:04,-1
77353785.30262563,128.44794219056615,15:44:44,-1
19060911.989278413,54.49411376282541,15:45:17,-1
17077780.787318345,31.66814962413655,16:02:18,-1
88873841.31605922,295.67959738284776,16:23:50,-1
72930775.39702109,270.31965716186454,15:57:41,-1
23680604.873564325,301.8371866394261,16:11:42,-1
38977118.51737205,243.0843389078824,16:11:52,-1
587978.7207115293,0.917983188538516,15:37:09,-1
57675932.85770977,140.67561137005754,16:15:48,-1
69947979.88725662,258.91678064439213,16:03:35,-1
3585931.191175959,68.62137038793999,16:18:32,-1
80999483.04604825,351.71955247441485,15:51:59,-1
68952683.99803253,207.7910679301401,16:01:54,-1
327423.3845008828,31.755404828648444,15:36:33,-1
74000012.15842198,139.01073922491716,15:58:12,-1
31533407.717015065,175.61652330857234,15:59:58,-1
60308373.08973296,265.2443415805568,15:39:42,-1
37045968.704795055,131.60701153222058,15:33:02,-1
83724505.57132582,219.10076199999156,16:19:10,-1
5154304.26509529,32.97399175732201,15:47:20,-1
23143165.692985024,40.05562759339923,15:59:35,-1
47979647.31790035,357.2832905382926,15:44:41,-1
80685663.07182458,228.92211735984029,16:02:49,-1
8234908.788029775,72.17487544789034,15:40:37,-1
57043797.33427621,232.4266284570455,16:14:25,-1
15725857.054984832,20.46145478653818,16:10:20,-1
259055.0904237069,70.57911050475857,15:58:44,-1
56467552.80081115,102.47576609706118,15:59:18,-1
87909723.56774752,321.4009154474278,16:16:10,-1
8815655.598583022,341.7479172877638,15:56:57,-1
47561158.90144274,175.40431137465464,15:30:13,-1
14844761.20183867,322.31246695573896,15:39:55,-1
86767982.82500707,334.9374820282777,15:54:53,-1
24501624.527552027,72.4116676962528,16:10:37,-1
67240633.04171251,198.78072059944984,15:54:53,-1
48003481.805863455,114.511266403502,15:47:23,-1
24379236.2153168,163.32039568119745,15:36:46,-1
18285645.16005554,99.35348694460096,15:53:18,-1
17651794.46720642,19.21349288076717,16:00:57,-1
74071009.39090893,236.28091835422785,16:15:20,-1
22056267.415632468,247.8808525021074,16:16:26,-1
24356990.63906419,186.73153209469103,15:42:46,-1
49578417.79548463,95.6958798992232,16:12:39,-1
81871763.56451184,131.35602105284974,16:01:28,-1
65314225.718395695,197.8046181361808,15:30:46,-1
73705328.37847123,344.03790945384367,15:45:37,-1
4462789.60647604,348.39460686069066,15:41:50,-1
78596255.45394811,314.1969471559196,15:34:30,-1
68417074.86127426,301.50484497893285,15:26:46,-1
40253302.79569753,54.80195776578978,16:23:13,-1
12141167.062065143,134.6882230661731,15:51:56,-1
7652387.541243191,197.68351486308612,15:30:02,-1
49142637.58253388,96.71343280787252,16:06:00,-1
63864384.61283506,220.16316781666148,15:55:12,-1
3852907.759856506,219.78718774234693,15:59:13,-1
68328705.25528239,222.35469504869752,16:20:47,-1
50052985.17699765,213.5601111779186,16:01:41,-1
52540233.61659415,30.496347512258914,15:47:31,-1
1083821.4913866404,138.56077503916745,15:41:05,-1
3240393.0555379502,305.82833756450424,15:42:34,-1
1318445.7432188594,262.3101744700866,15:41:01,-1
22193428.379046123,112.1749718916168,15:48:56,-1
19645578.48758957,206.2353281970273,15:52:43,-1
85794099.18256818,289.17549314500764,16:05:55,-1
57422473.445067085,290.11011922176846,16:22:19,-1
75817350.89880951,124.05636517535213,15:45:48,-1
68235685.31167012,43.34538786597269,15:56:22,-1
33435765.677690737,200.1523235690297,15:53:50,-1
74770353.02321488,219.6422556845785,15:46:00,-1
45551328.35846844,161.6515843266997,15:58:50,-1
54424476.79532698,189.21973164787929,15:52:56,-1
31785837.93987904,103.22850339883678,16:12:50,-1
43256073.53903944,33.822658195591345,16:25:24,-1
31784056.04167502,317.57344292308824,15:42:39,-1
22320548.98066584,267.5634425718546,15:46:07,-1
15420492.169883544,321.97597928371385,16:23:42,-1
86602870.09558824,140.7014477061023,15:52:54,-1
56248213.227946825,140.95372644908437,16:21:37,-1
43417645.74450948,40.67622388499931,15:29:54,-1
59105041.87907444,233.69496569692535,15:55:21,-1
85484357.47240788,69.69528049047484,16:07:48,-1
87797476.2224273,239.9756378882519,15:48:52,-1
31493627.34179193,298.5631213370632,16:20:54,-1
53597090.48951265,163.4617557921415,16:25:15,-1
14994546.271067964,329.203590213016,15:56:05,-1
33184738.983833123,292.5271475545192,15:46:09,-1
751660.6428614928,87.74184871808951,15:49:56,-1
47114112.28629593,117.24466414983284,15:36:42,-1
46550057.04003345,280.3685811866741,16:01:48,-1
40611850.14482366,163.6570959322033,15:39:23,-1
20149007.18366545,85.6753081772323,15:32:26,-1
11495148.554924874,340.09681735633126,15:31:24,-1
12893636.553806957,65.07745314888246,15:38:40,-1
26915780.85956579,186.72646679203555,15:54:40,-1
52175435.86574578,348.75200435928747,16:14:23,-1
48429587.71899961,197.13543798101236,15:57:23,-1
68210861.59097499,230.2239313989988,15:52:42,-1
1052598.51345211,163.8236156685159,16:14:52,-1
71976847.50422731,337.8782584260757,15:41:30,-1
45472201.24341736,337.0009532115222,15:26:06,-1
78232729.31787437,51.95863052550195,16:20:33,-1
20724018.243939865,296.4673065960273,15:47:51,-1
37711527.99188823,349.7115976561128,15:33:04,-1
29333258.713542245,293.6333345539269,16:01:14,-1
50573057.4749798,214.18751892407585,16:07:37,-1
73259096.83213545,104.6710964473921,15:52:29,-1
45068191.43969563,188.48939490430044,15:47:57,-1
4409998.157958117,300.2402865416351,16:20:28,-1
63176315.746390425,27.81215319434044,15:28:48,-1
39611545.751472354,65.61498001177584,15:50:45,-1
46272491.2791483,115.51089791591816,15:25:33,-1
60133280.58264262,252.158129938738,15:45:13,-1
29465050.256493457,102.34164492021392,15:39:20,-1
44277312.9449582,62.38150366056989,15:48:55,-1
8378603.177588684,141.03744987089928,15:53:07,-1
22242921.82263487,94.67586769036647,16:09:24,-1
2075862.5521041048,278.2900351942806,16:04:27,-1
86038608.57192764,252.84984991073372,16:24:47,-1
38226176.78417864,24.615222594000578,15:54:37,-1
32124204.959085528,260.9292708541489,16:04:12,-1
24245379.52858434,230.9609509117473,16:21:28,-1
4282584.033207377,35.70907246533394,15:56:33,-1
34412564.80872015,52.44975556279265,15:38:05,-1
44346204.47160457,271.80334665065413,15:25:39,-1
23355259.2411953,77.66586314041562,16:03:20,-1
68659905.23576188,240.20343781685844,15:49:39,-1
40601718.39288458,348.1256905950081,16:20:28,-1
57269605.06760846,23.599939239771484,16:06:43,-1
79282223.99198277,277.77122570517173,16:01:15,-1
3545051.6399636646,136.57026739616606,16:24:54,-1
55159325.00310721,295.1838599044115,15:28:50,-1
76176827.55067688,155.87221979288353,15:29:17,-1
29296458.82963576,29.39419534352052,16:04:53,-1
9389780.886994608,72.94214657079837,15:46:48,-1
69747539.46179654,307.85763608463503,15:51:07,-1
25262314.49145189,156.2854799720916,15:39:15,-1
84806438.25958349,105.61895307944124,16:22:12,-1
30187765.74167557,198.9841680878781,15:29:04,-1
5483773.704112676,16.00051138613534,16:00:01,-1
89203249.92659724,98.01364183849356,15:31:27,-1
11956949.440012988,318.5524497208229,15:30:45,-1
21483982.71650334,139.23339076033625,15:48:07,-1
85216241.42451334,306.63878478748006,15:50:54,-1
53551869.30356836,91.15170455597244,16:06:55,-1
24055198.28422367,123.98343896518077,15:46:01,-1
7099687.173442765,80.95143031495978,15:56:28,-1
14771698.405481908,241.15978547906437,15:33:27,-1
7204471.483162486,337.89744015667293,15:59:55,-1
62228722.41289391,153.0153996809794,15:34:22,-1
5067198.860827877,131.61531109727386,16:14:22,-1
10776596.017383868,39.62714918531432,16:24:10,-1
57149762.07224341,62.46587444088161,16:04:33,-1
54905535.77728741,121.74069628474044,16:07:26,-1
89315630.62476538,161.8670719772859,16:02:43,-1
82418495.1134579,106.9204979019885,15:43:28,-1
41003242.643502265,169.5930312425116,16:03:37,-1
66932255.65662702,120.33989610882998,15:32:03,-1
66692506.09338564,357.3304044643991,15:53:08,-1
567114.0128545559,20.311139997870143,16:03:51,-1
72990057.21918076,213.42453064169516,15:38:52,-1
52016994.986539565,70.30735314369836,15:43:58,-1
14642035.309203478,46.76891753618894,16:02:10,-1
29788885.306221653,226.1077065665513,15:34:06,-1
30148596.06556849,28.514087038990684,15:26:22,-1
55932735.43100646,294.0802485985949,16:14:39,-1
70563607.02882491,50.5812759079008,16:11:49,-1
22749801.798843414,311.664977624407,16:09:54,-1
72454160.14997771,112.78856464086805,15:33:46,-1
29920558.505667675,310.494988760874,15:37:07,-1
51208746.94346347,105.73166525422612,15:52:18,-1
39858370.311694376,173.040263735574,15:37:49,-1
4347632.317350801,330.8081163529271,16:21:27,-1
14432550.860380886,116.5535418705719,16:15:57,-1
73149695.97041799,66.05366114883303,16:02:03,-1
70268880.12331001,304.12853697819185,15:39:42,-1
31520893.914265063,321.5219421595898,16:08:38,-1
28567091.90609604,182.54977456331252,16:00:43,-1
55118290.49127363,65.43421225624068,15:26:47,-1
41495116.47265027,103.29721872853564,16:03:55,-1
57737747.3058425,336.9636848930974,16:09:40,-1
50241237.17274429,122.37693197704174,16:00:50,-1
88979944.04040031,8.18621131427307,16:10:44,-1
79226164.41348493,157.37139656829555,15:38:15,-1
82058975.22377154,248.58701673362015,15:42:58,-1
71268089.37126814,110.5273607119222,15:29:14,-1
540110.2933293623,166.34097589331012,15:52:46,-1
74056986.7343497,325.6541907345004,15:29:00,-1
79489725.58881147,26.03149227835399,16:09:20,-1
56218396.86692351,297.4211382413726,16:11:56,-1
1349682.218752558,333.1342325500675,16:08:03,-1
52850980.32164263,87.9102990882242,15:45:40,-1
166027.75775804024,275.4889491710067,16:01:45,-1
47444471.28206282,141.10930975886868,15:31:48,-1
29648995.65383768,129.60924179710096,16:12:33,-1
59274672.00948279,2.065842430991025,15:47:45,-1
596876.1067884008,145.8775756350765,16:04:48,-1
39733750.03053077,131.26770723943545,16:11:57,-1
6808476.42517918,259.46346228061367,15:48:57,-1
5265270.771047195,263.0241290998595,16:06:06,-1
23825115.93029435,351.4915377640956,16:14:33,-1
35504509.374238014,71.61025136106923,15:46:54,-1
20228725.67723435,187.8059398300853,16:00:22,-1
39796935.25261203,130.34757400087605,15:45:42,-1
32394869.332525413,154.17057587153528,15:44:35,-1
60945213.82260255,148.8049247438732,16:20:05,-1
10601596.45697368,161.487145393245,16:08:58,-1
36002557.53566972,246.4091123015552,16:23:41,-1
38512440.91340226,302.0149927105572,16:09:45,-1
21166608.34419674,230.29494589100915,16:23:18,-1
988721.2607926576,62.515377544120525,15:31:59,-1
21016831.39294138,152.92476654929524,16:20:56,-1
40596207.49548877,2.257695924012335,15:39:54,-1
75727585.00142185,132.21799873075602,16:19:02,-1
69082177.90214236,347.4496808529117,16:24:43,-1
69528577.0283385,71.56298372803451,15:55:36,-1
68118.71474243051,191.24991985019585,16:20:27,-1
23899461.046441767,225.6614557540105,15:55:43,-1
81336378.22504258,301.96866376441983,16:04:40,-1
59180089.65477641,353.0942665931771,15:36:52,-1
14983749.42783926,96.44689365468815,15:28:44,-1
61699652.247458056,335.9985349805357,15:52:55,-1
25792689.65963377,308.1320659899167,15:46:06,-1
68859673.09311354,84.62249937239281,15:58:07,-1
25840530.63410997,310.4620858148135,16:24:20,-1
22727032.388743117,96.677172559834,15:43:06,-1
68879421.8384726,272.7466004146724,15:35:52,-1
6921964.674696528,170.6811175947283,15:50:44,-1
10903819.935566587,72.6820775193998,16:24:31,-1
10511218.83798559,141.87464574243063,15:41:55,-1
82086387.73342897,310.9414345925428,15:25:51,-1
42518037.2648821,267.3397687311327,16:16:59,-1
31869539.886584926,7.399822906365361,16:23:12,-1
74184401.07219183,11.315375538881298,15:37:45,-1
40615839.75047264,155.6926343653613,15:51:14,-1
28554081.18349465,321.66869159974533,16:16:17,-1
61020252.65481188,327.3327291173443,15:37:06,-1
30286706.304149225,124.26729162402115,15:42:02,-1
23139618.452361543,140.554695140036,15:31:17,-1
3472425.7614499163,297.6695674804376,15:46:13,-1
88908209.69057593,294.60899474139785,16:23:13,-1
88848176.18735757,258.7997905308106,15:50:51,-1
14128765.789696518,210.2691582040188,16:11:38,-1
66059573.43131103,321.1552090793732,15:46:38,-1
26674878.0100105,224.51723085823025,16:00:50,-1
10841309.532072809,179.11672054303057,15:32:13,-1
66139414.370832086,332.8071193303023,15:30:28,-1
83781525.57468145,33.31825652529314,16:09:20,-1
58402119.876692206,152.37382789744078,16:09:52,-1
2454972.925250365,60.27310100388363,15:56:17,-1
23339972.89908929,158.69159029455574,15:45:00,-1
13790453.79724105,153.31312631556926,16:20:09,-1
31845978.086082283,150.18250541883955,15:41:07,-1
36612093.45706196,138.31036567353055,16:04:47,-1
56607541.73376413,129.30600193817384,16:09:34,-1
48658805.0883808,230.7477800744658,16:18:26,-1
27363262.13549392,204.87304670254323,15:56:35,-1
6905421.890637769,124.67263521753084,16:19:51,-1
48995568.65962366,86.0433914537579,15:28:17,-1
53615514.12817103,234.91682635178643,16:11:36,-1
36635700.42854031,276.7553060717024,16:15:23,-1
10614037.378341611,85.80532601180468,15:57:07,-1
10847160.325490426,248.31443879372992,16:20:23,-1
83549321.47109316,35.39345775693577,15:35:03,-1
86967869.84300281,317.2873696031522,15:53:42,-1
77890056.1112147,205.6311646462096,16:09:03,-1
29740319.265350707,84.39512031703175,16:07:08,-1
582643.5057459685,303.87907486242733,16:03:35,-1
68567226.8425109,23.005784433628925,15:57:55,-1
27057570.52140932,184.9981279899789,15:40:16,-1
60696716.2473091,245.4012814056181,15:44:03,-1
88032825.1493568,117.84446360756822,15:42:16,-1
14417865.863724764,100.90378872003892,15:26:18,-1
56530595.30140459,317.9319140574884,16:08:29,-1
65848632.34693118,106.08568845118523,16:18:40,-1
43419754.01572608,45.91309996460494,15:45:35,-1
47299153.23966688,199.36209956598367,15:44:11,-1
68524655.57706726,217.77750868185544,15:33:32,-1
76036943.15623502,19.92621214875381,15:45:12,-1
2781083.6121438527,87.61027546927544,15:38:39,-1
31742234.230307397,20.50551085121265,15:55:39,-1
62423162.02040567,100.56286582812665,15:53:38,-1
11383268.74311905,126.3080952442489,16:04:40,-1
82882534.5623785,5.629804017116831,16:24:53,-1
86080669.2372553,65.7163381745918,15:33:46,-1
85245120.58711177,34.06787857775874,15:34:17,-1
72652942.56776476,77.58920740632075,15:44:30,-1
77957283.05005223,13.874307394817125,15:35:30,-1
52928807.42176743,83.59759670778736,15:49:46,-1
87435863.82177405,233.31394779058985,16:14:07,-1
15332706.688495535,26.19652057182236,16:00:03,-1
74012682.139708,133.68088135003634,15:50:29,-1
73176012.4861188,266.7488210574301,15:54:01,-1
39146616.12093501,317.8537111817616,15:32:11,-1
47352164.74275184,28.349759261919367,15:53:59,-1
8544961.215977738,286.8743947491131,16:12:00,-1
70710548.98391712,148.56890055670152,15:36:02,-1
17048302.75836159,243.35349520677048,15:59:49,-1
44830576.55270495,296.6030524020403,15:42:42,-1
13541317.7862877,336.3232926902063,15:35:40,-1
37822773.55792443,13.22919036197048,16:03:58,-1
80790473.07528637,16.17281086330657,15:48:13,-1
47495906.48895097,27.064913821621136,15:48:14,-1
49368778.980871394,344.9353895649463,15:51:42,-1
3944845.1529159336,113.72262333678736,15:45:20,-1
52540029.44499381,268.9004647905795,16:17:35,-1
77358388.92239282,224.95719542307847,16:05:29,-1
58253677.31366441,157.73509645238244,16:05:10,-1
516752.9401096198,331.12790525589173,16:13:14,-1
35121998.11486313,175.71808629300966,15:50:55,-1
26055780.16051896,333.3267976348583,15:32:39,-1
60638941.52932462,269.11226981437574,16:13:51,-1
28245059.283052824,356.93137986566694,15:49:48,-1
20502312.347899325,156.61577987897428,15:46:14,-1
41917417.896740496,348.453982345205,16:24:58,-1
18823296.14924713,124.31168582598173,15:51:41,-1
82491169.04397479,180.02835729435725,16:14:58,-1
14420872.100123532,125.99233916013196,16:00:36,-1
69197704.24715385,201.6549257379084,16:11:51,-1
53521406.07869308,297.6747566716097,16:16:36,-1
84004811.85013792,79.1696734497125,15:25:29,-1
23001690.39491852,178.8949704717068,16:23:20,-1
14876555.45853008,283.60482073756486,15:49:07,-1
16721751.936895989,174.43634782854593,16:01:20,-1
71269633.36331859,130.1069376021466,15:50:52,-1
18726825.258418866,174.83517389766612,15:52:28,-1
51343448.495805405,221.5307269680126,16:24:04,-1
48747711.34859087,267.2120141088477,15:50:40,-1
39467388.98657993,92.71340549454168,16:01:16,-1
64890874.756272055,107.5668246087234,15:46:29,-1
61605710.43970809,208.5614749800102,15:31:34,-1
85270486.16462716,200.5104066619967,16:19:37,-1
70643061.88303143,250.62802435469385,16:05:44,-1
9970441.774709675,113.20403906186216,16:00:02,-1
38973012.57472584,264.0910057970321,16:20:45,-1
59054382.13025169,246.2579925186167,16:14:11,-1
52218403.55208494,278.60711702723444,15:54:28,-1
6569984.46529504,327.69992835708484,16:02:18,-1
21165316.95762771,273.9860951195461,15:31:16,-1
51457140.00879587,226.74172683397035,15:46:03,-1
82889137.17831549,98.25953893088484,15:43:32,-1
6801743.71039809,204.1421112302411,15:44:02,-1
28936295.92906961,124.6715115280243,16:00:39,-1
3320793.9346957263,137.89774887846036,15:48:36,-1
86622815.61675434,211.1695284520324,15:36:18,-1
21303566.34730944,241.891924003306,16:19:30,-1
81464043.87692486,343.39188711396014,15:38:44,-1
77870398.52867314,91.48406785667213,15:29:10,-1
60992536.30581676,186.66780854036844,15:33:53,-1
51814278.068283394,301.80246372632445,15:30:28,-1
41168351.68732518,282.4978429027507,15:40:38,-1
43329178.30720943,315.6543276019644,15:38:17,-1
54068044.17119089,52.225869017997255,16:20:54,-1
23395463.98466157,90.11808101489744,16:06:37,-1
21307115.50192392,355.1295910883872,16:17:49,-1
50680198.541526064,30.63579266053083,15:42:39,-1
54423988.133091286,294.3694703503328,15:31:47,-1
56859670.62124122,328.17156240678224,16:03:47,-1
68511671.67905585,45.114580096521685,15:59:47,-1
19570309.91923907,132.43168790838425,15:38:50,-1
80619777.29263906,277.09079256672726,16:05:04,-1
65997145.62538909,125.68437178735934,15:33:38,-1
54234459.93797954,94.41971800255466,15:38:19,-1
18646089.380868006,306.3516248275953,15:56:28,-1
36582030.8837,212.70987290802336,16:11:39,-1
52039548.89040603,349.8190882082025,15:42:21,-1
17443742.46962773,301.42353880326147,15:59:55,-1
58867840.30703079,126.31780553601344,16:22:10,-1
70661322.23478101,184.7073851727312,15:56:36,-1
3665572.3527849927,99.42789162848436,15:29:44,-1
61148344.16069273,252.8212996520832,16:15:01,-1
44002951.82186708,270.470344856495,15:38:41,-1
6707975.47377007,309.77346886497565,15:25:49,-1
70080777.0282269,231.95807795848552,15:58:27,-1
14374361.20764584,52.262696538719794,15:44:20,-1
80542348.28045018,229.7109077686135,15:30:05,-1
82896028.51257256,348.45911011713804,15:27:04,-1
84456671.08258207,229.51580178739076,16:07:13,-1
73083530.09888147,325.08793383935165,15:54:37,-1
52418520.99548674,225.02565262383436,16:12:26,-1
6909646.696125192,292.51483820568967,16:24:18,-1
19985191.54114464,137.17300020252247,15:47:09,-1
20529904.91574601,6.524778350091434,16:24:47,-1
40833730.695343606,103.67231207346674,16:15:59,-1
54451880.57783204,32.630656445667164,15:51:06,-1
68482487.2930526,308.1677394669971,16:20:05,-1
72579651.79356508,31.84097003905744,15:26:55,-1
31241325.12705493,47.92743664458652,15:37:55,-1
15268795.4427717,226.92986476614976,15:31:21,-1
77868628.27608721,330.8842684351564,16:17:27,-1
25474046.691237696,258.36350924644546,15:26:05,-1
20698072.90373619,164.44316817397686,15:44:35,-1
75926864.86791052,278.24868218535977,16:01:33,-1
16636405.613206936,186.7707584135712,15:36:00,-1
49869549.97739745,6.581593383939932,15:30:55,-1
47018671.90079992,99.40267629573836,15:32:52,-1
694941.4426411549,285.17036056984887,16:17:03,-1
78379306.0146346,151.2644338702361,15:33:08,-1
33522430.1925594,193.47931017111185,16:10:21,-1
64848753.09533212,22.857867240300877,16:08:21,-1
67327020.9988163,257.67540324538754,16:00:38,-1
10650956.975438297,256.9796309609243,15:47:12,-1
7072374.606199106,38.2526904824003,15:30:28,-1
10641070.183896247,106.33614349020051,16:15:26,-1
3888731.10861681,128.9760182510457,15:33:46,-1
32639095.056788277,134.12004892503236,16:11:50,-1
87760564.1031509,138.51536885717513,16:12:11,-1
68933813.77161615,170.81760585257703,15:53:32,-1
24567923.19138049,270.75473664654635,15:47:00,-1
71236448.4753648,192.2781265475924,15:28:27,-1
82661194.68510601,161.43956805391804,15:53:38,-1
48895919.59845519,53.612513925102256,16:18:29,-1
61465858.28792406,261.97493685782405,16:18:29,-1
49524867.36566019,311.5257650745091,15:39:13,-1
77630175.12197448,315.5622986263215,15:45:21,-1
76004607.75273432,66.82462567764702,16:13:49,-1
57507850.927375,10.797657524794362,15:35:14,-1
21278029.045701224,294.61987068868774,16:10:02,-1
21879495.744835906,30.264563918742446,15:43:41,-1
15651535.480894318,353.1958845949416,15:39:40,-1
69314007.73051116,151.99599220360398,15:42:51,-1
8631911.23275762,254.9430043335816,15:57:17,-1
22682531.38153388,95.4705674674779,16:10:07,-1
11761553.28018819,87.1640199497192,15:55:03,-1
40604809.62568972,279.5271220393222,16:06:59,-1
5579717.676430714,346.320129120894,15:31:30,-1
88244741.58584258,344.5189158747756,15:44:05,-1
39184507.137607925,217.1723782130785,15:43:22,-1
75330394.83154957,291.1895013838694,15:43:43,-1
68572858.6351342,24.474998526667854,16:08:24,-1
22799480.41920032,156.65994592159865,16:09:01,-1
72699826.79163492,295.59175245795785,16:18:23,-1
87584566.26844072,296.38235652449896,15:26:59,-1
68868656.4874691,152.18232843112983,15:43:07,-1
42508960.76326472,19.96900030999036,15:44:39,-1
64123702.64740199,17.269520734825843,15:55:53,-1
51181651.851009496,100.19628786468262,16:01:50,-1
5934238.2707001,59.87235332023302,16:08:21,-1
40618329.7217822,39.75051509146394,15:28:26,-1
42764687.77867222,201.6900951567449,15:40:44,-1
10238336.490355488,83.46994615560368,15:46:36,-1
47658874.81915491,175.58081000317287,16:05:44,-1
11659853.252817571,238.41362076091585,15:29:09,-1
38851133.95939493,96.76579981276254,15:41:29,-1
75245013.68419446,104.66282098835424,16:16:02,-1
24677161.292399444,202.32335602073076,16:09:47,-1
54756861.7740417,94.15207159263947,16:10:37,-1
31174658.0256207,63.35745314601667,15:43:44,-1
81759561.07421547,5.479901481118876,15:47:51,-1
52482341.27064476,32.392595908142965,16:12:46,-1
49079033.47086015,79.42884023821001,15:44:59,-1
39222946.757840015,206.0412794516172,15:59:34,-1
18108187.853181347,32.90394480677818,16:12:58,-1
86400279.65946995,38.87093678931984,15:30:11,-1
6061929.24948307,70.15811495310962,16:13:11,-1
68072523.61943837,193.22246813234463,15:33:00,-1
7065527.837424304,336.27365359763746,15:57:43,-1
57389036.86151743,194.14365949470945,15:41:47,-1
29434769.362738896,32.46403583877975,16:10:18,-1
3534956.8642343185,269.0886928153232,15:48:39,-1
74500180.7004025,115.7413788615448,16:21:30,-1
61930011.147612855,323.75042643837696,15:51:52,-1
30296095.15273414,197.8434571548859,15:57:26,-1
1809829.3648448489,149.31364516341162,15:35:34,-1
42554572.07932875,259.55403377581723,15:39:55,-1
54382107.145404615,238.61767863628805,16:00:11,-1
48589546.43970349,86.85703060536152,15:48:52,-1
89033613.0017303,293.1095842215641,15:33:10,-1
83327597.03000174,22.16975825867932,16:09:14,-1
65739799.32504728,258.1517060398427,15:30:44,-1
80982799.01233266,339.6031631221867,16:20:42,-1
4468974.4240292655,347.1804374318894,15:37:44,-1
49596744.836918704,16.72350886264998,16:21:32,-1
59537834.1942453,128.20767902871938,16:16:14,-1
57950103.46262004,221.14261322282212,15:38:26,-1
73275195.26449741,279.24964554274936,15:52:33,-1
60780111.68058589,326.92777528269403,16:09:22,-1
68665719.83422652,169.9820151482381,15:53:33,-1
22963250.396336123,27.109928998438757,16:06:46,-1
67810945.60462484,63.02655951681263,16:01:19,-1
26234844.009914603,59.30518429908674,16:10:55,-1
71999635.95687588,236.2229687282292,16:05:43,-1
58746391.91451445,277.14641447608585,15:44:27,-1
77479719.22240448,139.2382759711899,15:38:48,-1
4965757.489224007,175.62557574323776,15:58:25,-1
56149595.25728864,226.0734734082894,16:13:18,-1
67235030.44406514,293.60115978246006,16:03:58,-1
79149384.97133304,351.9164019030197,15:54:55,-1
13665682.706407787,37.74876462582255,15:31:09,-1
55681728.75097756,66.86600634995261,15:58:46,-1
13022919.670349983,110.45147121166868,15:42:34,-1
41640867.99347553,64.54154220052419,15:34:53,-1
6979283.528998098,246.84187252981076,15:29:47,-1
1681174.9658572578,305.038264766715,15:55:09,-1
43391202.30483149,296.4796871537958,16:17:01,-1
73168143.19497119,233.8425196051904,15:38:07,-1
54645872.287216775,358.2760114470251,15:54:18,-1
23949823.060245786,157.34614733153867,15:31:19,-1
84051522.78703643,184.6353238192086,15:58:50,-1
40971225.52074885,158.13427634908277,16:23:29,-1
26383992.5229473,41.53657667097114,16:20:55,-1
13120700.554691983,206.77876938083503,15:52:11,-1
8588365.59289919,52.938976725138815,16:25:09,-1
75842027.93841025,39.11976646894567,15:53:26,-1
60785261.73876514,249.6617625165383,16:12:21,-1
35137138.958858214,234.70302077034617,15:57:35,-1
20623984.341041688,162.09123814493634,15:57:58,-1
39777860.82872204,69.66172359092654,15:43:59,-1
48847677.01750679,29.564274959084692,15:55:30,-1
5404903.587900848,9.787039303129038,15:36:23,-1
54781683.8069977,28.08814338887649,15:54:55,-1
34503155.15439154,103.87503029069713,16:12:29,-1
42304706.85296945,104.04260472490378,16:17:52,-1
4632191.996953012,241.08827528998,15:57:31,-1
72246723.59427579,215.0905988977716,16:12:30,-1
12227151.441118697,138.9219660147566,15:44:41,-1
11287788.422278317,97.03847377085052,16:01:17,-1
64687624.487425976,184.7372691899187,16:00:02,-1
28627739.153037574,250.4162958279053,15:42:27,-1
73561162.98589806,182.22184733844023,16:09:21,-1
13887166.926851813,264.6980856108486,15:51:13,-1
53891377.14024868,20.58859962657841,15:58:03,-1
51821654.81218463,66.59106497716562,15:53:30,-1
85240725.412207,330.9999667382833,15:45:14,-1
78348629.3884007,216.36995155242835,15:26:32,-1
23951131.5848368,74.0144371940894,16:12:15,-1
13461441.922641292,96.5104309854472,15:55:25,-1
52272488.14708169,199.06248415447251,15:50:11,-1
37529903.687205344,324.81791898456606,16:13:10,-1
53190944.91372761,1.7416887111488857,16:25:02,-1
73612125.13591471,287.98400570639257,15:46:58,-1
85257690.18424301,65.29439621124322,16:02:46,-1
51192978.35965594,95.7310688886249,15:53:37,-1
42578897.002746135,211.8415373141564,16:25:08,-1
86258527.47640942,290.91112746985914,15:32:16,-1
17734651.28233108,35.83172222751352,16:02:24,-1
85231259.29975133,310.144150182296,16:13:55,-1
73690922.03129405,93.46608170939406,16:10:24,-1
32339808.80121722,43.38486294062045,15:45:06,-1
6885495.022343577,323.12218170424387,16:15:36,-1
74252565.66287865,217.8585520612319,15:59:40,-1
77256217.07104348,273.1884007318585,15:28:23,-1
27534531.609218694,270.3068851044698,15:54:15,-1
72566902.42628603,105.41045177526269,15:36:20,-1
66542659.02986344,33.6646431638421,15:34:27,-1
56622010.115507245,342.6496171081613,15:43:40,-1
74522895.51099463,351.323662240921,16:09:19,-1
35050343.40290746,243.59225205527324,15:35:16,-1
20453186.615299556,124.96797190046904,16:06:09,-1
72391518.63720906,252.1010657506259,15:32:00,-1
6845336.071405849,289.27034349057413,16:14:25,-1
84100298.38341281,166.70502767276818,15:26:36,-1
80289656.09171793,188.14465447716623,16:03:04,-1
28485151.96274234,214.10858052367627,15:27:25,-1
62397447.55278945,117.1897875315669,15:49:58,-1
27447119.689326424,17.149219042871117,16:15:07,-1
64966233.37772725,97.40568146249774,15:48:32,-1
89213195.94649899,237.62508572374955,15:50:46,-1
49491934.4414623,246.24040600410032,15:37:37,-1
25447199.19697527,210.89315217720335,16:06:05,-1
53959446.05618395,9.21100323758739,16:08:17,-1
10701191.1942787,166.69998047778762,15:58:38,-1
72997167.80308239,132.00164099719655,15:56:05,-1
8482646.13875823,22.734780502197328,15:33:51,-1
43852892.50668569,280.69398585596406,16:18:35,-1
10616216.724251583,57.40597198646125,15:25:35,-1
14614764.358708134,214.3526046921742,15:53:43,-1
31728778.51769512,93.28794800453169,16:12:06,-1
36747146.97402149,136.53941759658142,15:53:54,-1
31520118.53616616,230.25610715640485,16:09:52,-1
87721537.4427989,67.44004528060863,15:36:53,-1
73828880.34471627,277.8186668362789,15:34:52,-1
6488723.329783907,36.88013716548645,15:49:47,-1
85300107.94912481,196.9425154936631,16:17:35,-1
41197536.88504158,127.70039726824204,15:54:47,-1
47711935.82305419,85.7072422981707,15:42:32,-1
39852189.81068222,268.971582073653,16:09:54,-1
73784743.23988461,119.80007967476152,15:55:05,-1
80277677.98577435,217.92414800053643,15:40:37,-1
26918506.94922784,292.03243151024344,15:38:44,-1
75414271.68014167,197.98776060399288,15:34:30,-1
40727529.62634475,125.26276534888166,15:31:38,-1
7678859.506364238,30.49373101215773,15:41:55,-1
86162462.14280115,283.5196185793275,16:01:25,-1
17444259.974754237,120.8660822104332,15:34:46,-1
79723060.99806868,125.80838712034932,15:52:35,-1
83758604.8706337,74.31752313196668,15:51:26,-1
1698713.754840337,354.09382218167923,15:29:18,-1
75032839.07218306,161.6397217502493,15:43:47,-1
58700622.94785967,231.7523121384416,15:39:21,-1
32194209.56431827,307.8592992562406,16:24:19,-1
49078641.354836605,170.45524085801318,16:17:09,-1
40081613.93598806,42.07263185175668,16:14:34,-1
22335924.071317684,16.710535612688,15:41:15,-1
71914035.04808971,311.9247011150296,16:06:32,-1
19209893.479115464,316.01714421480534,16:21:54,-1
10773801.566135244,34.06027366962363,16:20:35,-1
86723495.50893775,101.36722051621406,15:56:29,-1
8615679.115283376,342.8542124779694,16:03:59,-1
67591032.96259682,27.641217688136305,16:19:47,-1
82251359.73591758,3.084305307094586,16:13:52,-1
16873635.452074084,200.96717375914943,15:34:33,-1
68085494.72132783,316.82699781778746,16:02:44,-1
79080679.73883685,20.61571517165406,16:12:50,-1
84973658.14830863,79.2491723756202,16:09:13,-1
48464962.469657525,338.3694224990069,15:29:51,-1
77610530.05973728,236.74541148045225,15:51:18,-1
21942740.12569529,340.5548543475029,16:08:24,-1
81725406.83773753,298.5617719633843,16:17:32,-1
82198907.86985262,319.2136085413436,16:20:08,-1
22640909.359618537,76.42958443673395,15:46:40,-1
18691660.162640043,222.71935970528648,15:51:31,-1
16836058.079589218,117.7845020667603,16:22:24,-1
65046136.07363101,306.10260778735244,16:12:05,-1
82453356.31696023,96.8489082331406,16:21:54,-1
44834416.29382198,245.9152415750419,15:44:49,-1
37857528.69488583,29.492111301780035,15:32:47,-1
19474697.20925479,20.806569435651166,15:40:01,-1
65156204.682558805,253.47024812267847,16:21:58,-1
14289854.817345398,122.06474478408232,15:37:50,-1
63774658.13858851,254.8151646997331,15:33:48,-1
32901242.236889493,121.78420100141886,16:13:46,-1
65171998.64104232,348.58337766561806,15:46:44,-1
89659523.03913788,346.5600443742423,15:46:29,-1
18726601.450213157,180.83750982812,16:18:08,-1
41932446.92253696,109.6708194677346,15:52:19,-1
11876441.427640852,133.39056167475684,15:48:38,-1
50469183.654078886,194.98095019786615,15:50:51,-1
35586156.37204408,250.14389214836115,15:49:17,-1
30513271.58725593,33.599249920784274,16:10:04,-1
60303941.87313892,252.9297587849025,15:49:37,-1
13133928.89010432,120.96516415232838,15:31:13,-1
52314529.19065186,349.7896487424436,15:59:31,-1
81836333.00131729,204.30356528032868,15:35:33,-1
35056601.720616914,7.097483779581526,15:57:56,-1
51577367.54336879,74.93619111557723,15:56:59,-1
85966233.29457125,252.61382446866816,15:46:03,-1
17626730.6191633,294.68216247898056,16:20:44,-1
22068711.432108857,297.2316207501265,16:12:48,-1
89340682.39678757,271.8151022492827,15:42:55,-1
10654463.62918266,219.54464932356717,16:20:33,-1
69679753.25045186,309.6930676606863,15:39:56,-1
48353758.06170112,31.009933683135,16:21:29,-1
86034061.5919705,298.0268492713121,15:28:06,-1
61706197.65527833,30.707876855727235,16:02:40,-1
52037227.20592704,126.33032358350032,15:36:10,-1
5759691.019763878,228.70063179196387,16:02:01,-1
78134660.6422252,327.2996114894757,15:38:40,-1
55436549.23067464,299.87046076568794,16:18:45,-1
43577644.42356032,274.6209675284812,15:46:10,-1
15101089.319623591,93.30375236168852,15:55:33,-1
24054162.553401627,245.9401924915748,15:54:53,-1
65973993.17578792,222.54030175253524,15:40:12,-1
31073194.889458384,132.58005968882367,15:37:44,-1
13060339.180957545,6.549726442055248,16:13:56,-1
38782304.86324671,149.48810498168797,15:37:08,-1
15425886.633410765,107.98521283957284,16:18:06,-1
71363985.68947887,291.7926463213501,16:25:22,-1
76915915.09043705,69.76696443303484,15:38:01,-1
19929450.038069677,70.40748741557704,16:12:13,-1
77541133.32528521,101.19958969570963,15:28:19,-1
17183543.794698447,74.79284934537785,15:26:22,-1
89776591.58659813,70.87327106679173,16:15:17,-1
19638035.95258061,276.4597327428621,16:13:06,-1
9569714.97281082,6.752826994380445,15:53:59,-1
69011381.63727352,284.9098001767798,16:21:10,-1
75539929.48780143,56.8669575681178,16:18:54,-1
12825761.520941732,33.40807781851787,15:28:28,-1
31481019.42351961,93.70649384290388,15:40:02,-1
38257473.58394737,211.9182266667184,15:47:31,-1
70613506.12691839,218.04804284988575,16:12:31,-1
13846427.0342526,179.26699030902844,15:42:58,-1
86921872.86554123,76.84744296471472,15:53:25,-1
84176167.46326569,48.54751983842736,15:49:28,-1
50656047.366954096,248.00056388593427,16:12:05,-1
49813980.04503106,159.71337494103486,16:09:26,-1
15739738.609175911,60.43190545409643,15:25:37,-1
10058700.059326554,178.54971267056732,15:49:41,-1
38946877.40850915,80.22868069946149,16:00:19,-1
81306196.53673199,287.8934635862115,16:13:17,-1
39559167.71248477,324.6232243812533,16:25:22,-1
34747184.05609994,155.16902283722703,15:29:26,-1
14977411.454069257,320.49740943632463,15:54:01,-1
3726836.779069941,90.44024597440252,15:32:28,-1
81626154.39257726,146.19786001241465,16:20:17,-1
54478231.47460464,34.402566095622134,15:41:18,-1
29378272.65581979,265.0446615360622,15:56:56,-1
36179163.522973776,264.328727318409,15:42:00,-1
30916376.602414537,41.48529199694282,15:48:07,-1
27021863.0609638,134.4524107003998,15:31:13,-1
36474517.61494263,117.58249098622824,15:27:52,-1
3491952.589807192,52.0433127954046,15:31:23,-1
65240826.34553163,288.3498003647921,15:56:45,-1
5267819.479665219,91.36406401034448,15:45:10,-1
43516442.08300038,162.1329620108041,16:12:47,-1
87296096.71233308,33.37307575517782,15:34:51,-1
40505471.451587975,189.34878088662413,16:22:46,-1
43944352.90345853,41.53971006753795,15:48:11,-1
15411176.390979633,88.4923947030956,16:02:38,-1
60673378.084772,243.2894355700872,16:13:52,-1
86574272.20245656,101.91558074992513,15:42:10,-1
23436733.35424521,172.2778672503746,16:00:13,-1
15140554.572195357,55.15761162799349,16:16:33,-1
48068749.99355593,243.9886714609978,16:03:16,-1
3705127.384424935,206.1267052628268,16:11:39,-1
87987451.57390492,161.9981738468112,15:48:14,-1
67719061.34129581,130.61967007248674,15:48:01,-1
84027106.33202371,79.36260891217273,15:34:48,-1
79811066.17803901,300.62559895565033,15:49:30,-1
87210024.28977561,206.46095604790875,15:37:36,-1
68641876.76549281,312.3685080346482,16:17:47,-1
45187985.685191005,168.78366280048314,15:38:27,-1
50329827.68499358,224.75632781657552,15:58:41,-1
22203368.88221553,299.30295485373546,15:45:47,-1
28622504.227986086,192.72221012822868,15:51:16,-1
51002670.22997409,350.3910795196405,16:13:37,-1
21335886.40641391,90.77929668128456,15:43:55,-1
22740999.30758354,141.93231230270143,15:44:22,-1
67546098.81868264,10.66232104220916,15:40:02,-1
31893542.161992032,96.47419896299472,15:58:22,-1
5887885.231489828,137.8090366622801,15:30:37,-1
66198304.03691013,39.85800009871688,15:38:26,-1
54218482.25049488,40.12330081887716,15:50:09,-1
69988313.04139403,358.4493896713025,16:02:04,-1
53579653.69172475,46.24437752777208,15:40:56,-1
85479002.84517944,49.8587032341088,16:18:34,-1
46945558.28006147,309.16512194077904,15:36:53,-1
21055549.94560751,356.4661893989801,16:05:40,-1
20633591.39528909,290.2418578554688,16:05:25,-1
83987513.43236744,203.7109851907494,15:45:44,-1
22970218.412302837,181.691969363061,16:01:16,-1
35303892.50479377,233.0734307463125,15:54:15,-1
51790023.03032586,251.0148727041284,15:48:06,-1
44560795.90046135,215.2130652563267,15:42:00,-1
33366808.925914485,112.81826193005207,15:44:16,-1
72730854.853744,284.8241769304464,15:34:37,-1
21777025.38130411,153.63501997343312,15:38:18,-1
69270103.54366885,279.25092936781977,16:24:13,-1
7919975.409818265,181.22121300096677,15:43:33,-1
52574260.52937769,49.74733318248512,16:07:11,-1
64660270.0893259,13.397852834047978,15:55:05,-1
81187047.54746829,236.43771131233493,15:45:00,-1
47214519.344145216,246.08421936388748,15:56:29,-1
24172531.983013045,271.45944139811274,15:51:43,-1
9122972.859626943,30.09283471778495,16:10:05,-1
1873626.246499564,95.67686480032717,16:17:31,-1
43563469.32521852,322.8192587803791,15:42:15,-1
49967896.48511181,160.67418674193215,16:03:38,-1
73798132.72860049,306.1289412918241,15:55:24,-1
29490220.25417491,334.1934660564697,15:46:26,-1
18979630.71755624,179.22501544475446,16:13:47,-1
65455633.31351287,141.032711732181,16:23:49,-1
86486685.68922533,237.4575960626116,16:11:09,-1
77626068.89006495,328.1979650008549,15:28:17,-1
81004906.73153636,312.8564388390906,16:25:07,-1
31429386.387451194,5.450370307899317,15:34:51,-1
58777040.76746242,157.9365690832824,15:48:28,-1
1133676.1991485932,202.72784946751807,16:00:28,-1
47727452.502251245,222.5796347241182,16:01:11,-1
84514363.52559415,189.97647673730108,16:10:50,-1
79080727.07118754,10.398352753782998,16:02:53,-1
9872413.86477637,88.6866860964349,15:55:54,-1
21116314.50655955,64.06082190306721,15:42:28,-1
46100678.70444638,19.404091497205755,16:06:01,-1
40516814.62904753,33.4273559916542,15:29:24,-1
81972679.852252,245.76156651675316,16:20:50,-1
21959268.70693184,213.24085822293225,16:00:11,-1
71278798.80096607,223.3961190629471,15:30:00,-1
48386676.448006205,74.16240009266232,15:32:39,-1
35828377.11144918,79.48724212840571,16:05:37,-1
30157761.44437534,201.22900304415512,15:58:18,-1
33709529.959312715,258.2478266797157,16:02:11,-1
27760251.25553904,30.711270670231624,15:26:41,-1
74453585.56004688,330.79544932130506,16:24:53,-1
63716626.97113059,337.6553280433509,15:38:10,-1
78487178.17778254,182.5337194462682,15:28:11,-1
36837370.24124576,291.3162373951187,15:33:50,-1
23567431.2481203,101.57765760073931,15:58:40,-1
53356923.866502576,173.66391675099894,15:42:42,-1
46002953.75668991,126.56086166477849,16:17:40,-1
54117752.73302292,238.38569902660328,15:54:51,-1
22256590.984876093,189.54315786085797,15:31:16,-1
8928150.698904011,196.5365485845954,16:02:42,-1
9387775.64708006,248.55898411425335,15:39:39,-1
23185894.59127027,172.4648923210335,15:40:36,-1
46525339.88125308,60.11051240604174,15:46:08,-1
60262788.34853555,312.7839250558852,16:01:48,-1
3932814.541499933,107.22456452360169,15:57:37,-1
1996021.2202075615,137.85487534802593,16:12:10,-1
47406592.11743125,159.48075209412335,16:03:43,-1
9291332.099409092,20.23246110982901,15:49:20,-1
89494538.03826176,54.58642677991821,15:36:49,-1
37992970.34777268,162.98792417647968,15:54:23,-1
16893547.981408577,259.9631798895283,15:57:18,-1
42825904.88274408,258.9662789820815,15:36:43,-1
67741486.32010338,251.41510738343695,15:59:29,-1
74676282.85480036,132.16330951419087,15:31:16,-1
61270806.16602435,328.24811932922546,16:06:46,-1
63496596.57814367,184.4084019923244,15:49:59,-1
46853499.21898717,229.06870377415845,16:11:56,-1
76016104.918749,130.48172800816116,15:57:17,-1
20928564.38427995,253.02622629694912,15:36:24,-1
83884050.72037855,133.6735990930321,15:26:01,-1
51676491.11989272,204.05158562807372,16:07:53,-1
7948623.812304101,64.79706922750472,15:51:28,-1
29073954.218323424,202.2565382045828,16:15:18,-1
70191979.49137738,311.45897699306005,16:25:23,-1
41702352.56206797,172.53315991359707,16:20:29,-1
38194258.30125892,221.43381850940423,15:47:12,-1
20752231.631218437,162.56260647099285,16:10:15,-1
82476737.02330326,94.92553695508128,15:50:56,-1
62822738.96033634,100.58635995848196,15:40:35,-1
87059963.45944285,159.3517508499842,16:09:20,-1
71005733.04790497,53.272784188459326,15:39:41,-1
70061953.71085982,177.08828304018377,15:41:32,-1
44960724.507244766,234.5923454742182,15:27:23,-1
80198903.66536938,341.2903536504715,15:38:01,-1
81489253.1389231,272.4084598123419,15:31:50,-1
49445247.457195245,266.0500366368309,15:36:31,-1
54918345.77717086,176.728747028165,16:23:06,-1
49873132.48394296,76.63093005350535,15:57:11,-1
29376989.830519445,260.9521391126415,16:21:17,-1
17066774.055310465,347.8563281047577,16:21:24,-1
68773087.3670137,220.4919253074821,16:01:45,-1
87561965.87908016,141.6096994974725,16:12:16,-1
42900729.05997137,136.60438289757587,16:12:18,-1
30871682.876495644,252.16612304649715,15:50:58,-1
67399813.78151727,91.0543598570217,16:10:51,-1
41951432.42215241,216.67407999026108,15:47:45,-1
53450681.877814345,202.6195406654618,16:17:47,-1
22337755.81831684,44.85140833416015,16:04:18,-1
69239097.3148144,19.008441504940556,15:31:11,-1
7359298.194875229,3.928628701839103,15:33:29,-1
62418583.99942439,124.66613007779766,15:26:51,-1
87201493.91293016,155.83574321302737,16:00:58,-1
73689723.90085158,108.36048171881008,16:21:51,-1
17909263.382113833,127.9981725334506,15:29:35,-1
856754.5229330241,339.92572307405584,15:51:23,-1
78036299.13741288,77.78967665007279,15:39:40,-1
73335803.49296299,118.30230860470571,15:31:01,-1
61500352.59595268,4.137661847000489,15:36:40,-1
12251773.82395566,96.76209945927611,15:56:12,-1
75118056.95052177,92.38169579159836,15:51:19,-1
10027107.77004173,219.69543174997335,16:20:42,-1
80260281.23820665,285.6315977387351,15:50:08,-1
80017936.59021595,60.096322792713295,15:27:25,-1
44373391.93016187,106.04277272683746,15:27:51,-1
41667281.04993311,351.539335355407,15:49:10,-1
41475769.13292362,262.67738781440755,15:52:23,-1
84993134.9079687,106.66045218496986,16:19:03,-1
28511222.166066267,14.290154570799931,15:50:42,-1
66470663.35669514,283.2660058038206,15:34:36,-1
14681759.511805288,343.3628926140888,15:52:12,-1
3245458.4495604928,90.95259283157137,16:04:12,-1
55290073.07491308,203.62860965841892,15:41:41,-1
76646882.66256979,152.84965596986913,16:00:39,-1
68095847.6939323,100.01746782382016,16:14:39,-1
46415221.74930872,206.906174761963,15:36:05,-1
21407302.6746588,286.7335941434874,15:51:53,-1
53500480.98273816,135.40533239117343,15:33:25,-1
7193088.1718356665,233.9647846361328,15:32:40,-1
47068489.50997055,120.86852201705084,15:58:03,-1
18713417.51193069,133.39509468112848,16:18:01,-1
46664801.63431765,275.28768662158205,15:53:16,-1
89584737.24581768,146.98581135736868,15:56:13,-1
13892286.589654902,139.14156995199252,15:33:21,-1
65502052.00627404,283.7630611488855,16:05:37,-1
59525720.4807037,25.26981476782932,15:49:34,-1
89277453.89413215,42.72332174368485,15:54:01,-1
89443432.18992445,21.694263489489263,15:51:06,-1
83622170.95971847,351.1984195736722,16:20:26,-1
43442249.83759066,151.88234635478543,15:32:23,-1
31365062.071077637,355.281009618009,15:44:15,-1
16318962.560192378,44.859663896706685,15:36:06,-1
81060665.68830235,95.462167052101,15:56:56,-1
21705106.32945797,222.16342179941216,15:55:49,-1
39888622.48746466,324.1511358104582,16:20:07,-1
13764525.354372704,19.97436908137378,16:02:59,-1
11219956.097507196,140.1359716684284,16:05:12,-1
21731259.300722662,217.9551118305168,16:24:48,-1
66814247.58111269,193.79307849497823,16:05:43,-1
50871962.67641208,7.449737584753233,15:52:18,-1
79654620.76629023,100.43139454788268,16:19:00,-1
6368680.500803295,154.88735533928735,16:06:07,-1
71733971.01222527,144.87650820845903,15:47:56,-1
69929449.87775888,277.2472078279646,16:07:43,-1
7728446.377796275,26.08229302884911,16:16:11,-1
52122255.35270368,263.4046946962801,16:06:31,-1
59709108.61044399,196.74503519178103,16:09:33,-1
72558528.03309163,260.46635975707136,15:30:15,-1
1331559.261313187,93.2060208602172,15:47:34,-1
26426601.53404936,239.59045030452808,16:01:53,-1
64765719.93294337,246.01592315031027,15:32:18,-1
44825564.54950022,52.26824996034296,15:40:03,-1
20059176.86287472,118.64851794500753,15:42:20,-1
73872369.10298842,96.09733897518642,16:20:31,-1
75982898.0390445,243.32125229066523,16:04:20,-1
35160744.46799128,234.7011889988392,15:49:18,-1
26735839.863560013,199.81042544752543,15:56:51,-1
32322459.65611267,291.16550449793374,16:09:22,-1
28370920.111010168,309.38815852877,16:03:37,-1
62722272.785603724,356.8339684024764,15:54:32,-1
26969546.260547,84.8224855087634,15:43:11,-1
30125717.609566364,57.43260750178695,15:30:23,-1
50038253.89662655,319.607924618496,15:34:38,-1
11805832.757602071,97.58681108458624,16:07:14,-1
52968849.15130828,216.02758474696213,15:26:14,-1
20068200.79903765,331.31355216279815,15:33:53,-1
79243778.56042752,295.3981684796511,15:55:43,-1
59585703.77811056,64.05738952288698,15:34:13,-1
86834843.15878655,42.98648057744723,16:14:01,-1
41714415.51461356,90.85933304558614,16:18:27,-1
19285174.51646896,205.3487824079014,16:20:22,-1
37121155.986844525,230.887907503932,15:38:21,-1
55783350.67861378,250.8760689975367,15:33:01,-1
24251229.003559045,312.1309709392426,15:40:23,-1
20850598.4699432,21.12444585987172,15:53:11,-1
17551388.85767467,119.78113854109723,16:25:14,-1
20270351.55692404,115.72191207437454,16:06:25,-1
60258064.66348823,233.61155325376933,15:40:59,-1
24392661.160828657,313.27452336877946,15:26:13,-1
77473899.70175391,82.46332113533303,15:57:37,-1
84034139.45159143,153.54187284876303,16:03:45,-1
72818741.98039338,175.1926417634959,15:38:12,-1
41779526.57350252,347.0312397712421,15:54:08,-1
68059941.9707166,33.5112958385315,15:34:07,-1
55957971.52815577,199.03104225703305,15:40:23,-1
27129792.129900835,19.95771241174864,15:53:08,-1
56126097.43760313,242.3501794466889,16:11:37,-1
80026763.05111092,347.3049204428896,15:39:47,-1
42257666.074909866,97.07756592835987,16:06:45,-1
13602490.961296838,137.2401699071361,15:52:54,-1
23658238.48743753,238.16128584818264,15:43:12,-1
20979965.79760918,36.92919969236193,15:35:04,-1
27034669.962410223,227.42357182734867,15:59:25,-1
63569673.014799625,119.49679877720996,15:28:07,-1
77875623.01027662,248.4228628853862,15:40:46,-1
37576254.17447671,346.34790943784395,16:04:40,-1
25914833.62401688,237.4426052225082,15:30:12,-1
42004336.10147332,283.1676706427096,16:09:21,-1
34104667.08841681,225.59719403525105,16:01:12,-1
33023848.5597625,269.6771753612702,16:24:28,-1
63793221.50554814,76.12319333337616,15:30:09,-1
9900490.18928053,59.063278115435885,15:42:49,-1
74551360.0711032,166.01683307197547,15:33:16,-1
68805301.33301069,98.49974222610142,16:19:08,-1
7296004.660549944,62.12331273728813,15:39:17,-1
53657220.57512219,221.85033300806217,15:30:55,-1
55901807.43885443,278.84726145925515,15:28:56,-1
17994856.082181294,244.87455111978068,15:26:02,-1
52954043.65913591,252.9478987560574,15:58:07,-1
39356865.76178953,107.95339961529476,15:32:19,-1
58594795.89355508,256.93547358672805,15:58:24,-1
55890026.28508761,154.28578206757877,15:59:20,-1
66542913.87978851,351.30999088932407,16:24:13,-1
28431291.315368906,131.15866249433907,15:54:38,-1
79434236.00521508,154.0557089234418,15:49:18,-1
43557537.7588511,342.49194919811794,15:40:23,-1
48529253.9727519,213.7308158314709,15:52:50,-1
66160454.44475349,56.4518072694088,16:21:21,-1
47546985.61807343,95.77453604960456,15:43:25,-1
32092943.45635751,354.9804194670531,16:09:58,-1
17468063.21237625,170.91967855784574,15:35:26,-1
71861584.61228773,237.3987431019185,15:33:21,-1
65027501.4911718,302.70339079107146,16:13:03,-1
50355683.13435269,271.19618458710187,15:33:17,-1
42440397.43372628,50.387659889097804,16:20:34,-1
64672465.21340771,94.4713243216204,16:07:17,-1
5037590.970899502,309.1686874365526,15:44:38,-1
52556121.047528274,53.960019864023934,16:10:42,-1
23748884.28613692,168.80684472570815,15:37:05,-1
5469420.181579178,340.4366245167609,15:52:32,-1
39160636.1181411,36.16995597360717,15:33:06,-1
70494667.74759728,15.639008197479232,16:15:35,-1
56961258.87641353,73.09433266020794,16:06:16,-1
86920168.12466238,123.66749887570008,15:42:12,-1
34474054.57682892,192.90765979047072,16:13:31,-1
67125735.72599906,166.5587447935951,16:21:28,-1
80174684.5654193,332.4535970277219,16:06:41,-1
36669511.66145265,250.665481346633,16:23:44,-1
59966697.699112274,330.98226482887605,15:40:36,-1
9161110.39576664,17.99576351002003,15:58:21,-1
73588866.5829595,65.99309739456541,15:44:21,-1
82783078.64716381,273.5120732903643,15:42:29,-1
1763787.5336738653,11.677798180910044,16:18:03,-1
39491660.75261938,139.59042069071702,15:46:25,-1
12649875.464391949,123.67822751992736,16:19:13,-1
78052612.75369756,289.5718269353928,15:58:39,-1
41333323.3940402,50.87016282575868,16:21:15,-1
29579287.91775625,28.656548001441266,15:29:54,-1
29718920.644850925,162.2466907623938,15:57:48,-1
66317677.89431519,32.10958474587976,16:01:02,-1
34250362.213788696,335.5425307900693,15:26:54,-1
32569080.420016784,220.5480225837508,16:13:56,-1
5261370.788882541,241.19065275821796,15:43:18,-1
31731939.50723473,196.29753761997256,16:23:05,-1
53015575.93536363,319.43741215555906,15:35:24,-1
13681422.305700772,73.62899625483293,15:56:39,-1
6274852.726626316,227.4510933935936,15:31:18,-1
73056671.34673369,153.4889871237405,16:24:42,-1
8531100.198557645,10.658980669465311,15:51:12,-1
85576021.37999824,294.34949743371,16:16:38,-1
75904443.70607696,236.4737778137444,15:26:23,-1
29121469.70666609,295.95916945589005,16:09:03,-1
86497390.19702393,204.7833837939312,16:03:30,-1
69304166.28585014,160.85494932981894,16:20:51,-1
80080344.16916753,348.5775551398992,15:48:18,-1
10218239.557849037,346.5979252904109,16:18:20,-1
36300000.3546617,7.368889624467121,16:05:12,-1
39091529.95754957,347.2418671148385,16:20:12,-1
72961000.91767673,330.2521649257348,16:08:31,-1
55081767.71860602,136.89483667825758,15:26:26,-1
49011578.62162698,322.22033578976954,16:19:49,-1
1893284.590960464,215.36102008634717,15:40:54,-1
633972.236639064,207.21239094315,15:42:31,-1
24854202.02914333,58.37427395855521,16:11:23,-1
86020001.44083051,67.98135829539423,15:32:40,-1
11821829.27758634,245.21986322375645,15:40:49,-1
47653612.778619066,200.08515503474987,16:25:21,-1
19280238.91762156,141.66576229412956,15:57:57,-1
19751670.44612101,269.7397895078168,15:48:42,-1
69380010.8715377,27.417708767306443,16:20:58,-1
5207543.542144052,282.94196893870065,15:54:58,-1
61680792.22983442,252.69640764569985,15:56:52,-1
4939304.544416623,14.282158367646716,16:04:24,-1
25576371.28035929,201.10198219855212,16:03:04,-1
78557965.281411,110.06249319480467,15:42:12,-1
33652952.25515896,54.194527121643816,15:26:24,-1
59355205.032786414,282.1195134056508,16:09:32,-1
84209523.35485782,234.3108806639117,15:49:04,-1
84764463.04504111,51.9798223749409,15:50:18,-1
8288328.0037692925,59.77613687070293,15:32:07,-1
85752835.30424806,195.9981094761951,15:54:39,-1
36715206.76688646,254.41825891468517,16:22:04,-1
25789680.77919746,307.6610887959236,16:17:40,-1
18085214.814701512,109.98812831151076,16:14:14,-1
6545988.487125796,246.38610248312773,16:19:39,-1
12244573.266704995,162.61729080703145,16:14:53,-1
13337441.720144222,21.1473814376173,16:17:24,-1
42152739.30787008,42.43199826806781,16:19:15,-1
30604538.820471674,254.90063527405763,16:12:47,-1
20715455.52910365,132.13590869072465,15:36:29,-1
22367231.429227244,175.71910022638653,16:13:08,-1
89762573.1994936,67.86615690776162,16:01:15,-1
61287454.29336762,299.33962481526635,15:26:32,-1
48628293.21676055,286.6024650265999,15:41:25,-1
11426172.207968872,279.27849723787097,15:29:20,-1
34961852.61192879,22.937701264449814,16:08:16,-1
69231358.17713982,48.05581859725002,15:37:15,-1
43021771.82284264,168.1004905024739,15:41:43,-1
63980182.23725456,320.7208989576624,15:40:53,-1
62737254.575629726,34.7920142938935,15:39:28,-1
27740516.54734477,222.50926817821397,15:41:22,-1
89541258.00627223,100.21178121356058,15:35:15,-1
41250222.74590695,253.0628787576324,15:46:11,-1
957588.9752420816,258.3971000298384,16:14:24,-1
34665263.55839023,205.9234164260857,15:29:48,-1
28990375.197121836,101.40152530888058,16:20:20,-1
28674600.837108787,294.1787366189175,16:07:54,-1
52142161.16869788,30.834835246525664,15:47:08,-1
63991959.89571595,313.2637919318248,15:39:10,-1
19810362.89954102,336.2306572148481,16:22:55,-1
65442954.567361936,348.2906925791698,15:52:48,-1
15329381.764317958,352.1322233758553,16:24:38,-1
36226146.30699648,337.65637327909684,16:20:30,-1
6293869.589702309,339.3269021190656,15:38:32,-1
50563784.488265015,279.37355672124204,15:43:05,-1
39992836.007761054,218.8084904565781,16:02:11,-1
59998163.13893141,76.66065374223581,16:22:52,-1
81950260.8533253,172.4402616861745,15:34:33,-1
70715628.44654709,53.797880845685306,16:14:58,-1
58335109.53937041,337.0521514698225,15:45:11,-1
19287305.673541617,211.890022704496,16:01:54,-1
35420075.97025451,267.65406230259305,15:27:31,-1
35815106.81982396,221.32337603184664,15:29:09,-1
21854649.54998584,325.16999412152364,16:11:39,-1
60119500.93064986,148.4015666997717,15:53:20,-1
43088161.30367806,356.52356387129004,15:59:46,-1
19766428.899535418,228.41624784222077,16:12:13,-1
19712621.602431748,229.35176203073965,15:44:53,-1
26103079.622692943,266.4911408503115,15:30:59,-1
30520007.83539613,156.78356269615426,15:30:34,-1
70023452.20014103,53.40582135955444,15:27:07,-1
64140279.063140914,122.21087482591687,15:30:11,-1
68444688.26206976,280.46567049144056,15:50:41,-1
77324819.58370233,51.443003373543206,16:16:19,-1
8441636.051437024,303.57728058722535,16:11:22,-1
32312649.74784284,0.7873828134119298,15:58:31,-1
18822975.85007261,344.7402024671552,16:13:40,-1
4881292.985345012,27.031060003710348,16:15:15,-1
2706418.009713407,227.96784185287825,15:26:48,-1
72366635.98820285,175.2268746652668,16:11:07,-1
40432941.839069165,58.52749541147374,15:58:16,-1
72476697.63950919,169.47874656746566,15:52:54,-1
10654428.519757325,5.877548869905458,15:49:26,-1
37335244.28086752,230.4558604077669,16:20:25,-1
79547522.96397975,51.58930345075065,16:00:15,-1
78751160.02137344,109.25609985176143,15:44:28,-1
42887212.17400069,352.6345282262516,15:40:09,-1
32825893.353090927,233.6148624248548,15:38:45,-1
80028497.53241535,242.448320613916,15:33:31,-1
43328458.66296204,232.91585933186167,15:52:03,-1
10518380.57544942,111.24222904790837,15:32:53,-1
5226355.401862394,25.829767605703985,16:22:15,-1
38284200.44222336,175.08342433356106,16:09:06,-1
74890363.8887695,271.0098047709753,16:05:34,-1
85813209.24100459,248.8588758653904,16:11:55,-1
1694522.1068857256,142.03108896449666,15:53:38,-1
88815652.38278572,106.9408351053517,16:16:36,-1
64909029.51801444,82.20861788217482,15:58:12,-1
50620790.28304168,222.73393290196103,16:19:34,-1
23369897.185315527,162.9556800951243,16:19:11,-1
37843360.01619016,117.8583135625256,15:39:23,-1
4031786.44973638,158.97189007890063,15:57:34,-1
9368864.198308822,226.72387296453908,16:12:17,-1
10105934.608732942,349.5145365654544,15:48:11,-1
9008314.082181346,359.49459066226206,16:22:42,-1
24772.96265874972,115.53170028010658,15:34:37,-1
13016724.686993051,206.3669380003627,15:52:19,-1
60335638.46228536,249.99106388126827,15:38:11,-1
66018212.07010576,283.4881574142244,15:46:45,-1
20327054.60984896,23.696962999272927,15:36:17,-1
10657438.41708478,36.34403410307885,15:38:03,-1
58053101.42838448,263.227405577263,16:22:57,-1
21833137.85730496,277.82799916954355,15:41:25,-1
28306086.53940216,81.4696465598018,15:41:31,-1
24902170.839746,175.42711471034235,15:34:25,-1
16611484.528811095,281.04551033734646,16:14:59,-1
74584370.12281892,23.04433958935572,15:56:45,-1
15043155.605584936,279.42205863289826,16:14:29,-1
80835192.32026598,128.55525661387608,15:53:22,-1
18125783.21667727,339.12938681774006,15:35:58,-1
64543218.092431225,303.9729357578247,16:04:55,-1
8918747.2703062,337.53702912111453,15:43:34,-1
56047591.25425712,187.4663347595436,16:06:32,-1
35303706.78511019,224.9849395809598,16:03:59,-1
40391134.08792752,230.932879964694,16:08:06,-1
44608533.69138516,11.146613850328048,16:24:21,-1
29284184.294669986,190.08690056710077,16:22:42,-1
52048895.87039088,312.8832540996896,15:33:42,-1
23961075.556221846,42.64871090627771,15:59:11,-1
8319889.179157385,275.52578976392795,15:51:03,-1
74826832.94264032,109.35267202122908,16:22:48,-1
27842226.47975128,149.90341332728332,15:56:56,-1
87205446.3770388,304.0011762359867,16:20:50,-1
19879023.25517462,79.42894080419148,16:08:06,-1
21104209.221368816,336.09573262526493,15:41:55,-1
26340200.664082624,356.4496700523114,15:47:07,-1
30522686.4608026,183.1275807816396,16:07:07,-1
67107099.09733613,54.46964963316107,15:42:02,-1
24045889.131127324,66.90403524353958,15:31:35,-1
57881798.86695771,126.30463376866162,15:42:43,-1
53731428.68362752,75.97350886205577,15:42:27,-1
55155077.24693236,344.7302808524799,15:26:10,-1
24691472.8746174,350.9331152694485,16:15:21,-1
27747256.628544293,241.48350349077597,16:14:37,-1
36837140.48952839,119.28303863752078,15:29:58,-1
70404398.59393755,29.10687065805956,16:08:32,-1
37644709.373884894,89.54963572900856,15:52:44,-1
46010944.9227916,123.79180737421864,16:01:59,-1
55527792.67134199,83.3964774382512,15:50:51,-1
66003041.76335595,42.7935854570861,15:51:22,-1
6941879.016701215,314.71932760514505,15:47:22,-1
2968944.3504826115,155.78711296696895,15:46:53,-1
23932439.808223885,206.3078613709717,16:04:45,-1
55753370.31850512,152.88644999460965,16:22:59,-1
83117746.01125018,115.7427309088126,15:30:03,-1
3962842.9819539255,335.24815039618096,16:11:15,-1
79683814.0134881,248.11402709016517,15:47:03,-1
38393400.18818791,171.2476404655014,16:25:09,-1
79049961.48392078,332.5610844573686,16:02:37,-1
13472471.481227905,228.13075036801035,15:44:20,-1
46592215.37359758,221.8468534589537,15:44:34,-1
3514674.58627393,60.71916475313975,16:25:03,-1
32034282.424342263,307.4768474099192,15:34:44,-1
46030161.5750085,223.43929192921817,16:10:45,-1
1305587.6403565162,78.22819170170189,15:51:01,-1
40951826.22341866,318.8156405149897,15:38:51,-1
80802576.66750604,222.2093296167178,15:35:52,-1
47303621.61920176,59.77717590757991,15:59:41,-1
42514111.97583809,293.37192324826026,16:04:27,-1
37622413.22230192,181.19839585329453,16:02:58,-1
42473653.37324156,168.61148744244275,15:41:31,-1
40730820.550369695,0.0270634662252122,15:49:27,-1
36708203.36104978,174.8181278647256,16:22:19,-1
39026913.98249977,117.91355783588924,16:12:09,-1
72941849.68472657,197.2231571847721,16:18:59,-1
22291805.972751956,213.28191464038736,15:35:58,-1
17752020.560654942,220.57252985750213,15:41:21,-1
37656581.512525804,325.9927567879945,16:09:47,-1
41062105.27733059,55.688277269849,15:36:18,-1
84204929.03270009,176.31838534264912,15:35:47,-1
85646763.34832147,156.8842042455138,16:23:09,-1
82857724.74297519,184.5357012564409,15:34:44,-1
58085226.35063211,100.19850241162008,15:27:09,-1
59978594.10291717,123.3669016609656,16:18:28,-1
7510098.662066823,53.32263017540402,15:26:27,-1
34403061.575950004,0.9567573965675712,15:41:49,-1
54115360.12491739,268.95360393170023,15:40:01,-1
19367080.04013996,35.051602909952614,16:07:01,-1
37956782.61748951,159.953370184599,15:37:58,-1
63267339.918507256,340.1685104733735,16:03:44,-1
31816840.362352163,309.8397096660583,15:46:10,-1
86159547.05164367,180.76511989576548,16:12:17,-1
26034370.645606466,223.11389085411503,15:58:08,-1
10001652.609796682,149.3363638034449,16:00:23,-1
3817539.1805105703,88.61287290802976,15:30:40,-1
22844765.156024814,14.258337828378076,16:03:39,-1
1651633.353360339,293.92723964400614,15:47:24,-1
71845478.42702058,197.83327121893475,16:01:28,-1
38207901.857106686,28.929680900926712,15:54:57,-1
61969976.33584586,72.00839871519874,15:42:29,-1
15657026.662199307,297.30084263197625,15:40:59,-1
60970870.86580235,305.7426541347713,16:15:29,-1
44522855.12280134,212.73658084352837,15:28:39,-1
63974304.77296212,347.5167063938567,16:02:03,-1
44195174.80698843,107.53183838505092,16:20:18,-1
2179513.157923954,9.79450439017584,15:33:06,-1
84466095.17029704,176.60416266997225,16:13:55,-1
15270868.527057812,53.95976480019444,16:03:02,-1
61335977.63426694,185.1437182562393,16:05:06,-1
41496496.25025988,262.64806220459343,15:49:49,-1
85277526.00227864,194.43454493197183,15:42:08,-1
14683067.255719312,38.10553597170205,16:02:39,-1
66258409.059669495,16.342315362556693,15:53:02,-1
16604823.079584513,335.17484910899174,15:48:42,-1
58903881.97689973,81.70634339138874,15:27:08,-1
60515983.07288915,311.86986223601866,15:53:43,-1
80626376.79211034,128.4585955233184,16:23:29,-1
39325962.97164599,171.25332425918128,16:16:10,-1
36555049.54873417,62.794543144520944,15:45:37,-1
40240770.977171645,302.5876112694336,15:43:56,-1
8833920.757639622,286.64377024967933,16:05:09,-1
8026773.404789128,138.4336115045931,16:22:07,-1
24430563.94213201,312.5063900344816,15:58:42,-1
70688217.26992615,296.28026204764546,16:15:47,-1
33064735.06982793,76.40806666760844,15:44:18,-1
49383930.9882575,347.0814993255284,16:23:14,-1
1294909.6540483646,46.58530265351581,15:54:48,-1
18729417.43298986,102.51261306175653,15:48:41,-1
6939251.908763377,104.28356188601768,15:50:03,-1
59196889.66138816,235.553531739746,16:17:13,-1
9931569.05748989,342.75729779510414,16:10:11,-1
59285169.23599732,162.65358828701014,15:49:13,-1
38552335.3505971,146.70325919532098,16:21:22,-1
76406460.0710017,65.8644637652275,16:13:36,-1
42029159.8750588,270.0854125721901,15:50:22,-1
64242920.94660978,144.02527291574577,15:50:06,-1
357895.8171584905,18.03281487116857,15:44:34,-1
80717678.60861991,15.40108432534796,15:41:46,-1
54120041.14919562,283.73497359693107,15:36:28,-1
30077765.535547152,172.2642460833383,16:22:42,-1
84188804.04542881,201.56611371190544,15:31:14,-1
14066938.374892976,299.49626743027653,16:20:28,-1
50693548.2338396,226.97593549448203,15:32:40,-1
62955847.144613184,241.0691263353434,15:34:35,-1
66092247.45158834,49.72829401288356,16:17:16,-1
63204855.27586106,59.04224218595408,15:38:00,-1
18260680.569705,305.8580101039632,16:21:18,-1
63769024.36122661,31.285940102439053,15:52:16,-1
69405703.40793024,293.0977282836152,16:06:33,-1
87052335.9394518,146.72304266011838,16:11:41,-1
6142643.402494221,244.9847183267706,15:59:17,-1
35940199.63673066,82.92407625382275,16:16:48,-1
86108604.47235076,52.76377636308823,15:46:59,-1
55907479.2249245,80.96066724248567,16:02:38,-1
14645236.89759086,265.42327290545904,16:20:25,-1
78793453.865821,85.37380115330367,16:21:22,-1
46481660.72739683,67.83015113448558,15:48:20,-1
6965166.9418547535,261.00934144052127,16:15:16,-1
69032543.5148607,334.3744867146161,15:38:25,-1
37165968.6249747,236.6167461950619,16:17:35,-1
77847699.48146485,234.9425748333812,15:31:07,-1
19968048.747955717,153.17869324799472,16:05:34,-1
70419653.0413679,115.77980847577167,16:20:25,-1
53631027.92818862,325.1341828949621,15:53:37,-1
38975363.27124225,352.2722629592981,16:04:58,-1
15520989.371521464,137.4942699464637,15:38:04,-1
55197269.17415929,336.477627637489,15:41:16,-1
33503398.56098585,17.179082484758055,15:29:21,-1
67977517.22175728,123.3996904643392,16:24:15,-1
37009713.96091873,305.4958390560092,15:36:52,-1
31133709.54728831,95.5073420805236,15:29:25,-1
14589458.755023267,319.86805670648425,15:57:13,-1
84627309.27577744,190.7470092037445,15:59:04,-1
15549879.189600931,342.2060877776334,16:00:14,-1
33978058.01302248,97.10076899751378,16:05:36,-1
64800824.41192654,301.2740261665719,16:14:49,-1
85771191.84859805,6.122300267638692,15:35:27,-1
81002032.15829648,18.01420929599596,15:26:30,-1
15909892.69045126,355.540246193155,15:59:49,-1
60083565.86972158,329.6042233788346,16:07:34,-1
61158006.76553906,222.538311237586,15:27:27,-1
46823091.72710272,242.0916658880526,15:54:13,-1
62143575.411120825,180.75558902682343,16:06:04,-1
20571218.430089034,117.6909687659951,16:14:29,-1
74387915.06656252,308.71469202762177,16:20:39,-1
51676511.91416108,255.9060686551132,16:09:26,-1
2740132.821660348,97.347498029972,15:34:56,-1
47365505.91005189,36.658044430654144,15:40:19,-1
4924583.57408797,324.89420831406164,16:15:58,-1
18670192.582760688,229.1426668110712,15:41:47,-1
69750377.4976885,205.33179954653627,16:22:09,-1
31622141.47054308,45.39313810172819,15:31:34,-1
11291577.554893143,189.44825344705157,15:39:39,-1
54942746.55825433,105.49840946444372,15:35:40,-1
35121836.36512902,185.8951599983297,15:33:30,-1
520982.8688823906,213.9199770228649,15:39:42,-1
39798098.37765247,40.25228642161342,15:57:44,-1
70617702.55991606,144.24310149696336,15:45:23,-1
39195769.00329593,69.26655671435647,15:50:05,-1
40952648.3074502,336.58625235412023,16:17:22,-1
52477201.4104396,43.54079938031393,16:07:07,-1
69457915.92371593,29.64884883770571,16:21:31,-1
8297243.220185491,312.1183950073993,16:13:36,-1
39789222.81125645,40.8467328237586,15:54:31,-1
53491677.54261434,132.7499041850713,15:38:16,-1
62254734.99811552,274.87073847590284,15:46:11,-1
88602481.68692316,340.9688218232532,16:11:30,-1
16960474.94179634,283.0809307251272,16:03:34,-1
37299048.72776184,241.6778000445112,15:34:26,-1
14153381.89776231,136.76060347697089,16:25:11,-1
65885948.24286963,38.45661224329372,15:28:48,-1
5028363.450192119,206.88267258500343,16:06:17,-1
16791778.98846952,225.2472241513581,15:56:53,-1
75680345.97576977,226.14036296040484,16:06:24,-1
35006216.7774814,327.8052843735303,15:32:58,-1
41523736.07506009,196.92906543776664,15:30:54,-1
40092942.06713536,211.24868773453625,16:11:57,-1
75936962.55044478,0.6694077004886356,16:12:51,-1
72665201.11807017,46.46661353788175,15:49:15,-1
70650021.93499713,353.8399784010779,15:30:01,-1
11413882.937757794,217.53210270408107,15:29:00,-1
64192376.62489341,207.03866818029704,15:58:30,-1
82452028.18202898,169.18078793618787,15:39:10,-1
61537434.9704366,178.1021461338991,15:58:57,-1
68778004.76888856,288.78903350024353,15:47:06,-1
26665659.851851657,166.78833344893053,15:40:14,-1
44277996.68989285,162.0868837769545,15:43:16,-1
79264421.99462731,326.67034625420365,16:10:08,-1
68084848.79212932,61.02512849444047,15:47:38,-1
40682148.721780494,48.56393543824355,16:06:32,-1
22487839.220982388,95.68167416894664,15:49:34,-1
35086601.133496985,327.13888889610485,15:52:14,-1
71051588.1160024,50.96926086054502,16:07:38,-1
43581015.192591175,252.70622373022013,15:25:55,-1
47959253.04381686,345.30912354870554,16:11:12,-1
12206930.63248666,280.1385409508688,16:15:10,-1
88300665.72950463,211.21803992829663,16:05:04,-1
45947283.635227405,182.7062879441509,16:02:54,-1
83984242.54976326,313.6528141263194,15:46:51,-1
85221308.22325759,206.12384172158647,15:34:11,-1
66931860.28266874,51.070007007508494,15:58:28,-1
57250848.39731155,22.09551035095604,15:37:44,-1
60731954.78800847,85.60301756173624,16:08:11,-1
82485447.18977474,235.61304362618117,15:49:57,-1
88575227.19214337,93.87138442872164,15:36:31,-1
38384946.85124084,83.35201111967108,15:54:29,-1
19368435.402836423,260.2526512878186,15:51:34,-1
87323999.87019491,110.66138225877792,16:13:37,-1
65229386.36445549,340.0656923296738,15:36:30,-1
21437810.928727847,186.9090560994892,15:49:06,-1
12347833.367842058,294.41206572289025,16:23:03,-1
69186013.4900365,280.3427461688592,16:00:45,-1
23244523.934803832,84.20106009834036,15:41:59,-1
89307444.60256007,233.97175460061945,15:26:22,-1
10038532.1927502,147.03302637662966,15:42:21,-1
48441336.010978445,160.14368216954938,16:05:58,-1
68271673.13928038,346.1556626728304,15:52:21,-1
36065436.911804296,194.44217067184383,15:49:25,-1
35694306.6640706,187.88573193113515,15:45:57,-1
28450691.23976596,355.82376623880464,15:58:27,-1
71120710.72333747,350.1885630175026,15:37:02,-1
57670785.13807152,271.4381059864511,16:23:31,-1
38822412.13684066,225.63398704805883,15:49:16,-1
52241482.2094177,0.1562666602435092,15:32:27,-1
27432159.63158576,151.82931868585953,15:57:09,-1
39469413.43607115,107.57956903889622,16:23:34,-1
56281833.680557296,359.5752298344194,16:20:32,-1
26070740.368510343,60.946793574731,16:11:42,-1
37318175.08115065,51.13181846974306,16:00:03,-1
20297058.13638451,283.92237708887114,16:12:05,-1
72083894.28091301,60.96045453422813,16:15:44,-1
6652530.172333976,101.71337139803148,15:45:04,-1
288326.18980459654,129.04231703553145,16:13:20,-1
83082970.43177839,348.4556177212023,15:52:33,-1
61921462.83429694,137.08898888164015,15:26:56,-1
77977830.54565334,170.2870104425929,16:00:34,-1
56148463.63262924,127.49531465995044,15:40:57,-1
22193035.629840974,248.5437784825124,16:09:15,-1
1394228.2284315848,213.4491438022677,15:58:07,-1
66758734.17484951,37.82056376374673,15:26:07,-1
66084763.37938647,62.83482348200727,15:54:12,-1
40028859.303008735,315.70969335594566,16:22:14,-1
48394047.45544269,270.9593803966856,15:52:12,-1
87168516.87177053,40.97797501367123,16:05:40,-1
39780679.66306234,172.5581748445154,15:56:54,-1
32486258.5921567,144.98286350888657,16:20:45,-1
82638249.72086297,203.7405668204219,15:34:23,-1
33654723.85315409,243.3679818559764,16:20:35,-1
45080174.62713731,269.97848031646447,15:47:40,-1
75820269.26061258,204.98619661337736,15:30:18,-1
26527859.202254716,328.9427529707056,15:38:55,-1
6793525.032878187,58.35752501430872,16:09:13,-1
80747719.3922595,173.06275478684628,15:59:23,-1
29601435.075017985,263.3283487982866,16:09:23,-1
7250373.110397117,191.28047333650656,15:25:50,-1
9306545.335726652,118.01954512240349,15:54:34,-1
82766067.56994812,163.2880621825826,16:14:01,-1
89997274.13300417,63.770973810062216,16:13:41,-1
18745535.693201277,54.60225217407897,16:12:13,-1
35313931.17989138,173.67031103472584,16:20:17,-1
77322200.15514557,208.66621834813563,15:35:14,-1
79190793.55109675,248.5946030150536,16:14:36,-1
73332927.30836606,282.084401174181,16:16:12,-1
67530094.71721974,45.607851832177815,15:48:03,-1
26329691.95801193,260.37369980232506,16:02:09,-1
83005397.45502272,184.13232124553613,15:58:02,-1
48539308.66159208,34.51547386163139,16:14:24,-1
86537220.26793507,71.7821294102264,16:21:43,-1
71389063.81902039,331.38090419565424,16:19:51,-1
42776710.58950099,144.42127638520486,15:46:01,-1
58240098.41899954,90.58456824499272,15:48:40,-1
77167165.99818148,55.84980384485501,16:13:15,-1
66626179.60640908,23.735960800218244,16:21:31,-1
7610457.575618766,231.7349375299108,15:29:19,-1
44497399.760525614,205.11353589882023,16:23:17,-1
58850911.050189234,192.79796439013128,15:27:51,-1
63538690.814678974,197.2557891690796,15:33:29,-1
38593174.49710338,231.09929288119795,16:03:23,-1
70019083.7336854,100.84619202491064,16:07:09,-1
49373540.00511621,241.5501582369604,16:23:22,-1
16386801.588262398,72.40049433785813,16:13:29,-1
43886571.83675121,333.43147024914794,16:01:07,-1
66938079.73020978,39.9113972142604,16:20:31,-1
58112822.71066226,207.4872048750333,16:23:55,-1
11756634.518242896,287.40935427775935,16:00:08,-1
21453650.849764246,306.3037566120497,16:04:45,-1
848877.771522765,21.052214295342296,16:14:15,-1
2494800.8035595114,132.6905144185937,15:59:22,-1
87097267.39553668,57.87176212854866,16:11:28,-1
69298337.08294585,152.26737225928505,16:15:01,-1
15398029.350745983,77.83410292402861,16:10:44,-1
37124615.92789392,332.35793318611746,16:04:44,-1
11182624.384697584,21.85974488754708,16:11:21,-1
61727195.05805832,4.03891538046798,16:23:16,-1
53691844.2385218,261.8279065965245,16:03:21,-1
65054223.37791877,140.4938447498804,15:28:50,-1
70214635.41039735,153.59670454366517,15:52:10,-1
33909142.67709959,342.5294735131646,16:06:32,-1
33847850.1289915,290.14562650352826,16:22:51,-1
25737787.84910796,81.23453205294818,15:55:23,-1
10871744.033656543,222.6117558636475,15:43:34,-1
24257917.831296068,76.59953474452787,16:07:55,-1
27356964.651407056,308.2716801706337,16:22:20,-1
54903324.73856482,273.9324181522161,15:47:54,-1
58693922.82611747,120.49843057945333,15:52:43,-1
10598317.938719915,124.7351334527618,16:17:28,-1
77330010.8803281,39.69051269533761,16:21:48,-1
66757159.59415901,230.5275939067273,16:02:38,-1
31305324.72378506,38.73471189249352,15:43:25,-1
69276707.67944361,304.2321919473218,15:38:56,-1
46599954.34108719,355.8247070077989,15:40:06,-1
39584436.39361083,355.2280288493166,16:21:41,-1
236836.3531484324,336.3926261711315,16:13:49,-1
9921989.94521274,142.02464383936012,15:59:53,-1
22854307.25031482,225.75163252307613,16:06:42,-1
44398210.92334994,276.1175692395267,16:15:17,-1
31646220.918710608,272.2528695377279,15:58:56,-1
69599723.2930459,174.41341037422728,15:51:27,-1
57773541.71651416,358.55380411954326,16:22:20,-1
3591450.4723221804,335.81960777410325,15:45:16,-1
37015024.823332965,264.0131638662295,16:24:47,-1
82177017.89733878,13.173408429576728,15:35:15,-1
55203779.38408681,169.3242944613224,15:44:33,-1
36900456.18012435,313.2448698069217,15:45:40,-1
5779455.889460646,138.76781235921024,15:31:11,-1
13357259.582323942,300.0894135914367,16:11:22,-1
86723513.90718685,109.35518593399682,15:51:01,-1
68851190.7617811,312.5002188108482,16:15:07,-1
56630088.926410384,196.14450266516516,16:09:32,-1
66883994.95968641,328.37484160306366,15:33:50,-1
31706157.711965416,193.1594906224352,16:19:32,-1
63400837.98807364,156.5276656405662,15:32:12,-1
12410618.594483532,243.53768886697767,15:46:30,-1
54908397.28733891,1.802788671432336,15:42:55,-1
69573359.76031238,158.0598392429708,16:18:46,-1
13277503.080996864,57.60346990207292,15:35:17,-1
1628614.1190151654,101.78945104891432,15:36:41,-1
64483150.894459285,162.56209773854405,15:39:07,-1
61864412.8984755,16.889254523502927,15:44:28,-1
77397430.08658664,250.04384630058487,15:28:26,-1
66671933.59015766,166.43246460812844,15:48:13,-1
28189950.96843612,95.21900093877711,16:05:43,-1
48530773.3539327,226.6391633855659,16:00:06,-1
70471007.92033914,127.47090537733644,16:09:11,-1
30939350.72437772,140.81296293956495,15:30:13,-1
23415352.299005102,25.88568598117346,15:25:48,-1
29832617.996664517,298.8342044135253,16:20:34,-1
83044947.67487805,118.26417019534333,16:17:53,-1
39607569.864941,67.22046240931913,16:16:29,-1
82761783.12525812,227.56443457312864,16:04:00,-1
10644387.932334146,275.6762602730639,15:42:37,-1
55808066.72336624,337.93375387431524,15:43:58,-1
24772277.00266085,264.0642893484992,16:15:46,-1
29056712.098197684,57.47380228841092,16:11:31,-1
26072337.143742826,243.5036853046983,15:58:26,-1
30042362.8604133,235.79988533363883,15:52:23,-1
37438062.60645352,203.38532509772784,15:31:22,-1
25581996.497397035,123.86194363978588,16:19:48,-1
5375439.852713315,204.37335589019875,15:46:32,-1
79436065.15407498,259.08533157203857,16:14:28,-1
62301090.63218992,230.33029780353257,16:03:55,-1
1073699.0466277644,117.77134030329634,16:07:26,-1
77590283.86743107,281.7441121263516,15:38:13,-1
60589722.947417215,152.5451711843168,16:18:38,-1
71117913.20824327,137.24201050080953,16:00:24,-1
3198523.0080045275,309.741546037379,16:13:52,-1
33290132.562429667,322.3938071377161,15:37:21,-1
61623404.81519861,184.69305391221056,16:12:03,-1
63921713.31155943,198.9124595367123,16:20:38,-1
32520979.98706395,336.1804152579147,15:55:59,-1
85167464.41614413,228.6442635776744,16:03:40,-1
77991648.81110993,56.76989213176946,15:59:27,-1
17814887.067079227,43.58967051740915,15:38:43,-1
42641829.001285575,283.2520524714329,16:08:27,-1
13656694.19238509,14.718716226476744,15:56:41,-1
471123.8929569327,107.09340770267568,15:55:57,-1
68162180.34480369,40.98199822238372,15:51:12,-1
30556040.576183613,29.80998665781189,15:40:03,-1
38781951.44485664,341.25223924052045,16:00:10,-1
36997244.17157954,177.65454655779848,15:50:03,-1
30384473.11363916,116.52384012294188,15:57:16,-1
74908921.40272336,76.34231905766354,15:50:44,-1
70160501.77882229,291.0326901759311,15:49:17,-1
57142884.27041773,257.37201349870526,16:17:53,-1
27702421.315780304,133.1416734332474,16:24:27,-1
28265454.930706035,258.61767987044703,16:22:14,-1
86020659.24170783,359.8545140313725,16:03:07,-1
51496937.99541603,3.4742878033614,16:17:47,-1
86143211.39339668,299.7183443661093,15:48:11,-1
11422815.506677704,244.13694441547344,16:15:43,-1
6713891.248444672,325.3260404600327,16:03:51,-1
69482479.51653306,289.6660730022376,15:50:06,-1
86700067.18970476,79.26848242146649,15:59:36,-1
70191561.10089001,256.71752143003914,15:31:31,-1
77669179.23530398,264.6409806254562,15:38:51,-1
28446824.68932313,206.21491878852183,16:04:00,-1
22928207.33258744,325.1514166144613,15:26:49,-1
65009034.08172798,44.00344283977491,15:48:45,-1
81709410.15119828,336.20435653022986,15:40:39,-1
5090310.862291017,125.6365284591084,15:44:17,-1
29776811.47348381,215.73450638155532,15:56:39,-1
52500760.230186924,241.10136586679104,15:40:23,-1
47254724.18531898,55.97457004649304,15:46:00,-1
78570260.61295895,179.8071376225114,16:21:01,-1
48817429.770183794,281.30665956392227,15:50:26,-1
86921.94175112217,214.131930719471,15:32:27,-1
56300117.316679895,328.8467255859155,15:27:11,-1
18617089.239292257,189.48442234024589,15:52:13,-1
70881362.46746172,2.5616919978456965,15:29:14,-1
55542426.08593713,175.8998881943364,15:30:28,-1
8545707.192191033,286.86237610287424,15:49:21,-1
71023533.12467764,6.802165206374258,15:45:41,-1
78452609.05134682,115.35751252805736,16:06:25,-1
68260588.33815467,333.05159860612804,15:35:24,-1
2742788.6601724564,212.61059310043663,15:25:54,-1
27376752.7806635,277.0882618041326,15:56:52,-1
14443397.469362408,304.07882400264737,15:42:55,-1
49087425.08702628,284.32846861496085,15:40:34,-1
81813016.25947703,247.71127460961972,15:41:24,-1
2006251.722426856,189.8986650480932,16:15:55,-1
57338732.827398494,93.21045780176502,15:36:44,-1
83858504.53994723,5.914014454673273,15:55:53,-1
29529561.520054515,272.9507848096993,15:37:16,-1
21264382.396899853,137.0683518358157,15:55:49,-1
50486024.38063246,256.62270526905775,16:20:45,-1
35198821.27166481,211.35492028616056,15:48:08,-1
63428086.97228672,260.91043452129,15:26:55,-1
65619317.72481951,264.10980952667416,15:52:04,-1
16066328.195415452,301.1475084956505,15:36:26,-1
57713350.80221714,85.10141318143283,15:58:01,-1
63209759.72086486,323.54263795447014,16:05:55,-1
86853506.6645772,263.26268559574714,16:06:48,-1
42275715.57607705,325.820589434842,15:59:23,-1
44648085.85503876,24.13479888933332,15:47:46,-1
60288057.535841376,14.134371255118475,15:39:29,-1
15214665.421873704,340.1863481159068,16:24:10,-1
89616259.91497444,151.5812635996263,15:38:29,-1
56668082.53115151,333.8549437658798,15:52:36,-1
22712449.04884739,42.90165510339053,15:45:53,-1
13362536.518125348,194.0266778234813,15:38:54,-1
44301891.99135829,19.593767948097813,15:52:25,-1
15556008.291438555,129.7641987368729,16:00:59,-1
27611927.042856693,273.4779027153955,15:29:04,-1
49829370.19610911,47.06527868813339,15:32:17,-1
74418717.13068773,262.0774055959654,15:51:06,-1
49510011.4489941,76.26488144079858,16:13:19,-1
64490013.85717472,27.130342325222763,16:01:10,-1
67262089.78381404,147.04007478558657,15:57:05,-1
86435060.86369805,79.46431743405357,15:56:47,-1
65591333.40832596,18.586476621736978,15:52:08,-1
35308377.2961142,199.9837357682185,16:23:07,-1
73416303.54445139,80.36800171360599,15:32:03,-1
47027634.33077078,200.6270447183657,16:09:38,-1
12316201.090130769,355.0245732984312,15:38:49,-1
4241563.219850303,289.63873675143094,16:21:44,-1
48435762.00966994,347.66086887640705,15:59:47,-1
74667195.22726698,187.52692464779227,15:59:38,-1
86095575.61382742,245.28915103801177,15:35:13,-1
66549886.83774055,66.31014526243156,16:09:57,-1
46834786.17642509,268.4380236754334,16:18:18,-1
36087545.20630261,150.46820258837718,15:54:46,-1
51176677.14951225,251.2981524191392,15:42:37,-1
59638103.56461061,58.07990457790433,16:11:42,-1
44089891.15867065,80.81068257416446,16:16:58,-1
11040632.683004092,51.26444314175232,16:09:27,-1
50505234.76683528,222.60670380541788,16:00:58,-1
54136257.66060702,300.0902573799262,16:21:51,-1
72790937.07360205,65.36174018188736,15:55:48,-1
13932517.62462531,133.02543689014303,15:25:34,-1
42378401.17646307,149.34503839952373,16:11:48,-1
18814426.89273753,129.62912659095286,15:52:23,-1
35450509.375733495,256.5123298720233,15:36:07,-1
54472471.597823925,193.43566546578708,15:34:47,-1
25848086.07193654,95.14108038859696,16:12:26,-1
24233934.426564205,276.4250518579563,16:17:49,-1
82754773.2050114,310.24205751333875,15:34:18,-1
38833535.75018431,94.86254181267952,16:15:59,-1
4575607.56675321,170.28804543402478,15:56:27,-1
18243648.026649646,105.51088046001558,16:15:16,-1
66796944.91021289,169.3747997543581,16:05:40,-1
8576908.824288713,298.082948564239,15:57:29,-1
84697456.86864021,32.022590922410075,15:37:43,-1
58241312.73011559,32.63932627764446,16:07:41,-1
51809698.67182816,19.51192779471977,16:23:40,-1
10989159.62287508,153.49966956926102,15:58:50,-1
63262271.07921644,10.38240661681125,15:26:40,-1
33308151.21035732,64.26814408233939,15:28:17,-1
43529092.64179272,272.82924815900844,16:17:55,-1
35316200.745597884,351.7434993412508,15:30:27,-1
75880439.54644154,155.06189388773336,15:34:54,-1
35506607.664534174,140.09489520421093,15:58:36,-1
65989395.527440526,170.3746524726004,15:29:06,-1
68121821.03180858,162.87945159113923,15:43:08,-1
6073588.218388447,212.46920009937995,15:45:40,-1
29989304.38206805,266.8328141805506,15:42:58,-1
38181873.09065604,342.0366623143665,15:33:17,-1
18440521.626578603,87.53098038236685,16:24:40,-1
22447897.7976123,36.45201304276446,16:06:33,-1
12106636.031677404,169.024937042636,16:04:55,-1
39241713.356129386,110.6215153231738,15:49:25,-1
32264907.18977841,67.14519146681735,15:29:12,-1
74900878.69850406,356.3826348620796,16:23:00,-1
26488364.037882507,138.15338859187588,16:21:53,-1
48722947.06659716,43.59418908860324,15:58:58,-1
86212998.54444303,120.94572110313553,15:48:53,-1
16283559.00985362,297.70515666422904,16:18:42,-1
21372648.39002145,84.54223529662104,16:01:10,-1
16805277.863681525,80.56476063508453,15:27:34,-1
6628506.982332947,309.1829335655133,16:22:40,-1
72519498.18505695,348.49224736050166,15:31:39,-1
86170541.26808564,18.371912641997305,16:15:39,-1
36000616.8813865,305.25504555029573,15:39:13,-1
79049704.52599669,236.52535637577665,15:52:57,-1
9503260.83043745,178.5370138515676,15:32:04,-1
30716156.80470355,115.66100958072818,15:32:36,-1
88905004.52394131,189.4660573504432,15:42:27,-1
64244783.55846833,155.39789485941589,15:41:58,-1
2963097.6641703523,28.71785162328405,15:32:52,-1
49343066.03050821,153.7996326573526,15:30:31,-1
88891517.33908118,163.136898853505,15:58:46,-1
83543349.86102112,146.91270069773034,16:09:20,-1
86090411.04612054,51.92653602847673,15:29:37,-1
74341578.70310038,327.4146915998876,16:09:24,-1
65131815.44451193,67.17200810476415,16:24:16,-1
14957580.183325876,137.15384495265135,16:19:50,-1
14549581.124114737,263.7961934057058,15:32:54,-1
9951762.850424536,78.37272498283737,16:20:41,-1
47113428.97156523,41.6913655316931,16:07:56,-1
72544462.71459213,129.92031443391153,16:21:54,-1
22003794.0080244,18.60994506792353,15:55:42,-1
71696060.20204225,233.8110492315515,16:08:41,-1
74869731.10496804,90.715950579367,15:32:39,-1
66706023.12895312,216.11708086767632,15:49:28,-1
59551355.68421916,197.8413257993901,16:25:26,-1
50712803.54176638,286.0122016900036,16:13:39,-1
56084178.5896959,112.42353799349242,15:47:02,-1
85840333.28836595,114.9262579963366,15:41:36,-1
67321268.28073363,334.1904059756083,15:39:44,-1
66110308.655836605,17.712928021265522,16:17:09,-1
55900369.87657376,48.48777152047968,16:25:18,-1
68730734.85950297,222.2921020185185,15:30:40,-1
83332108.7739274,66.04885149410211,15:36:39,-1
84621407.28461441,264.37173503592874,15:30:56,-1
34179808.891478725,188.13250851174635,15:42:07,-1
33518709.46871699,17.891076075923102,16:13:24,-1
39173982.70726226,215.43849746474555,15:57:11,-1
56218145.95258839,57.41708456512436,15:29:20,-1
78497590.85476147,132.94369388145807,15:55:03,-1
64000753.75932011,356.1468603209461,16:17:00,-1
66384220.036054105,214.4351823530696,16:22:32,-1
11910318.9791533,137.61132193428736,15:45:18,-1
78564771.22950594,270.949240601045,15:28:14,-1
51596377.34011392,78.89432474424257,15:30:20,-1
55541778.69369679,342.36933098576924,16:24:22,-1
73381863.27194609,303.5349403191175,16:15:56,-1
76139131.16419315,39.95021904616977,15:58:00,-1
61785458.57631922,176.1422569421843,16:16:12,-1
78100484.82929687,318.87646385076204,15:58:07,-1
255815.2872633449,177.85193217631132,15:53:49,-1
48150461.152589686,5.396120468626533,15:56:37,-1
17466255.17736097,71.51859478595755,15:49:49,-1
59067111.26756391,82.46062299972218,15:25:59,-1
47826930.455977865,351.4449478434467,16:12:51,-1
81978750.05139063,1.685029437850205,16:10:03,-1
20572940.835019574,198.878578452593,15:55:30,-1
38640267.87385659,199.26842945478276,15:27:43,-1
68981602.28181837,103.54479630390972,15:50:31,-1
72014333.55754572,357.60901617718565,15:39:49,-1
19428988.720294237,103.61109363804684,15:37:44,-1
30583251.43033497,91.75743697398488,16:01:46,-1
45135711.81956525,250.18021211239196,15:45:38,-1
41768954.70020813,119.11399314110623,16:09:14,-1
1648334.088521647,48.67172460104995,16:19:50,-1
24646923.17484391,70.9162371373292,16:01:39,-1
36558089.91312315,316.64750912283483,15:51:24,-1
30798962.017680846,243.25524670101427,15:57:55,-1
53818420.02517272,176.83639813460627,16:03:04,-1
2643760.712083785,307.2275200684777,15:34:52,-1
54093907.83806735,298.6065779173824,15:44:44,-1
42535504.05070889,290.13598495403306,15:29:30,-1
5343991.769718036,302.06552330109224,15:48:57,-1
49712568.81521513,299.2634487563887,15:34:41,-1
68117730.30856949,16.267244011685072,16:18:43,-1
31476382.251968503,262.83254986429864,15:45:34,-1
78304576.32862635,234.42396621831605,16:13:30,-1
60307590.53016883,292.01522499218856,16:10:45,-1
80975753.97265807,220.33857916964587,16:14:07,-1
64335879.05467352,144.65730449630465,15:25:36,-1
18076247.85929169,341.83600536511204,15:52:15,-1
48793003.05995386,179.10132297679593,15:47:07,-1
38102459.11644781,43.020217012754586,15:52:06,-1
31364628.945926115,292.1537793657636,16:14:17,-1
81239508.01837005,266.01623022407443,15:42:11,-1
43781356.118140325,353.800843315976,16:11:26,-1
43218398.26969931,333.1027041585492,16:04:41,-1
41412251.971397415,68.56110923659952,16:07:04,-1
77817697.61968333,4.704850939729881,15:45:29,-1
21538803.908689257,178.47013910336224,15:44:24,-1
4720426.392403103,119.56836726110718,15:44:05,-1
21597850.81230653,175.9538173833023,16:17:53,-1
84769476.73642154,94.24802198238012,15:52:50,-1
70319868.35895133,99.13579971976914,15:44:52,-1
41891317.99531922,13.271584891752005,16:22:41,-1
32797619.57208766,233.34875799534407,16:19:47,-1
56915324.94593762,316.5231833054268,15:58:44,-1
68032227.62307492,340.2783082808011,15:50:56,-1
60442344.98837891,231.35855029485737,16:08:37,-1
41018179.28555284,353.0997196950504,16:17:18,-1
22163683.377828643,311.5501941867669,16:21:52,-1
24134565.6760281,40.51604787974897,15:31:24,-1
8322097.160019697,34.34397648565063,15:32:56,-1
31749024.371417858,202.31832288067304,15:35:47,-1
39892270.71715463,194.1076108390288,15:27:37,-1
88612134.68499802,16.887655908807226,16:20:42,-1
35927895.50791469,57.427944197367125,15:25:31,-1
68845084.1906875,95.9756376479931,15:26:52,-1
38753493.73330705,138.32802516823196,16:24:38,-1
9499955.490446374,86.1028338753995,16:03:21,-1
19264398.054849952,30.75879000377606,16:13:16,-1
53191974.7673984,247.922293319012,15:59:01,-1
6474703.271502313,240.996446950466,16:17:33,-1
24813317.664947808,206.5998215388377,15:27:29,-1
33068870.55277769,23.12230857616997,15:33:39,-1
40681290.84753672,195.89358129228836,16:02:37,-1
77976348.83441482,168.83655896730633,15:28:37,-1
28659714.394522376,265.2148045411424,16:13:59,-1
30871148.194784384,94.0262197887598,15:52:21,-1
88622886.09698853,340.19627874712995,16:01:52,-1
38618026.490647145,122.8881931877141,15:32:56,-1
44704041.37538633,136.06896365110703,15:59:47,-1
67570519.199787,31.075521763176845,15:31:06,-1
1998494.5513210453,116.6021034527949,15:46:45,-1
21961056.918007366,128.4277031311678,15:32:27,-1
59529554.56029376,207.4090287823965,16:17:52,-1
87496602.61216983,322.3218696189513,16:01:39,-1
32984733.22972028,183.2230699321632,15:46:24,-1
15176304.222944774,310.732179503543,15:46:52,-1
65428758.10481603,39.68320722291169,15:59:13,-1
80910536.61527815,53.96005930388639,15:35:54,-1
5181295.240801545,80.40283020845841,15:49:58,-1
16935968.17635245,155.2471172045208,15:47:38,-1
86944428.86432627,307.68558953667826,15:35:56,-1
14513719.32803766,86.5977370623462,16:04:27,-1
38226033.769253805,278.31465799266687,15:55:08,-1
43408187.39437592,43.10556037658395,15:42:03,-1
54005516.37657034,338.5305132898277,15:33:42,-1
66914901.08169632,191.23273657203,16:22:34,-1
35324227.98076689,41.07761177314023,15:47:29,-1
2043811.3672226209,283.19974359416926,15:42:26,-1
17410946.507576153,58.113513664689634,16:03:28,-1
49426304.92084432,39.09607031180379,15:48:09,-1
36886621.570323326,206.2320275997328,15:27:54,-1
578069.9704133137,157.9503224070261,16:11:08,-1
30577148.979803905,80.03488324605472,16:01:53,-1
31567035.79048973,80.62231071984972,15:51:54,-1
62044693.27994952,287.35538531293616,15:57:24,-1
51015758.47421145,358.4485412175784,16:14:23,-1
58509115.02765908,105.3595687571076,15:52:50,-1
58332359.74278122,219.1871320441381,16:16:42,-1
78158464.26680379,40.790341682311045,15:44:58,-1
29778279.51746031,8.146004283931457,15:44:41,-1
74932466.75772075,103.59522568149156,15:29:26,-1
62522096.715870224,331.9661470583079,15:26:19,-1
65370721.97726538,2.919566285208424,15:34:53,-1
49849575.575434364,204.5505675949921,15:46:25,-1
10478337.183526335,103.09637927515746,15:55:29,-1
88424666.60241798,306.9992381064848,16:02:13,-1
89151718.7200261,99.00024875686364,15:38:02,-1
66917336.551712655,29.02789656997154,15:48:48,-1
22107695.509850062,217.6333084573577,15:49:22,-1
64331415.62266801,65.31316636374899,15:57:16,-1
43992263.60803967,30.09370539825383,15:37:37,-1
50094323.035559766,64.9638688465579,15:57:05,-1
18098239.66163779,78.00945364329175,15:49:28,-1
6116550.491461686,269.7984925835434,16:18:51,-1
3302424.463451308,36.17100556668223,15:25:38,-1
10361708.65242456,175.46587625389228,16:01:23,-1
65118943.97530912,9.787333501023564,16:07:41,-1
33259545.52056242,36.07546049670282,16:05:17,-1
8753122.066974994,147.51750395847318,15:50:51,-1
83326448.00534567,218.2533028483146,16:11:54,-1
51057558.530477926,183.72839039201216,15:42:59,-1
51784229.955776654,167.98561718058554,15:45:57,-1
42447072.761177145,272.80067955315013,15:55:38,-1
8501814.346219324,276.2578354717225,15:29:03,-1
3998744.2298124656,9.80188086076251,16:01:54,-1
68804947.85082184,355.8257540380704,16:25:04,-1
48390022.06086756,167.67874452244735,15:31:00,-1
49413356.36036848,28.13371878322755,15:53:09,-1
72426770.36961433,169.99784110485118,15:46:01,-1
74799613.76648371,162.1983267578652,16:20:50,-1
64410371.56681348,292.8127875089078,16:17:34,-1
85447920.3468198,62.81867080470717,15:56:50,-1
53825083.581752285,23.005725379443824,16:18:00,-1
31941725.68848168,234.4806350379568,16:03:48,-1
46514368.61548972,139.61428135334756,15:26:00,-1
53820554.92828225,15.1377016533109,16:17:38,-1
76558263.48036021,26.951337611892903,15:54:35,-1
31319047.20034477,219.09937563092927,16:21:54,-1
54653474.05059508,319.20041643638933,15:39:40,-1
65553690.66472453,234.05121604153973,15:55:23,-1
27277238.367518973,186.77743507807355,16:10:36,-1
39815329.77910777,333.7876582102888,15:52:22,-1
73099089.55172412,148.46855599243963,15:36:48,-1
55472395.66873444,81.88840184296244,16:12:16,-1
57277271.40013106,302.2006483285685,15:41:13,-1
19769398.576060276,320.4734425893224,16:07:57,-1
15599907.766136171,129.92696655231128,16:16:40,-1
30313803.156885955,92.37185192334644,16:14:06,-1
24758856.38783593,81.95000712259294,15:39:06,-1
22452349.8607574,101.15139624109796,15:51:01,-1
13936179.860373763,26.12841961940517,15:32:16,-1
35817474.61592719,343.42946961485734,15:50:50,-1
80215648.48616503,316.5569354048637,16:04:13,-1
12138501.529709855,279.7533949311448,15:59:54,-1
36446419.54744959,182.88687290064996,15:38:39,-1
79215349.12162796,322.688590415684,15:43:15,-1
33028686.495186582,176.30740008932898,15:43:43,-1
85566323.28147104,3.325410194597289,15:40:50,-1
67911689.79069643,33.11163185264586,16:08:01,-1
32234152.10194605,206.32660422987797,15:38:35,-1
35650727.84973703,212.60727336562476,16:18:56,-1
23938399.95249272,347.4340768430963,15:39:46,-1
4289112.0629562605,99.69002241829452,15:58:52,-1
64305580.12047893,63.5720441030712,15:55:27,-1
64001153.89605752,129.9564886707254,15:40:33,-1
45403192.7209594,332.6462576645568,16:00:37,-1
59605907.01116547,114.66471307111838,16:21:34,-1
63867981.91739825,310.858422831742,15:46:59,-1
61826161.33244413,101.8582699151955,16:22:33,-1
37580220.21454638,256.1223540094919,16:09:38,-1
43615168.71914575,154.2927171701213,15:46:46,-1
83356379.57384335,4.00363223411047,16:14:00,-1
59098941.21511248,221.2191200011128,15:25:57,-1
54409525.25246676,91.60366101106156,15:44:37,-1
82535696.41719717,167.63044671816638,16:21:13,-1
24350023.968629703,173.51434196775668,16:16:40,-1
61095962.91189413,14.621331179293213,16:00:50,-1
12651756.42913736,257.0507350291995,15:42:28,-1
33111947.03874022,205.8779961152441,15:45:44,-1
85900974.7307488,238.5863085011964,15:56:42,-1
11645689.1758546,185.432940874545,16:14:02,-1
4020378.387997336,177.4650553637136,15:26:26,-1
45062607.30622833,311.2244005694941,16:22:41,-1
21921133.665197123,90.65029544431005,15:36:57,-1
40309463.32350725,307.99405199230176,15:31:50,-1
1731858.6834042815,30.1483968197281,15:54:40,-1
59155739.97559117,210.53817037279717,15:56:27,-1
20866950.471851178,324.315669319632,16:16:36,-1
27280894.398250327,129.32534977972682,16:11:56,-1
22625244.880059283,321.99682180559046,15:56:55,-1
86221455.16958073,94.6089114382932,16:20:18,-1
89309060.45115653,180.75599474487493,15:33:13,-1
56498688.57114229,345.9314693812714,15:44:30,-1
14233990.022726735,281.895350394526,15:33:48,-1
29164065.941592567,150.4742326785639,16:16:08,-1
77188086.05256957,22.57108949178457,16:22:09,-1
13942929.63552763,100.43423058322485,16:15:48,-1
17016561.778760858,328.897345063863,15:30:30,-1
49794445.11192749,240.061977562853,16:05:34,-1
72284539.55032934,175.75613068860216,16:16:55,-1
64253955.49224,157.47916621398718,16:06:11,-1
73341164.68078141,136.4750505723256,15:36:59,-1
41566793.26798306,220.95989189872984,16:11:06,-1
64866735.47285867,224.7856916779089,16:18:32,-1
24455385.213692505,231.75033922657676,15:29:53,-1
69611449.89979704,79.202862007338,16:21:50,-1
6762549.106803649,313.5664111749392,15:47:23,-1
21794119.336953368,96.27843370990855,15:30:27,-1
1933971.011128699,230.53702271652145,16:07:55,-1
25658526.832793728,108.5173941847016,15:44:55,-1
37703697.38532447,244.270456004618,15:41:07,-1
57027965.35366777,162.1619571364145,15:48:46,-1
12708668.111237084,217.62437529763952,16:23:43,-1
12384496.60242825,14.975929088143722,15:28:01,-1
76495092.4600666,131.7919668141949,15:43:56,-1
36487955.93259804,181.1938214224815,15:29:34,-1
1094255.5498109823,315.1769994008467,15:43:25,-1
66019941.83332357,267.75359151008524,16:24:46,-1
44380618.89051953,320.177645538549,15:56:19,-1
46662341.32346071,302.3101779936055,16:12:11,-1
60385792.39971263,57.23964861974876,16:05:30,-1
43083410.53894004,238.836932815495,16:11:34,-1
9960750.553463642,187.61066997533052,15:46:46,-1
55374760.86677773,71.71535057043332,15:57:15,-1
7639099.288865594,284.882565831461,15:26:13,-1
62579858.66631784,234.8764662805285,16:21:45,-1
7673575.007448204,328.3190450208876,15:34:33,-1
35143933.549785614,154.4919559611647,16:20:26,-1
54508517.9187114,245.0119160820929,15:30:35,-1
42030838.33486661,127.55586101660695,15:58:42,-1
16368534.830083711,144.68781919525065,16:24:19,-1
68159198.98411605,341.2448703614905,16:11:02,-1
52311087.13719527,352.9464677465246,16:24:15,-1
79099457.28196819,333.4580653062352,15:38:06,-1
65130366.25730096,104.43441382521452,15:44:39,-1
12879329.645035062,350.8595978348903,15:29:08,-1
2868183.8967856388,5.687745189711824,15:43:28,-1
20659313.20751131,325.84913629259165,15:56:54,-1
49688213.103067294,140.2943040852482,15:47:24,-1
49087123.168587536,128.8055809342807,15:26:07,-1
76374078.59533323,219.18712997961248,15:52:03,-1
64424459.47774126,71.48397153772075,16:23:35,-1
39132401.39864981,40.729896454225326,15:41:24,-1
76031721.23873319,150.78447213818924,15:48:20,-1
35915915.801893525,67.14933634709467,15:47:51,-1
67697072.52284075,342.4979748323445,16:16:48,-1
10945427.815537186,85.51953305169017,15:50:46,-1
78226647.94872533,237.45904695068592,16:08:50,-1
86352024.17498648,18.41723821799288,16:19:41,-1
67653228.82457721,306.9384340443251,15:51:59,-1
45725013.11326806,137.00381209021077,16:17:52,-1
71128824.50701879,256.4101346787874,16:24:40,-1
52515164.77591439,226.28729466617725,16:14:36,-1
70542615.40222466,183.14176010416097,16:16:59,-1
82927658.911724,108.95165164767684,16:10:38,-1
45563357.99342633,285.49537521282133,16:17:18,-1
28164539.45553093,153.8326438089174,15:41:55,-1
22633685.551236924,45.084690006442855,16:21:40,-1
88975251.85852154,284.2036558839411,16:23:37,-1
15299695.8362128,87.47168818084029,16:15:47,-1
62520882.694513895,161.49876285116142,15:26:57,-1
80830725.56141582,214.15983167909036,15:28:28,-1
84304929.47500956,82.42660855899305,15:42:46,-1
88857354.91278364,148.9567206043797,15:37:54,-1
79047564.10403746,142.76514590702826,16:25:02,-1
52857120.64343479,331.6351410276614,15:58:33,-1
85296278.20671208,195.24869209100308,15:35:59,-1
82769023.92597368,276.80208330490024,15:57:38,-1
24775903.35852687,274.612984044012,15:55:16,-1
89598299.85833992,155.8778709243603,15:35:47,-1
67345987.98196922,212.7814061115906,15:26:02,-1
31352380.07856176,145.74758843273364,16:18:01,-1
21201936.902344767,318.42794019055225,15:31:50,-1
72516321.10446656,13.8990252912258,15:36:58,-1
57084377.64612605,227.91347551068444,15:43:04,-1
52571026.6014691,238.5267374008,15:48:02,-1
5289690.156682808,289.1752525323886,16:24:11,-1
80661108.95373419,110.7691576799151,15:57:25,-1
84718890.72906838,206.78246120548263,15:50:15,-1
25433181.269938003,182.1977495061124,16:22:12,-1
13682139.991041886,329.00427014157646,15:59:43,-1
65803290.484009,125.86138920276518,15:39:33,-1
41627290.47603215,55.83776934948453,15:32:54,-1
71999960.50192243,39.04119025069641,16:13:59,-1
12369404.477948232,181.4740206966939,16:17:29,-1
12053622.032237452,243.945288912542,15:38:46,-1
2458696.873741829,235.8025827526789,16:03:08,-1
60730008.40294294,164.38885554460288,16:23:18,-1
78630525.6381311,279.09177230096225,16:24:21,-1
79676639.4866259,221.19443348990453,15:30:18,-1
33206262.28799929,199.9974646863862,15:38:51,-1
13623000.846027208,347.24594304249257,15:48:02,-1
17383688.475001637,331.08390773870855,16:06:29,-1
76613092.26641402,291.2944965765594,15:45:55,-1
19092558.093738,31.029276636161896,16:06:14,-1
26281665.08708877,324.3329870867633,16:00:19,-1
51570204.5082611,156.04117340621954,16:07:17,-1
36692654.73554068,2.803037328378686,16:00:50,-1
64555898.3369562,150.1994418133507,15:39:10,-1
69709198.21508713,322.03295012482533,16:14:19,-1
18531254.20093301,340.7107656890275,15:25:47,-1
59518898.781282015,15.614707640708204,16:23:11,-1
19945791.911919907,171.30074945806317,16:11:14,-1
63713049.78978431,86.99296152563767,15:53:26,-1
61565341.95702452,17.08395018200832,15:59:29,-1
74451041.08765301,213.27536509838183,15:52:20,-1
36097612.43939272,124.6443984793584,16:10:48,-1
55589920.78895196,269.6681074104909,15:45:25,-1
24976296.56091685,1.568101903544683,16:21:31,-1
26886223.922779385,224.1567157346037,15:32:52,-1
35055909.09887641,344.58808403908995,15:28:15,-1
55122349.93039239,137.00736416199646,15:45:01,-1
20827970.120827287,16.17664471271595,16:03:17,-1
16852066.8528815,210.78529831275117,16:12:07,-1
78567184.41045801,154.43827352747294,16:04:04,-1
89320444.80813403,12.952980789226514,15:27:19,-1
87019532.65779471,23.20762785898488,16:24:52,-1
44374730.40008574,189.90268785419804,16:11:48,-1
56697783.323352575,125.02983742887416,15:27:55,-1
55243047.610446334,39.40065858354886,16:19:30,-1
39556877.83127256,63.90211247610036,15:45:00,-1
63762261.11289465,124.99312010296131,15:55:46,-1
74376894.14524332,255.00748906733935,15:32:19,-1
42515376.18641786,318.2334232112252,15:59:35,-1
14318203.600702668,98.02921207977576,16:10:31,-1
64627718.82042223,303.44985599773617,15:42:23,-1
52464914.642778575,286.34732903831696,16:02:24,-1
33503547.981020533,17.829225205187555,15:37:44,-1
41281524.53090141,76.18910023967541,15:52:34,-1
64084980.15807564,80.8435996572828,15:46:38,-1
55397969.16203806,291.9523844982318,15:33:58,-1
34144055.663923584,224.9981022784889,16:08:37,-1
53621565.742658265,97.3514788242134,15:58:35,-1
27868375.106259767,232.4955473101551,16:12:09,-1
56500340.0629989,197.77669885821192,16:23:09,-1
21966278.445104923,254.4320599191697,15:48:32,-1
81687128.23759316,231.14191079281272,15:29:12,-1
44952557.59805124,352.608742364619,15:50:14,-1
82335361.2891092,310.8195326900294,16:17:57,-1
38565791.67167261,311.3041966792067,16:15:53,-1
23562367.575723123,237.34514785781084,15:53:43,-1
56284268.81972618,158.51364406330518,15:37:38,-1
14058544.639932187,17.08749893387281,15:35:51,-1
31213305.88391669,149.2602326448017,15:56:51,-1
31800212.496555462,318.79685452030503,15:44:28,-1
22763699.045917768,348.02932688218806,15:47:06,-1
75081041.88220721,9.384159890987576,15:27:04,-1
9325609.892976897,319.20246276329675,16:10:21,-1
42177561.42241464,58.62562378233783,15:49:10,-1
38401662.59488533,297.7200237355674,15:57:28,-1
88585959.92447701,116.02770930199662,15:29:42,-1
4228812.707400822,233.0468968961329,16:03:43,-1
89796481.28568059,64.9178311705272,15:37:05,-1
85048965.61435013,206.77156534054345,15:55:38,-1
533726.2971409563,24.264254981306475,16:00:01,-1
27575157.74948529,241.1907494037213,16:01:14,-1
25250947.572050706,3.0683910529543734,15:56:13,-1
31776023.186422423,260.67611378579653,15:45:41,-1
67071396.957073055,350.6988115204132,15:28:33,-1
34237792.24770899,76.2984044322353,15:31:10,-1
80812117.07448615,35.807922324247144,16:15:32,-1
80041969.52700171,0.2299265508932713,16:24:18,-1
65825918.633824274,90.97187044569736,15:26:43,-1
64925864.31546664,40.67019127731068,15:46:33,-1
62672755.77114361,294.31249079486685,15:38:11,-1
17132173.7465546,306.8039145843917,16:24:08,-1
52571067.17342831,10.563327178718216,15:55:46,-1
62022411.88050044,63.20329300832312,15:32:59,-1
17658665.958067063,115.62500303131807,16:07:03,-1
17412280.305454414,54.68354397123378,16:09:55,-1
80665527.51006448,177.05479230964443,16:16:59,-1
70452411.55688842,60.552847081472095,15:33:25,-1
11447493.545704903,276.42145117644725,16:23:42,-1
86242301.98035431,337.80091398214546,15:31:28,-1
53671045.83989368,219.49661273099832,15:38:40,-1
52050562.46419553,216.10571760587533,15:33:16,-1
15894637.550459046,235.1690505192821,15:38:02,-1
876388.62778976,138.13750665079567,15:36:38,-1
21722192.182184733,252.0085619098099,16:12:39,-1
64089568.13166728,253.66224866560145,15:41:56,-1
57111076.59737317,140.4039081703657,16:09:45,-1
14581622.492917549,170.9166494135301,16:06:26,-1
52708609.36132024,38.0435708092905,15:33:54,-1
46674147.90710464,278.6290043166748,16:18:29,-1
76164958.98864502,77.60541538761004,15:31:11,-1
63288605.69802164,10.5944461411779,15:43:43,-1
34101954.85337058,195.05038859271767,16:10:17,-1
89185118.28857115,129.3923917847772,16:00:15,-1
64639732.85631584,162.50450870817448,16:07:41,-1
7586865.774047808,180.10776991992003,15:41:17,-1
37528023.18245458,107.09484426085582,15:35:00,-1
61978516.566276684,160.21674412087646,15:45:54,-1
84613737.65186511,110.74274075577912,15:44:19,-1
85664509.97346573,96.47408408310872,15:27:11,-1
31130324.68659182,30.73888876651036,16:20:30,-1
47789401.19311562,201.455651621514,15:30:23,-1
36347067.849065214,32.56945906453668,15:54:12,-1
80126401.84478892,214.140377294477,15:32:14,-1
25327018.973096475,327.6276930996049,16:13:42,-1
80253773.13175902,102.8909248840164,16:18:23,-1
14975871.816116087,166.69211037478465,16:19:04,-1
15684564.513008872,352.11058646167703,16:18:27,-1
18534222.436700188,283.5692770812907,16:10:46,-1
17753609.006587677,128.75236790183044,16:17:56,-1
41594047.80011143,184.84410235755,15:26:28,-1
9316913.280492133,118.6605016489984,16:14:20,-1
65936491.91013673,32.940523121125985,16:21:03,-1
78627998.32558829,167.50534056622,15:40:26,-1
49343995.77159049,262.3492776418129,15:38:06,-1
72058483.39148511,38.74053578026283,15:33:10,-1
76777053.513076,212.6239330638085,15:37:22,-1
86852560.9266466,92.31241958021788,15:28:42,-1
46371413.2269572,197.03836625126357,15:59:30,-1
48122012.51928551,138.27433846835893,15:26:33,-1
39707369.68846539,145.3391304258841,16:09:49,-1
23341043.294130854,21.66888667889601,16:01:08,-1
69804030.54917611,323.4433992057055,15:34:12,-1
75345353.57679082,24.94327423043094,15:51:33,-1
11399570.393836295,76.03763034484481,15:44:10,-1
49697947.1255242,53.49484872795713,16:20:01,-1
89045498.3989843,39.58295832074336,16:13:43,-1
23110304.83853873,5.377240176036753,15:39:33,-1
3595223.7141964217,62.68213577732999,15:28:00,-1
68236178.02523753,302.28587922012457,16:05:29,-1
20275934.80549778,332.1661994099257,15:27:02,-1
83799704.63361804,143.98049822081245,15:26:07,-1
56550703.73263821,115.69896637807078,15:33:32,-1
38015738.16532511,109.98681847954953,16:15:03,-1
56656553.01424747,358.3681886419081,15:44:20,-1
39621647.37097546,58.655848760394655,15:25:59,-1
35159210.09490841,139.07167349827773,15:48:14,-1
74493482.53237696,25.14251319457284,16:18:21,-1
6818503.802567458,150.24797896702577,15:50:47,-1
27794374.24388428,105.78150842733008,15:27:09,-1
30979826.580783103,174.6143770673621,16:19:52,-1
29953158.65373513,226.83596481748413,15:40:10,-1
76959656.64260085,74.5272123725342,16:04:51,-1
68091341.45608006,329.0599711240789,15:34:13,-1
44107372.80565041,242.20728103003376,15:30:59,-1
73303675.7503685,170.40631449306065,16:09:30,-1
26416220.06432097,9.17774777928626,15:51:19,-1
48953584.97492071,6.492189521263088,15:38:09,-1
22085050.99817486,136.16468825222577,16:21:51,-1
826772.3809501039,260.4359586641607,16:18:17,-1
21756999.182996448,302.6733463162103,16:08:20,-1
84548315.63810696,148.81176240885503,16:14:57,-1
20594544.371198103,316.763670871959,15:49:14,-1
75448104.46139978,318.20491326783167,15:40:49,-1
74080203.5729759,275.9036248572543,15:43:11,-1
66792504.29989879,81.17932376415901,16:04:58,-1
14570615.568101054,221.9089846459057,16:17:45,-1
26308796.181999333,7.140840104064288,15:51:32,-1
16736667.624298291,251.4227053408764,16:25:02,-1
47041599.20697681,194.2670216556573,15:27:34,-1
10228502.239546351,335.77509768321954,15:34:47,-1
21154708.947825797,350.842022193419,16:07:23,-1
89401710.17887262,255.87794693104007,16:03:27,-1
70987141.04685935,114.2794037078491,15:58:24,-1
78986005.69376251,178.04177649211064,15:50:18,-1
43998373.86336262,50.30734868111881,16:01:46,-1
65059713.49208368,339.1947204559692,15:51:55,-1
4155340.8314001863,342.69989619881767,15:35:37,-1
62144553.63942275,145.9795589724958,16:19:21,-1
57988434.38083769,218.5489444651748,15:31:33,-1
81210448.28836022,147.52633934620857,15:55:42,-1
11575727.460044025,347.78437442829414,15:25:59,-1
78622016.4839457,9.853368110684457,15:30:27,-1
61663665.18912306,41.19565542705872,15:51:04,-1
40438114.8898025,99.01881659685654,16:15:08,-1
23498925.902046368,335.94408999127467,15:59:05,-1
79333894.65837833,115.68246327111976,16:23:36,-1
47790353.88181658,311.36693494339846,15:38:11,-1
20620854.233344022,210.7989641468476,15:55:14,-1
14544034.989435067,316.3829585862954,15:35:03,-1
88575093.21805312,163.9504126204113,15:44:17,-1
6752400.2092514215,34.47964696821278,15:47:13,-1
9749991.976617413,115.7992230849047,16:12:49,-1
45848224.32681198,122.71709013557,15:54:03,-1
75884786.29087915,321.5987913119668,15:44:13,-1
35077757.99879754,140.35593918071044,15:40:13,-1
23126110.2770359,80.41748077882457,16:06:25,-1
62904342.51190928,123.34730560384163,16:14:28,-1
6539478.00106551,26.1399822622703,15:34:31,-1
6987971.756111456,264.41808368565864,16:19:01,-1
9285712.94666223,129.82843124077883,15:57:59,-1
38986792.826433405,115.38807217366546,16:03:11,-1
23146252.888805777,104.86747951552071,16:09:18,-1
66872568.29550704,234.95964826684772,16:19:58,-1
6360879.054956064,65.21268246964883,15:44:05,-1
55285585.53535542,185.37098460270445,15:53:12,-1
2158159.077211084,352.13450092133644,15:31:26,-1
62749603.03842828,270.91972245396374,15:32:54,-1
24975557.493758958,294.6052031962945,16:19:40,-1
72761425.91756573,271.57395733246886,16:09:48,-1
73520714.27525125,63.853283517523465,15:34:00,-1
39897466.1303579,289.6124131586753,15:56:06,-1
63447362.50168834,125.65542427119826,15:30:28,-1
32168613.858492494,164.34277692228196,16:05:05,-1
22003465.9809974,234.05754399630135,15:55:09,-1
36854737.0275693,41.77145380152091,16:17:37,-1
23800182.742333304,80.78203608217969,16:19:08,-1
17889803.139246177,87.97622739045639,15:26:52,-1
30814217.08624972,97.7562695508058,15:29:21,-1
86603331.68951593,206.42754149147643,15:50:03,-1
44478618.840134494,271.11469482224686,15:36:38,-1
53767193.78781265,350.8307077589773,16:24:33,-1
81574485.26155739,37.17875148130562,16:19:40,-1
83240602.87983604,174.80066739950968,16:24:49,-1
16629113.198962094,273.3904779916833,15:39:14,-1
16119860.515559394,340.18621931012666,16:05:06,-1
9734984.769329628,121.60644240936551,15:55:04,-1
38112516.35352771,15.933490027916587,16:14:20,-1
23145198.77854433,327.726758402326,15:43:33,-1
17314547.424945228,278.11873412072555,16:01:49,-1
10139244.657434903,170.17689953244573,16:16:03,-1
59808362.44848047,325.78809794436535,15:50:07,-1
8089486.41604833,350.9097446380911,16:04:23,-1
29380564.976646997,259.5177734581185,15:41:40,-1
89937115.03470245,203.47924122903837,15:30:32,-1
52506263.674983226,337.9672872731027,16:21:53,-1
42583717.43607409,341.7403458419312,16:23:35,-1
49593976.26676685,80.93180069144496,15:34:29,-1
30087822.13948206,223.52932343060309,15:43:05,-1
73477532.65650359,117.48177921932631,15:46:38,-1
88695514.86338666,347.40525996637064,16:04:51,-1
801675.3954146358,125.65175500143351,16:18:09,-1
50695223.96558175,274.410748619398,16:14:42,-1
47019375.30378347,170.82195389337284,15:42:14,-1
19879315.42345385,301.7622482209377,15:33:20,-1
35059779.975224495,90.64232638276276,15:31:14,-1
18256496.355632145,73.91147576590039,15:51:40,-1
16958771.83314768,184.6360684929745,16:03:27,-1
49721414.763096265,283.8003320250122,16:17:02,-1
35309330.88263996,256.86703738062505,16:08:05,-1
41450692.31069116,204.85036323565217,15:45:01,-1
63563103.11245099,65.68071685007557,15:46:46,-1
76991784.08102053,315.85565095491893,15:59:54,-1
10661799.463151284,143.2381152813066,16:02:09,-1
83825993.88233475,330.9817442522988,15:40:13,-1
17744747.28797862,293.9077891845373,16:22:54,-1
51842685.25115176,126.91624620878449,15:49:22,-1
52787291.68717138,3.976830187230349,16:08:11,-1
89587896.1522912,284.02824618303083,16:09:31,-1
35993383.65856256,81.16916590298226,16:06:01,-1
19509441.98853346,264.3860320719886,15:25:47,-1
52533885.68699106,321.81173059039486,16:17:12,-1
44378882.64884406,73.4724195578543,15:48:49,-1
12730367.424213272,324.1240770944982,16:21:45,-1
78151995.40833732,85.5101840937859,15:52:14,-1
61771261.2322036,24.36184352237595,16:24:59,-1
55037064.85555627,251.56526366246263,16:13:59,-1
73365775.81715323,105.56593699850708,15:39:21,-1
28022780.122352507,19.947573538169937,15:31:27,-1
87078261.25628962,319.8216194859694,16:15:10,-1
27425545.08287183,200.0604621968204,15:44:39,-1
46833218.02040467,202.90597035702277,16:10:34,-1
65641577.15158331,207.43309076370207,15:57:25,-1
29657160.95921565,4.285085334122143,15:34:40,-1
3569126.9772331677,177.43982988897483,15:49:48,-1
51166048.134285375,60.51575703494961,15:27:53,-1
45201634.77130819,72.33041128003163,16:10:42,-1
11783723.601270068,107.20789662305474,15:56:58,-1
66776508.07965944,93.77345079485946,16:15:16,-1
49683407.13078724,104.12319807949456,16:01:09,-1
77774736.06823762,336.88918932400173,15:55:00,-1
64842301.13162696,101.9353701803139,15:51:48,-1
38669991.35139706,13.994742951719497,15:58:15,-1
45824357.53831548,54.58711210247268,16:16:38,-1
27042422.44911446,171.36561806182615,15:31:01,-1
78494066.4466175,100.00890008926478,15:38:18,-1
32220974.781656858,33.51401968557922,15:39:21,-1
47879076.05516049,174.22781637437697,15:30:53,-1
3950185.664802088,10.540185430946782,15:57:23,-1
53081432.26557555,193.24735406701276,15:28:50,-1
70940833.09466867,190.92092292878985,15:52:10,-1
33823407.7596189,283.9763698242057,16:00:39,-1
26092618.0212059,94.375816657616,16:06:22,-1
23029324.31909163,240.64704343181728,16:10:50,-1
87082405.85178405,350.9261904521583,16:13:24,-1
23982477.01019948,181.0121186381897,15:25:57,-1
17635975.864068165,280.472823658601,16:20:06,-1
5250874.702007412,168.93543356609771,15:41:30,-1
71933097.61787236,129.90936644637625,15:54:36,-1
31965809.136979826,318.02465550714743,15:34:30,-1
72864740.84292345,12.386651054255555,16:22:46,-1
46005687.62173228,225.07099554137204,15:59:13,-1
56072289.601182304,187.9480245959044,15:35:33,-1
51853786.29161175,252.4359657514144,16:06:17,-1
8394272.228346668,211.02861335130532,15:56:30,-1
21987.478678911837,90.38330485263216,16:02:30,-1
27740026.00800861,96.3193575896227,15:39:18,-1
17843723.45502786,13.143155080460764,16:14:27,-1
57361130.53896166,269.0478951469914,15:32:02,-1
14635603.7486915,295.77304263413833,16:23:23,-1
63895737.19525949,140.69227111266275,15:57:55,-1
56044501.79709291,156.0624522566714,15:37:41,-1
12084646.493697982,59.46947119310764,15:46:57,-1
74692508.75996588,272.5396314158067,15:43:09,-1
41843442.198370345,301.58983285755704,15:38:37,-1
40687980.1584864,300.65798853244314,16:03:32,-1
42305319.74790511,55.98866715483898,15:52:20,-1
32160157.06044556,129.2253653328097,15:32:13,-1
42446294.16191059,5.781130101699037,16:16:19,-1
70279137.8061065,13.03031473894022,16:12:56,-1
13873359.077412847,179.76223324795916,16:12:44,-1
19922256.013071887,67.06355304636344,16:23:00,-1
18937446.611187328,159.5156292824657,15:31:00,-1
17852665.96139886,132.21919964290566,15:51:17,-1
81975546.77442175,185.38605833656425,16:11:35,-1
15033738.419862088,211.07650134477373,16:22:46,-1
38650145.70831995,7.520981178777011,16:15:38,-1
43528137.25381068,220.23062205424316,16:01:12,-1
82851171.88333838,286.95268120675183,16:01:54,-1
16043303.963376256,33.904039888620694,15:52:06,-1
72057001.56018174,179.89145193667628,15:56:23,-1
89361127.04459688,288.4495381699599,15:31:47,-1
26872889.43879503,342.92105378663723,16:03:31,-1
88517890.96159102,2.2350751631913246,16:07:30,-1
2343702.681808808,254.17346453823453,15:43:48,-1
44515375.22912814,186.60997546833224,15:59:18,-1
60698275.67049743,32.3981826311029,16:19:12,-1
84784714.71283597,289.58208904934565,16:23:44,-1
69366098.96697037,50.16637605729549,16:14:55,-1
62387260.5735525,282.498428191331,16:15:57,-1
28538614.566492103,146.15074715918482,16:11:50,-1
22340100.515022684,277.5813206742868,15:30:14,-1
13091235.209544595,231.3276751572248,15:50:47,-1
82981506.73605923,194.654729810863,16:01:09,-1
17468907.978728477,267.13472482590737,15:31:16,-1
8687409.498054722,54.71789294753614,16:21:08,-1
46188750.720865645,7.595051072755261,15:51:16,-1
64472784.76974684,123.88087872482876,15:54:06,-1
40459213.30093104,116.51481299701918,16:05:09,-1
55154163.22245529,207.9888849536412,16:02:30,-1
68588383.77775589,286.1882699009656,15:44:36,-1
59160865.04543377,286.97489366012064,15:56:36,-1
10646059.314827727,184.22852005457733,15:39:08,-1
15622208.687988237,185.5692615830565,15:28:41,-1
59113402.06043944,329.30181304844547,15:35:20,-1
26998702.5737754,54.15594252915766,15:30:42,-1
58697430.69036437,133.90984223943224,15:32:55,-1
25193665.75922752,94.01506223764844,15:30:05,-1
82754404.67901583,312.21614058721144,15:52:44,-1
77826348.34672906,95.17664615215432,15:42:43,-1
58427804.21233396,274.6555982293172,16:00:55,-1
86857656.24834932,131.12631842022307,16:10:16,-1
10715821.238740368,154.45990526138144,16:05:44,-1
37024689.32742308,336.1458367711688,15:56:38,-1
11330877.051134707,109.7351686786627,15:45:05,-1
21281278.17570594,106.90588833960408,15:59:53,-1
69148650.27627254,83.9756559655098,15:45:45,-1
79088788.61993684,69.73410091391172,16:19:47,-1
71735409.70272388,123.90153890602032,16:07:13,-1
20204610.050412025,353.3474158218594,15:44:53,-1
79996183.0733775,232.56739529339143,15:52:06,-1
54519121.077510685,33.41084240560313,15:46:54,-1
68772960.45862071,312.3890481662616,15:44:23,-1
51906246.8997375,126.37368795629996,16:05:13,-1
49371389.97632932,15.665125994454176,15:35:55,-1
82648718.14387776,26.36604151365622,15:54:41,-1
65896368.29267754,343.420868180143,15:47:03,-1
54164857.98450019,128.49897823149357,16:17:09,-1
6976888.6564132655,105.31454704177172,15:49:50,-1
9862717.208189258,122.63627926306675,15:52:57,-1
13547119.111007612,117.65562790410996,15:59:38,-1
52919774.75972613,195.38648449820656,16:19:03,-1
67142518.87840204,139.38299124271236,16:11:09,-1
26430614.406091187,157.75496249690607,16:06:50,-1
30741018.67377682,258.7868820606959,15:26:09,-1
36991756.24388977,157.31617363202747,16:17:51,-1
88080792.26806505,30.396230254136405,15:50:47,-1
85347679.8802414,23.421949760572268,15:39:10,-1
49038683.16638301,65.01922624230207,16:01:31,-1
77918826.14600496,19.30117742428589,15:57:16,-1
35544982.80110916,198.4725068287071,15:29:54,-1
34589022.46624299,208.27203107593851,15:54:05,-1
13527420.485315438,244.76292155122957,15:52:34,-1
54834150.99996086,23.876197786582093,15:37:13,-1
6530936.296094142,156.05863505115525,15:58:03,-1
67658384.440216,56.61479328474784,15:27:11,-1
13099608.51795704,291.69593457549763,16:13:42,-1
75085489.76823911,59.13899020683782,15:48:45,-1
43242488.89422637,130.90704968235204,15:36:13,-1
20356868.67902151,117.50003689799588,15:40:42,-1
86563607.12469585,183.8625797051021,16:16:58,-1
18444087.879418325,44.5679796602058,15:47:32,-1
24717054.626254205,271.3877391292197,16:09:10,-1
2752357.6273641298,186.35571202126152,16:23:51,-1
19137125.78152749,121.28364653174108,15:45:37,-1
2519502.076503705,64.56273120029985,15:35:38,-1
20666031.13402476,175.57936570533403,15:28:01,-1
80407926.3969494,48.52813671735933,15:46:42,-1
67578235.14282452,49.2631596645373,15:53:10,-1
60390003.58971813,330.3449556869459,15:49:23,-1
54247249.25644949,229.6366521829568,15:50:38,-1
76147631.86688451,300.6006159039665,16:20:46,-1
5463732.833379561,90.03574688778485,15:49:21,-1
52288350.2099798,195.0649894758864,15:44:14,-1
3087226.7642751164,32.978138126152416,16:12:24,-1
48355769.8581508,288.17811474444187,15:26:24,-1
80261082.1538638,351.7562090064886,16:24:56,-1
21031868.587905377,89.31709154542592,15:36:18,-1
20767972.74315425,286.579045529535,16:21:00,-1
35326515.949550994,343.24033909643407,15:28:49,-1
12761926.286776377,188.22765920792327,15:29:46,-1
26954938.6999645,88.36539300959423,15:42:36,-1
73598029.34772885,77.53421873356481,15:36:47,-1
18870744.23747077,204.55960862969928,15:26:58,-1
80821979.33314842,343.99556645572846,16:01:22,-1
29959275.5497484,319.8070241718028,15:33:07,-1
82857585.45243761,217.98777915184087,16:17:21,-1
57852773.58763795,222.943041851526,15:31:18,-1
14447147.622679649,20.694294169340004,16:17:54,-1
9965365.633644506,1.805834962617041,15:31:29,-1
33365728.579814818,29.444952220377075,15:31:39,-1
57645116.00024324,46.7263273154055,16:03:49,-1
48189051.05108164,241.52981829751283,15:26:28,-1
30157425.42796188,9.261462439933904,16:21:49,-1
79004521.49226849,93.16419209718154,16:20:09,-1
86491164.37338164,177.2225892284595,15:40:50,-1
49059984.372668445,237.84050098804587,15:47:26,-1
27537851.91228068,255.4196500693308,15:59:44,-1
87735523.18614262,207.1237751076685,15:41:30,-1
19381104.83234504,282.3172446985177,16:24:40,-1
5680272.530131395,97.73642269065463,15:43:43,-1
40839479.67604477,112.67702559577718,15:57:31,-1
82777119.79368354,42.06125733822466,16:16:26,-1
85175693.6708171,223.4069091438913,16:19:26,-1
47530644.52530485,219.84672555870628,15:27:19,-1
17315892.171388052,191.31402117103843,15:37:48,-1
69660996.21738061,283.09230544060387,15:52:39,-1
6433513.470977019,311.9892052706125,15:40:16,-1
51549408.069552906,201.48413003367068,15:30:37,-1
78522875.55113003,347.7396476869246,15:49:35,-1
55950895.79544243,120.5858333286417,16:03:08,-1
43757634.25091684,274.46603148257805,16:02:03,-1
41297164.011418894,163.71530015495216,16:01:54,-1
23588604.34611924,256.3137394989335,15:37:51,-1
13512691.973124905,89.87218817838452,15:27:23,-1
44046470.45659434,223.0107820289164,15:38:17,-1
675711.2012452618,103.39740508142532,15:37:30,-1
59082111.197446726,28.75049362702711,15:57:15,-1
28780411.325684503,40.64213202490664,15:34:01,-1
84975314.4425408,29.62199479810698,15:36:21,-1
87571076.85716534,325.847090110332,15:40:59,-1
61539943.95769676,283.9996222471774,16:21:52,-1
13629886.174857149,122.51567925385498,16:09:54,-1
35040692.73395592,35.92411349782444,15:28:56,-1
31725335.11000143,269.7042844759103,16:13:08,-1
47888372.70336656,287.2617183499996,15:58:42,-1
62696854.909315325,78.55365839060579,16:12:25,-1
13683810.343091829,297.4968073016656,16:21:10,-1
30162061.617176943,327.80555597308586,15:41:22,-1
69091172.83943714,115.26847244596242,16:22:18,-1
2545870.3854120816,44.87537021089124,16:00:31,-1
20558674.00934973,169.65293851432222,15:43:02,-1
59352164.041900575,310.677582496361,15:58:42,-1
73097740.56540562,31.43130577015771,16:14:45,-1
26336826.74961476,265.0109395737036,15:39:08,-1
74669588.62298107,50.82639497749591,16:23:22,-1
13653390.09019662,147.6940107445781,15:56:19,-1
62442322.96562939,2.5001032101363885,16:24:34,-1
47996294.25996885,63.67611439984368,15:35:57,-1
11828541.41179963,84.62136701409369,15:31:40,-1
55205170.78863244,40.59162144517757,16:12:43,-1
37324097.615331605,66.30402400877736,15:37:59,-1
22021495.126280986,58.86941029624055,16:07:29,-1
54060007.80615339,62.018111857633336,15:59:43,-1
550842.2088876098,77.52336525965016,15:53:21,-1
22078935.294473138,170.4473107613227,16:06:33,-1
46250920.89259574,112.7685474458197,15:46:36,-1
44119838.20939786,277.5249398176661,16:23:40,-1
43067288.00201947,286.89405441744145,15:34:52,-1
40043977.36346533,348.6782692599309,15:26:27,-1
34391368.38052052,131.43512977307887,16:18:09,-1
23089293.241425134,300.29019065283865,15:56:06,-1
49506831.39605296,194.94631417161293,16:18:14,-1
36471773.214088336,251.61356653008005,15:29:45,-1
31791926.28061387,196.93519481110812,16:07:18,-1
51462305.20454482,200.205455954282,16:22:43,-1
58787435.88528871,336.2151193313232,15:40:53,-1
62063656.40038156,40.50239664718045,15:37:36,-1
39439183.32988055,305.0913664889179,16:14:07,-1
81507399.15104498,178.13299383346592,15:57:09,-1
44259708.25982346,291.49592000426287,15:41:35,-1
71432799.79251629,299.988712774934,15:38:16,-1
14320021.047536248,21.244928358895603,16:07:04,-1
74353532.28476088,83.9875312490166,15:38:14,-1
41399546.51892149,312.82497166577724,15:35:55,-1
19320654.376013543,160.74358196053583,15:47:38,-1
28039903.77950879,322.3357700017018,16:09:39,-1
17547830.89159911,216.27528749817955,15:29:01,-1
68313837.31035243,221.956396910987,15:47:41,-1
14177603.102251524,170.52379665138088,15:40:27,-1
89414432.59905365,47.32080454766738,16:01:47,-1
75897868.4379435,169.95772945855222,15:54:56,-1
77701042.66845529,75.87047980421848,16:03:12,-1
27234339.25389229,159.62965950929438,15:49:45,-1
74137430.84284694,353.8066804070769,16:02:03,-1
35536743.12288188,331.7384159054911,16:12:34,-1
67417343.24832702,284.12719092912306,15:58:09,-1
46411234.240351215,243.8613918805782,15:37:35,-1
22914182.57365448,112.81424712018936,15:41:50,-1
49499433.75759991,46.35611041758521,15:52:35,-1
75310148.93237448,61.81713051148172,15:36:15,-1
30096075.920305364,81.15603654211807,15:29:41,-1
71938529.80368628,161.350099291164,15:31:47,-1
42349706.993974,347.2602061931844,16:02:12,-1
73396257.7860825,37.507837305816,15:27:33,-1
64029522.66338505,309.0282940912176,16:03:17,-1
42768943.54616629,147.21955825694343,15:30:14,-1
33853264.0830884,200.96002302483905,15:47:46,-1
74132138.13146,338.01314658058294,16:07:02,-1
25092616.53501973,98.58441564717496,16:06:07,-1
84422003.20332554,255.8171511085128,15:35:10,-1
62097321.65005284,209.9806667826693,16:25:06,-1
23633002.093372326,326.4706307707783,15:45:16,-1
7849087.202533061,23.05694003045684,16:06:43,-1
40190036.36720196,223.2391872724582,15:52:02,-1
41655611.78842626,81.80335348857307,15:31:28,-1
54149428.34842762,61.47783636825093,15:54:20,-1
67058514.02118401,338.3607581642202,16:23:14,-1
34989086.68540863,157.99657663394322,16:10:30,-1
76686678.56733069,197.54451468002384,15:52:48,-1
63826542.35428108,70.86600557792028,15:40:08,-1
84462234.21928115,337.3450280881169,15:50:50,-1
6212717.395948331,343.25864646372617,16:08:47,-1
78894772.87421302,5.110681943701612,16:08:11,-1
82042241.95269288,268.4950310239714,16:02:17,-1
61323474.102627896,229.3401038225049,15:55:27,-1
62731407.02490033,167.2387448028802,15:42:08,-1
33111478.930291,20.84974517868945,15:50:51,-1
74988379.85697563,241.79672182132143,16:09:56,-1
50918323.0863439,39.93281300020413,15:58:45,-1
14817865.15032296,324.32168359651166,16:10:12,-1
82436430.78824884,182.0314045695663,15:49:36,-1
59359111.91300147,45.57913373390575,15:52:09,-1
67890773.92623316,279.10533305595004,15:44:47,-1
82575601.73507595,345.7673521031124,15:29:57,-1
62776265.01617836,203.38748556565997,16:08:21,-1
48147422.20428304,121.37883292806308,15:52:06,-1
85691595.99747583,280.8660895441017,15:34:05,-1
59138185.64638541,333.33430124162,16:09:49,-1
42429230.4723924,79.81899335456093,15:46:26,-1
78769141.50276443,242.9970427769545,16:15:16,-1
67191587.37314504,61.49025480037264,16:19:07,-1
33088820.67267064,345.5018568370125,15:48:08,-1
6471372.387235987,24.905511540476027,15:58:49,-1
31395123.88117719,74.26360375324714,15:59:16,-1
50648764.17096526,154.45845499340945,15:34:05,-1
22653269.387603857,167.92556806212656,16:24:22,-1
38402381.15425178,353.62398978992127,16:06:32,-1
31378904.7949324,38.96963623468275,15:33:17,-1
27069982.547512032,142.86044396549295,15:50:52,-1
87876611.69456407,357.311079253103,16:00:59,-1
42369440.207540594,356.59870944146985,15:46:32,-1
8272190.741375144,258.5138701784556,15:57:34,-1
15778454.989299435,54.93847516055918,15:40:49,-1
42327324.48603168,298.0610095653677,16:19:34,-1
23788414.84667389,104.27512228152182,16:10:59,-1
62253022.61970915,331.1199167245852,16:09:24,-1
28492864.21534702,55.90256476242622,15:27:09,-1
5965764.794794163,194.95485662447825,15:49:42,-1
69126394.45745479,190.3544733130503,15:34:29,-1
49857982.13910404,342.9536976393659,15:38:53,-1
57450234.084384896,224.4556092228399,15:50:22,-1
14041131.223061316,136.2805405488236,15:27:22,-1
88564251.57644197,20.25463741998251,15:47:49,-1
87686016.06631887,74.54409402242075,16:19:09,-1
88378768.53837551,8.957511277682437,15:42:49,-1
16250639.827427398,236.6144208465373,15:31:03,-1
23125631.704979047,218.094145474518,15:30:32,-1
85027329.95009166,102.22731456575018,15:53:34,-1
20826513.49882745,158.59003494762797,15:57:18,-1
12647102.311481267,266.5097483592463,16:19:31,-1
51739941.70961428,260.4861948936928,15:49:37,-1
32597624.484145425,28.79566527761703,16:08:44,-1
48688646.076820135,255.75859673586095,16:01:42,-1
88657034.98729222,210.0224705503388,15:27:30,-1
14042445.060028289,302.8364562001236,15:37:31,-1
12552804.438634604,231.8788375971514,15:52:06,-1
38054791.65529309,287.0690957842351,15:44:11,-1
43291326.39836732,216.7570674517281,16:03:57,-1
17529390.130748868,83.29253290787652,16:23:30,-1
5620042.230038926,186.46285492091164,15:36:46,-1
54636887.76010881,221.73376579930328,16:25:05,-1
21318919.893453702,299.2281115753856,16:00:52,-1
11385386.716277752,192.9304260661294,16:15:21,-1
9732834.649043752,329.69537511834926,15:54:33,-1
24752981.46431197,340.32761241863545,15:41:16,-1
15859185.034824736,224.16470929506184,15:28:27,-1
73161480.68140693,137.4005789842781,15:42:28,-1
79476706.05680212,81.5077555185922,16:01:39,-1
58713409.07289893,8.451745730492766,15:46:42,-1
40877307.02963371,230.36330290313845,15:28:47,-1
76482900.4203052,329.8898738467824,15:45:18,-1
88944423.66471055,35.610055577268064,16:23:38,-1
12486425.90759088,83.90802932885784,16:09:43,-1
68693129.10821152,236.1809691606022,15:26:19,-1
41732730.42765161,191.9531024378213,15:45:05,-1
63618609.88441955,177.6393487988777,16:07:21,-1
27023496.69750021,12.985867041141098,16:04:38,-1
69135367.2661017,123.28046229034024,16:13:08,-1
86373237.8405312,176.24807197016364,15:46:16,-1
45728773.66010741,115.1939011134701,15:48:09,-1
74746233.22647251,340.9571723933857,16:10:30,-1
86540735.48565514,95.72534704427429,15:29:11,-1
4871873.358142123,97.47058668497418,15:35:20,-1
72164903.11275178,160.45896893484908,16:03:30,-1
84011103.99835478,265.84722718179904,16:23:08,-1
58805873.670199394,103.6501588762722,15:48:23,-1
86014317.50992587,18.387661130535516,16:09:43,-1
7750991.4275314035,330.89896326782707,15:36:40,-1
16068860.877469135,279.941560571781,15:31:56,-1
82720866.99844027,208.7342624917829,16:17:27,-1
57353037.40597573,307.02154077990093,16:02:31,-1
10361936.83323271,96.98568054581382,16:02:21,-1
47735765.03111483,16.305094692509137,15:48:13,-1
5188119.969655293,343.3212628858684,16:12:04,-1
84176925.07307391,113.18166161231808,16:11:03,-1
76914613.17539003,8.154531473027848,15:55:50,-1
59496030.698654935,232.86634730846453,16:12:33,-1
9460739.556275155,303.4487480507358,16:16:31,-1
29416469.95790411,12.500177067308613,16:16:09,-1
24593310.597004957,110.87910669660027,16:23:14,-1
58507825.75581949,325.3502134546945,16:14:31,-1
68740232.15712953,66.81462929594498,16:03:04,-1
40734188.24527884,82.31210716997741,15:26:42,-1
15615755.191680362,86.25497343144721,15:30:16,-1
70018492.96359204,333.3259157097022,15:54:28,-1
27139292.59765984,89.14735734604324,16:24:30,-1
1018181.5500256376,300.6784970895456,16:17:21,-1
27350642.749551546,194.13538604416647,16:08:14,-1
26553215.65360231,199.32599455089763,16:04:47,-1
50229513.87421841,114.47620574383356,16:02:00,-1
53066963.25650729,109.13580094065682,15:32:35,-1
55233643.84156767,275.51553563609554,15:58:55,-1
30299885.914139863,1.6066856951580233,15:40:48,-1
4629047.330427743,38.64429998508234,15:31:03,-1
42503227.05646803,297.3525630999838,16:15:37,-1
75064894.4332883,141.9437473572759,15:34:20,-1
19505574.16150628,60.94257802828844,16:15:11,-1
2986111.325484781,340.17180183974955,16:02:33,-1
81655022.182163,82.5968171337767,15:49:22,-1
19232389.88501968,178.58353466343706,15:29:04,-1
58205029.22129896,288.86960437158496,15:38:46,-1
75073576.13615762,116.60688501976644,16:16:28,-1
89736232.32145444,338.3705806856982,16:14:17,-1
483793.16920805856,92.8024804031546,15:53:20,-1
67560742.44897005,271.85606036005987,16:03:41,-1
84306862.5431353,72.82447876207469,15:58:04,-1
50618467.399580695,270.87956638508484,15:31:26,-1
58405073.36003563,106.22502852211872,15:28:46,-1
51175734.751419,164.43048374452374,16:12:32,-1
11208478.174306177,75.52523328781852,16:14:44,-1
46786047.96650912,150.3009583700512,16:16:31,-1
88990300.21019536,309.5573041818468,16:20:31,-1
79618696.51075898,56.71386380926947,15:54:03,-1
25837208.51990723,84.03144075281939,15:36:36,-1
24800358.48161897,298.5342558014105,15:50:45,-1
53469237.41073254,331.16654571636235,15:46:42,-1
21768895.967167333,156.41429339580554,16:12:41,-1
63860899.48998198,100.24847631018572,16:07:36,-1
165899.99715196638,75.08810902468,16:07:46,-1
1331904.5381121195,346.9358103300961,15:36:42,-1
11735189.607554356,261.38856906319023,15:49:02,-1
30422692.28670705,94.93104887165558,16:14:55,-1
27800464.96205523,75.17961508411814,16:23:12,-1
17265951.69529059,356.7847733730482,15:44:40,-1
73074140.96230301,332.1462681448566,15:57:59,-1
455321.48320740194,117.60810678343954,16:17:25,-1
47749183.7733286,345.09682643094226,15:35:17,-1
31006271.728574663,229.2283803647873,15:46:26,-1
44252790.2703285,32.379474118907304,15:43:57,-1
6432054.669285355,334.19587274291376,15:51:29,-1
45696237.95569246,158.42960773742385,15:48:51,-1
30665787.62195691,359.3542653213972,16:03:58,-1
20538444.116314545,321.6774849957916,15:38:32,-1
78089516.94976373,261.17047209595694,16:08:15,-1
66077540.44026872,310.63121305025555,15:52:41,-1
6342814.789973765,6.712707918612617,15:38:01,-1
37072801.51517858,161.38637761167166,16:19:53,-1
88641724.02694553,306.89658552063867,16:12:30,-1
78212438.0426814,182.96040025399657,15:51:30,-1
71382941.12193513,152.97864147969833,15:34:34,-1
38795499.324354015,335.5483632141569,16:06:51,-1
1459960.5249628718,292.7255830185037,16:05:10,-1
10194976.45919161,239.37387248432083,15:44:33,-1
86139425.04341847,210.3675421521384,16:21:50,-1
75626165.59135622,211.7256804153132,16:00:30,-1
46338243.82645733,356.9875168898843,15:27:48,-1
35066530.30686795,128.74653423361335,15:33:48,-1
66596197.89695207,314.724420680872,15:55:29,-1
49962308.287259065,305.1150693743594,16:00:51,-1
40302943.95770323,202.49382816089252,16:11:42,-1
29063803.131838106,109.68369101933584,15:49:49,-1
55712704.35205332,188.5658442037227,16:02:54,-1
9263188.186303295,322.10303358379554,16:11:28,-1
67467649.89876066,118.3875392572122,15:56:52,-1
60216066.94038198,50.218886224526734,15:49:32,-1
17017218.781749737,261.95636645294263,16:16:59,-1
17773033.460759092,176.42527970406056,15:54:14,-1
87432098.2320436,204.3902767694017,15:38:59,-1
86272179.696952,285.9182816302705,16:15:33,-1
55303002.91929247,277.68300688943697,15:56:18,-1
89585955.6751219,327.60555793762273,16:02:41,-1
39314912.99192331,280.5672567043797,16:11:49,-1
42028145.56445629,9.705710152301757,15:28:04,-1
15883932.568126738,322.24788158928567,16:17:56,-1
24952954.240206096,70.96022501758209,16:10:37,-1
72620214.93071444,353.87316544567847,16:20:11,-1
9159444.260939492,231.6820390577813,16:08:52,-1
71344986.35414061,99.88896795900234,15:44:18,-1
26910961.205007546,86.51491921669275,16:09:59,-1
26075396.560487505,245.882894717719,15:31:34,-1
18947508.997473367,330.7685427230383,16:04:55,-1
57032647.0365571,91.46707001466235,15:42:23,-1
58375646.1850346,59.53981612746777,15:50:30,-1
45042374.77464066,296.95063702371266,15:47:44,-1
26669630.20931306,318.8842952521267,15:36:33,-1
86699982.19033317,6.737009134441454,16:09:25,-1
13131226.985455029,50.63403367965292,16:08:18,-1
58441493.12344333,343.8606238773537,16:06:16,-1
10988021.720613483,180.55177224053844,15:50:19,-1
79379721.54063126,265.0951238911365,16:09:13,-1
731781.9184204284,140.6349910540098,15:43:25,-1
46686054.3209567,118.18457395706766,15:33:44,-1
9678090.146949513,320.8894962548147,15:54:11,-1
23791032.582582552,246.0400602887725,15:28:58,-1
52196651.09518739,219.25558837846287,16:17:56,-1
76488677.96001972,220.7019770418517,16:18:37,-1
88219159.11199623,90.5689256072259,15:38:10,-1
7083730.364131875,148.7373295063394,15:44:40,-1
12680763.304073377,193.04020886346933,16:00:38,-1
52579015.25868532,186.13174564318152,16:00:31,-1
13813575.002846226,301.6250606935138,15:53:31,-1
41172172.744026646,17.66068468770608,15:56:14,-1
43640160.86485587,348.8916055279906,15:58:17,-1
49971961.74547585,356.141224251906,16:12:01,-1
6380993.161931874,148.9657852821573,16:06:36,-1
58897783.285005614,357.56734584307577,15:48:22,-1
51058196.111874446,149.3791276058353,16:00:29,-1
33996190.69377167,16.996959955093768,15:27:45,-1
3528319.945863137,223.66502086245356,16:14:27,-1
56375631.19077344,269.1169032830009,16:11:04,-1
14892956.970084952,165.0740366879296,15:54:52,-1
84207484.40338457,238.16984312724853,16:12:42,-1
3325736.292309096,90.46386679390044,15:50:07,-1
24889169.39845575,95.63741545663856,16:24:20,-1
51419104.34689934,50.98938526633974,16:15:46,-1
48278324.69247735,220.3741570145077,15:30:23,-1
80406142.85919902,279.09877574800817,15:39:14,-1
52393034.807619855,322.2980310935287,15:35:04,-1
23697514.577605218,108.87099290023907,15:58:28,-1
16942205.68329285,96.20439381552752,15:52:54,-1
17782352.649018813,78.25130128316431,16:11:11,-1
75703914.4755656,102.25634831140256,16:20:49,-1
44755470.30190148,65.16824842719748,16:17:31,-1
3915388.730444361,248.1846367266505,16:20:32,-1
9780304.228606213,311.27306164985686,15:38:20,-1
23675031.22674369,87.11759002332833,16:02:04,-1
39088973.77036767,325.4716500367526,16:08:36,-1
242337.30286177585,57.96362656612701,15:43:25,-1
89270891.17496091,36.44155444139696,16:12:54,-1
68521001.99797873,319.5199204857646,15:36:52,-1
40325326.51277696,175.7540066091932,15:52:10,-1
76049576.16759732,88.39424247429758,16:23:34,-1
1077330.2694897845,259.45472851834325,16:21:01,-1
43096036.9763479,178.65081763175385,15:31:20,-1
32168134.45131499,74.0796555832049,15:31:53,-1
53514632.56623656,344.9459644684113,15:31:36,-1
68960572.29298365,59.46529780438132,16:12:12,-1
37045658.21456112,159.47141471431058,16:10:07,-1
56196361.34133902,242.3386983919468,15:50:32,-1
18005369.525329378,274.7230827042823,15:39:27,-1
57082831.67247306,211.94845660668287,16:08:50,-1
48639493.4136477,148.10736799435975,15:32:51,-1
11659664.031321604,302.16316232359634,15:47:42,-1
19901943.23903628,17.108513731249907,16:22:16,-1
62502571.66209102,49.88941693334486,15:28:49,-1
61490594.356268,52.31369709809948,16:13:46,-1
10477867.630147388,147.93099296598706,15:48:39,-1
89038117.82658574,291.259551236979,16:05:21,-1
19832445.558860533,343.2146251835011,16:06:20,-1
71576239.25019316,252.3254389195921,15:32:03,-1
19855232.929956798,27.00425775432733,16:13:15,-1
27208801.791263543,69.77774229918329,15:47:41,-1
50043571.75825441,159.19903072822902,16:14:53,-1
49225091.810647205,136.67247361600246,16:11:52,-1
786682.5918492655,180.10299401585138,15:42:39,-1
77470879.5367063,343.1067177158134,16:24:41,-1
39705995.14719572,54.2523694157612,15:26:53,-1
67954977.73240513,243.14517016159132,15:33:59,-1
83492344.17501105,61.622561523206514,16:12:35,-1
83141893.87165157,358.92726034710023,16:23:50,-1
18698156.397588927,109.23462969610144,15:43:52,-1
2238300.5681493804,223.43070468946647,16:07:45,-1
35624588.979501046,233.96319024463352,16:03:00,-1
76809277.55652095,9.482786027064606,16:01:30,-1
33868580.008565284,281.0996206290311,15:36:59,-1
46411140.02591999,329.704304215891,15:43:54,-1
85046929.54045877,32.56737423599304,16:13:08,-1
52557405.6797613,58.77623361774819,15:48:18,-1
26279176.032825094,296.7237357383621,15:58:32,-1
34421855.869106606,259.1266779560737,15:40:11,-1
1901453.4607600127,75.33159235836003,16:00:53,-1
69192931.14004366,193.21358014945372,15:59:03,-1
16689878.067431685,305.31991818680126,16:24:01,-1
12263855.631060729,353.7250679605575,15:32:41,-1
32925431.489013217,99.93201701946484,15:54:02,-1
82720802.78073858,114.18306571473644,16:00:08,-1
15930695.62889117,19.93095376125432,15:31:35,-1
37238523.39899423,127.68866114656804,15:27:13,-1
45657584.54615168,281.64933068094047,16:20:21,-1
85159313.05512041,228.67098092679592,15:33:31,-1
47752644.40920949,104.11947554119696,15:37:58,-1
45494855.12817882,37.14141665225921,15:47:38,-1
88955339.96067291,170.83073477862902,15:52:32,-1
58052773.51528031,141.38509323254726,15:36:18,-1
43163309.01182954,2.236636653331754,15:36:07,-1
5841070.7622200055,23.29611866951072,16:18:09,-1
50359686.26264072,260.5798213494955,15:46:43,-1
69978800.60706434,284.4112657648748,15:38:37,-1
82006636.00350766,66.18239977976302,15:27:26,-1
50714357.68601222,256.39381515232475,16:18:42,-1
46324386.22773965,211.0015459846704,16:06:55,-1
27297858.719132155,241.29333764966964,15:25:45,-1
44699596.42001526,210.08400777815365,15:50:01,-1
80233583.24047457,353.811779113967,16:24:57,-1
12276949.06813766,122.90689610506644,15:46:49,-1
34859253.14931772,177.84201342561582,15:53:01,-1
77692453.53177707,99.54008306691206,15:27:14,-1
76803349.93582807,273.85392063219297,16:23:16,-1
7011839.466919784,156.16145680816277,15:40:19,-1
8569052.263084207,70.74546162452424,15:29:59,-1
50510000.780171454,164.870446853273,16:21:12,-1
54116777.19165868,61.51674683869769,15:56:25,-1
61468967.822904766,70.14834373987844,16:05:06,-1
88516382.70280084,300.45581150174667,15:31:58,-1
82413107.6588216,274.06381808961515,16:12:49,-1
20963897.967317555,110.78765428276262,15:49:28,-1
27456962.908465687,177.15285021696303,16:02:19,-1
86178342.32955511,274.70156477054456,15:35:02,-1
86438203.42044863,227.99541436168693,16:15:35,-1
29298440.176968183,304.0229938350552,16:03:26,-1
36299254.833338834,120.96206434981455,16:14:42,-1
4900804.436053114,42.86041356849566,15:52:12,-1
77178509.78103624,307.54042299332235,15:55:35,-1
54009546.7170805,188.97063083898465,16:22:10,-1
76520313.42836738,330.9340624106669,16:21:27,-1
84863552.76499858,348.1233759979719,15:40:12,-1
26659595.674916875,241.80723427251883,15:45:49,-1
74338524.65512215,109.76237675236128,16:04:02,-1
53337154.132442445,157.54700622385917,15:44:03,-1
28730591.43535448,240.9596380638544,16:18:09,-1
25958445.774886526,186.3582001686504,15:37:38,-1
10945018.730838768,155.67335209552783,16:09:00,-1
86309995.04211919,309.53211445889394,15:53:43,-1
58183129.362631634,200.49663947329455,16:12:17,-1
64971173.413898565,58.4148868972794,15:43:27,-1
13717367.430773236,114.77171070798497,15:43:17,-1
28574797.617131587,324.29955924569805,15:46:14,-1
2127343.965025283,194.5363884616764,16:10:00,-1
20773931.410083503,115.22036112305364,16:21:05,-1
32308928.428600486,257.16016760514447,15:40:53,-1
79854381.33913662,280.46177026133773,16:15:39,-1
22867700.011951365,33.25485355356402,15:51:37,-1
83426424.40199712,316.13474347320573,15:31:36,-1
82998257.7088803,11.761406885896886,16:11:41,-1
61263732.59918242,337.4642346772733,15:34:00,-1
52823311.93856988,110.65974650530282,15:49:59,-1
1509985.0965222337,116.55769218033544,15:58:02,-1
82646331.85792045,307.5649749948538,15:48:54,-1
73319886.8731964,205.08286542490683,15:59:37,-1
77663540.29016338,295.45874421397315,16:01:16,-1
17355824.821905494,96.8576440579486,15:53:30,-1
44487184.09679692,15.224883077264248,16:02:34,-1
22156260.036712836,325.89186366065974,15:52:52,-1
10683885.76360798,302.6170682394424,15:51:40,-1
23068080.519473225,226.97555711638293,15:35:19,-1
78939040.43380755,309.51796828865105,16:19:49,-1
39751760.35843973,229.58375225062736,15:58:20,-1
84745499.34737353,163.74419230631406,15:32:55,-1
64823806.87835468,230.34364594345536,16:16:27,-1
35610596.291691065,345.590888603993,16:13:35,-1
20165256.11055269,201.6486409452198,16:21:11,-1
1382730.8777564494,323.97551912034766,15:29:06,-1
77889302.02759571,158.09689616459545,16:05:34,-1
54334173.73020125,67.85945306425008,15:44:53,-1
78485822.87336932,213.7845468297248,15:54:02,-1
72080814.47393927,317.3476229297557,15:26:19,-1
9066439.033515977,68.49924941984544,15:29:58,-1
70781023.33896674,167.33795571714637,16:18:10,-1
25419484.1369422,47.10524497108586,16:23:00,-1
32588335.818591416,167.31104335599127,15:59:55,-1
57793412.59110335,264.23192263866986,15:55:20,-1
86555830.985361,114.79485468290235,15:51:17,-1
81697087.96953925,47.87624518536791,15:47:45,-1
28638262.8356622,138.31174775514762,16:15:02,-1
78738559.81570503,52.34619869639015,15:33:35,-1
55743197.62148357,280.2005132199522,16:22:06,-1
804028.84268496,341.80504660984224,15:57:31,-1
89804148.2360374,8.476335240424113,16:20:59,-1
81590869.47220607,72.358200860349,16:05:15,-1
73398227.09452455,248.3787431312312,15:27:42,-1
27697959.711369537,299.2747071127185,15:41:14,-1
24093409.056437507,297.404913875078,15:44:51,-1
71948798.74799573,326.3452155638101,16:10:24,-1
78430334.64148791,17.315522090737726,15:26:56,-1
8262915.936424135,183.8829858266587,15:36:18,-1
74137042.22152853,50.52987006267084,15:30:07,-1
48405039.9993161,164.5602046472959,16:21:52,-1
61423879.63945573,225.9748500711831,16:06:27,-1
740722.0569775704,103.08651740663174,15:51:33,-1
44944782.96037848,184.34098456809835,16:06:18,-1
23969140.65725473,13.322923098798505,16:05:45,-1
78252078.60987113,63.29734143853729,15:49:01,-1
23280183.717005167,116.7986129428384,15:27:12,-1
58500204.07007574,351.3297209001649,15:29:55,-1
9366069.20359333,345.0029369913096,15:44:31,-1
78390450.8248639,208.10673520319372,16:08:33,-1
55514533.303778805,77.44039098995518,15:25:57,-1
63273733.529801264,164.3401932185209,16:02:22,-1
61407959.1160089,97.55512369922072,16:15:02,-1
40265499.60832931,198.46059814058157,15:45:40,-1
45160820.21472595,160.70498877273013,16:00:40,-1
31234223.972174603,227.3322433403986,16:01:38,-1
40248141.34077946,270.71247599114395,16:02:59,-1
72396553.74902053,32.20245593365808,15:52:30,-1
50238531.46024425,296.12408832342646,15:59:23,-1
83727802.07168214,352.2134343865123,16:12:06,-1
70385836.40662217,130.20136559704207,15:53:59,-1
58124232.27808579,311.74852872337755,15:42:47,-1
57162515.14146749,224.09940962141047,15:45:39,-1
9172556.19656734,229.42984006163093,16:05:32,-1
13511285.545526233,42.696090484523566,16:06:13,-1
78157981.39706266,107.90721149540173,16:19:36,-1
67204647.85896903,229.15172890948585,16:08:07,-1
4950084.651938974,181.0286651913696,16:24:19,-1
20433616.453649063,165.40863499969848,16:16:26,-1
42254163.75471906,326.4060611959682,15:46:08,-1
56511841.66162069,47.35418847952374,16:18:46,-1
15643603.295531107,47.24416250195013,15:28:40,-1
39420311.693370335,115.66091862498396,15:56:11,-1
18988269.278847363,255.9045134861323,16:04:58,-1
2957973.0745351664,264.20518698547613,15:25:50,-1
68628707.27494833,181.82024991022365,16:19:33,-1
70028370.00886635,202.9293793179592,15:41:21,-1
7188886.169905004,251.32568922488431,16:15:37,-1
25819522.995431088,142.4163446689642,16:08:41,-1
20573157.43132685,280.14928998415377,16:04:14,-1
21032756.615178145,229.183856499018,15:38:33,-1
691540.2649024971,132.4724195981527,16:23:57,-1
37599133.40872054,82.44133851573213,16:18:56,-1
80953807.37812139,4.793953360036101,16:10:39,-1
66793015.42955836,231.6416901335622,15:36:36,-1
62226995.02848969,248.79775081634745,16:19:56,-1
48959441.78560759,337.597121011429,15:39:14,-1
55650410.69268174,182.36796123038965,16:12:13,-1
68220805.83070971,261.9313723964026,15:40:16,-1
12126461.990332514,128.91240881836424,16:03:01,-1
88256964.13535385,197.25879727540317,15:34:11,-1
48018018.72130343,17.388444128196742,15:42:34,-1
55031369.10521351,153.52872878369598,15:52:38,-1
10837846.396116572,338.1335878387597,15:33:10,-1
13451487.960740209,277.79340100298384,16:13:28,-1
37185047.88755207,319.5804672350086,15:30:27,-1
49801245.671399936,293.48999631837586,15:45:39,-1
14875738.74703158,75.10102246586189,16:23:24,-1
73526778.90281348,51.99536266481064,16:16:23,-1
1327518.149413783,18.36012445048965,16:23:13,-1
19633577.766383268,229.5731028638935,16:17:39,-1
3788807.6980471504,348.04322215869735,15:50:01,-1
64235311.56146013,352.69438837860395,15:42:02,-1
10455.253333202869,25.981427471820723,16:11:00,-1
15537079.76624602,46.7971165729237,15:55:50,-1
69651220.02682254,148.44948213525063,16:24:29,-1
63632130.79334443,232.7853117610284,15:56:43,-1
40110782.316867776,92.80298574568776,15:38:51,-1
33514702.83353449,150.88898335351203,15:46:51,-1
66658208.42595234,174.56269578986596,16:05:48,-1
81007168.3090575,80.07919159259403,15:34:44,-1
37007618.83419449,87.35482681316451,16:13:28,-1
33203006.673004933,22.113643758581823,16:15:02,-1
32042587.5976514,86.40998078856553,16:22:17,-1
73796458.9106128,28.05664817912704,15:53:41,-1
83490127.08139192,135.13456191190332,16:12:54,-1
4180797.9364963816,203.1366317724884,16:23:56,-1
37085427.91522189,233.7689775694231,16:18:23,-1
72021808.61970302,155.95370603216352,15:42:48,-1
79527104.17806438,102.87415853504992,15:42:51,-1
52421903.79076219,178.6705082706881,15:31:01,-1
79987016.5339311,124.90137725262932,16:11:31,-1
27973455.40080306,147.22269759102556,16:01:20,-1
4570338.909022222,217.6638411050611,15:33:39,-1
12633583.69117429,255.1593485245856,15:47:26,-1
46456984.647169605,28.31292130099692,15:41:56,-1
66143966.11876251,338.7782768880743,16:16:30,-1
27058121.896084804,13.062357676687588,16:13:03,-1
46586774.08194125,278.1737486747662,16:07:25,-1
5352880.27040782,325.3348698469265,16:13:05,-1
85681389.22975698,155.88895017507758,15:54:38,-1
1260080.4576129478,351.5967204011924,16:22:37,-1
51207043.40190871,304.07158863008345,16:11:50,-1
60633802.70524738,168.1627514670654,15:34:16,-1
51240287.2967248,100.54267386882488,16:18:24,-1
6686568.443546732,39.54898174298852,15:52:15,-1
65811074.25996542,98.53189430730782,15:30:34,-1
72872852.55520761,193.85587338911355,15:51:59,-1
50166991.04508364,353.39240225422094,15:33:59,-1
27960858.24213768,49.27880769902171,16:22:58,-1
49877348.74487668,149.9318621062291,16:21:01,-1
68203052.94797738,288.4710416396434,15:50:04,-1
37438144.28083266,84.87543456054016,15:51:19,-1
45526666.20406596,193.01544032500328,16:14:26,-1
35458032.62304023,130.4056894332459,15:55:14,-1
59738948.53238627,242.0725655118684,16:05:01,-1
16037103.712798722,280.8452633755928,15:39:33,-1
66983901.78540248,237.07494189520503,16:22:15,-1
50281002.822033845,168.33939326084663,15:30:45,-1
11714276.25786712,156.71560013966567,16:05:46,-1
16172379.57479138,100.1180426054526,16:01:13,-1
40413869.64407579,203.51702202702688,15:31:45,-1
43150882.13466721,11.74586909068694,15:47:31,-1
44826400.72020743,271.9452786920822,15:59:48,-1
62572436.30876411,294.7323532547172,15:46:16,-1
86890187.65576589,116.45044747170184,15:54:47,-1
47309081.80044694,139.5379618078663,16:05:53,-1
76759462.1603424,61.38761592442506,15:31:43,-1
20878483.577359814,165.48448233467096,15:29:53,-1
23251485.11808481,38.47378857460055,16:11:07,-1
10765910.470231373,264.4734395916846,15:29:51,-1
83427363.38485675,24.48863174707305,15:45:18,-1
39541466.89624395,288.3166985062439,15:55:37,-1
55479720.88005525,241.67466530355884,15:35:57,-1
53340070.46645877,193.41171305637985,16:15:19,-1
80777638.61241199,270.32865473234,16:25:00,-1
73651550.14656354,25.425134253038586,16:15:27,-1
8252086.314914245,272.2503902528377,15:47:40,-1
17741748.60175339,173.20794381454735,15:29:25,-1
85282738.41242053,110.85325668398372,16:20:31,-1
38059832.19955008,245.5580550364635,15:56:10,-1
48798436.731814064,107.10451752323812,15:35:44,-1
59616084.81899243,272.5905051473584,16:10:02,-1
41124586.64024243,203.03747987132732,15:39:36,-1
42063826.23361457,81.97273300944718,15:40:03,-1
22077741.00816868,11.29572617118416,15:49:17,-1
72853296.63243993,73.08273698169923,15:40:56,-1
49233549.211074494,116.87269880936792,15:31:17,-1
62195638.64891642,184.8373014182951,16:01:14,-1
23490074.01699312,101.7933136507042,16:14:50,-1
35585654.63604757,298.5484821877054,15:56:23,-1
51867428.35387269,7.1586365917706285,15:50:08,-1
57718556.75106143,305.0990908399693,15:45:50,-1
78376197.99131021,70.58735391901182,15:51:00,-1
50424437.36917078,258.5180620221521,15:29:14,-1
74644596.38487329,99.2020158062351,15:47:59,-1
88210467.8882992,57.23309403697006,16:11:43,-1
6264773.55767057,74.64124115545614,16:04:38,-1
56207033.33251112,224.7426865841919,15:59:54,-1
76666206.15333484,253.3512067412543,15:35:23,-1
70605458.42927341,311.36307505217644,16:24:23,-1
68267707.19866695,226.89318535402955,15:51:51,-1
63101947.88261897,262.9449703845136,16:05:50,-1
51902652.42466376,222.8617001479259,15:56:37,-1
34172831.46264327,30.115364873770403,15:29:14,-1
15954141.64798454,183.8208172473838,15:55:13,-1
83786284.5130367,260.771839202053,16:09:01,-1
35568432.37484518,231.3560089069812,15:57:06,-1
79879219.93618754,281.152233911656,15:26:42,-1
51526762.1747351,9.182239923864856,16:16:04,-1
8886131.215031577,120.73761884914263,15:55:18,-1
61223320.47719484,222.5604339828693,15:59:23,-1
24102951.71098828,251.67997375945632,15:35:02,-1
47494189.63925571,196.71938214888283,15:38:04,-1
770333.785692891,226.8115871757359,15:52:45,-1
1827959.14209472,109.8557265255348,15:57:28,-1
35934905.97030728,295.0191678545563,15:36:22,-1
26636293.307020616,184.85633762434924,15:57:37,-1
16083658.89756527,140.9497703086602,16:21:52,-1
4809962.118177251,98.06657383353694,16:17:25,-1
10375462.010807244,284.27759975403103,16:20:03,-1
23731558.249032076,233.02215644290249,15:32:12,-1
72691784.84143813,10.024263220688407,15:51:12,-1
46978737.7770413,186.1776194637422,15:58:30,-1
11306764.133737745,358.82748348136045,16:01:00,-1
31858636.178369697,56.98669188502358,16:11:15,-1
53496990.98035229,49.62449019460694,15:56:52,-1
68149569.85664025,22.431896298651004,15:55:01,-1
86084732.62446931,294.99870196403896,16:22:37,-1
79105851.94881119,279.9648903448735,15:28:35,-1
7908937.620532651,230.927254787033,16:03:29,-1
44628364.49697006,242.46196482083923,16:03:50,-1
52857767.122798815,80.30732516530301,15:46:33,-1
41522694.27307773,141.12304004572343,15:39:58,-1
81275577.88702957,353.4652900372257,15:35:27,-1
4763220.74460692,26.17459163955296,15:29:27,-1
88776188.04070605,173.2099017871917,16:09:33,-1
41678442.69568659,210.50755783766488,15:27:12,-1
20012608.9321548,281.1698653960389,15:57:41,-1
3040662.405959061,172.79056260613356,15:43:09,-1
51082197.15109097,260.5405409100443,15:39:25,-1
86424447.01808068,40.45769387776122,16:15:37,-1
83658193.06649785,294.62789106625263,15:49:48,-1
77924671.202449,182.585659233316,15:34:01,-1
6584180.771448641,332.39018483933904,16:11:03,-1
35933017.384022065,173.3710093840224,15:27:56,-1
87985333.1574718,255.70724933852603,16:12:10,-1
68126919.31499119,225.8926112280936,15:50:07,-1
71146779.31134368,172.12998899230956,16:08:37,-1
73349576.85576762,89.10423951457038,16:16:51,-1
71223409.60422686,95.20856214381708,16:06:07,-1
5051368.90993117,152.7241885480685,15:46:40,-1
59289022.74121705,102.54375310537242,15:58:13,-1
34128992.2091712,282.67880622921285,15:29:38,-1
64310363.77416889,248.3013507623368,16:01:40,-1
37949718.05533692,15.387519616708264,16:19:23,-1
84566670.67711589,274.9383060389062,15:54:10,-1
51562420.81547869,91.36803420688054,16:13:05,-1
709284.8612155657,226.5250853677808,16:21:49,-1
54600416.63607946,172.0811481281876,15:32:20,-1
53453373.73913024,151.16730780347308,15:49:17,-1
14766674.374398977,197.7773208230225,15:26:06,-1
16960907.206598107,116.0010755304988,15:33:49,-1
24362486.900655817,16.61406271615232,16:16:10,-1
53293266.62181911,234.2515402769909,15:37:48,-1
89414602.40284972,281.3129711945048,15:41:02,-1
31388070.736139327,251.6518582502165,15:58:26,-1
71608720.90214308,304.128839646878,15:49:43,-1
14044785.157670008,158.54750928789332,16:17:20,-1
22944414.148486108,325.4227497719773,15:42:28,-1
58747020.49489501,8.170239915886883,15:41:31,-1
80596371.07639538,185.4766793529949,15:57:09,-1
11802003.964074532,54.71223086312669,16:15:47,-1
79628992.95580581,300.65479311808446,15:47:52,-1
16124720.139733065,183.4244811423524,15:30:46,-1
43416950.60099731,229.1886362914739,15:30:39,-1
51044626.06806043,120.83158523057226,16:05:57,-1
56202571.30078491,233.40596706428616,15:52:52,-1
54657869.37676825,311.38783385929105,15:36:41,-1
51242955.84743528,298.6452593512323,16:09:55,-1
52401212.75189056,70.39148866093923,15:55:27,-1
35305143.092192955,103.71630992955778,16:09:40,-1
88799602.11634666,291.754175539707,15:28:21,-1
27096487.50225721,303.1362662232155,15:49:01,-1
11034268.36518554,21.956975070046894,15:32:51,-1
22455425.115162183,169.76522655395428,15:47:27,-1
37946957.63593983,127.5467026969926,16:13:47,-1
38871401.3775214,247.696811063131,15:38:51,-1
61654303.854324,77.13897549118846,15:41:52,-1
81039443.58868413,14.97080698077735,15:47:04,-1
41265238.719191045,68.29553884239124,15:49:46,-1
15355664.65020089,90.46128978929256,15:47:35,-1
28563735.048392832,263.01990981350804,16:01:38,-1
25849032.929496508,275.3824399371338,15:56:15,-1
77218631.90137255,41.209060813741104,16:00:52,-1
29358444.68801743,354.12994449361145,16:18:28,-1
31059521.60970321,237.1803614312093,15:32:31,-1
62168670.891618505,340.5724395873143,16:03:05,-1
39926561.70160706,230.26595491034868,16:14:34,-1
25104179.37851138,249.16706902317108,16:11:11,-1
29273434.61774594,236.86967413247956,16:13:27,-1
42496819.41229693,168.2395666134891,16:17:18,-1
21763651.266830955,269.8991463859524,16:25:21,-1
68284399.9900947,212.75771805522436,16:02:22,-1
1837266.4872027452,212.9837867689327,16:15:02,-1
68143504.78834254,275.2912464736802,15:53:53,-1
54963394.89368471,303.1608443020167,15:51:32,-1
63569293.19929316,14.015854963350204,16:03:40,-1
27185608.164234903,6.904639782948805,16:02:21,-1
23845011.863673057,136.37708791370264,16:03:51,-1
33956164.937690824,322.6000191532871,15:28:46,-1
39223099.70425704,289.3345143440175,16:13:41,-1
59461995.38125492,303.72777647770783,15:56:34,-1
63253953.64391632,32.87714972016478,15:28:44,-1
5596914.611203375,229.04131472074323,16:20:59,-1
38775200.22330051,295.6769031616072,16:12:08,-1
20253112.736824702,54.87812964263751,15:47:50,-1
14725885.284115894,213.72431526919,16:19:55,-1
6973324.025970713,0.1303105082224664,16:20:53,-1
61125076.04093603,164.32496676709113,15:34:31,-1
21861988.74704476,324.8535370475652,15:55:39,-1
59742615.76111947,311.9715501316796,15:57:13,-1
48057003.97497255,351.26371754930966,16:07:46,-1
45952362.14903351,225.24287200480504,15:51:57,-1
41371440.72925736,138.7755711277499,15:35:36,-1
1188760.9978723738,188.3804936870324,16:21:24,-1
38188171.56850656,39.51086999534425,15:50:20,-1
72091121.97541028,323.81394705003214,16:19:34,-1
12936370.778699312,335.3787059512987,16:21:14,-1
87926137.55386077,6.474027244705378,15:52:48,-1
83339567.5960424,4.91202226104869,16:20:42,-1
14419497.889158942,139.79305304333283,15:41:52,-1
83623239.61324285,165.81057611394905,16:03:27,-1
15276591.914478006,306.5222507366362,15:26:40,-1
14904560.866472336,149.13484809736823,15:58:38,-1
39133158.944017485,129.45485727265486,16:00:15,-1
63579567.33102065,294.4808745310649,15:40:38,-1
56586038.881285496,84.49592189446096,16:00:06,-1
30147351.91057488,33.816135616431914,15:54:38,-1
41888957.41201912,252.8365052015864,15:57:09,-1
12086049.576416649,66.77927096262353,16:18:19,-1
76957361.89260629,128.5980998648374,15:28:45,-1
34548862.97544488,356.5809804960682,16:21:05,-1
15339379.155453688,53.82112328960656,16:18:18,-1
66968431.13416652,236.10484013956085,15:38:12,-1
89777650.29932886,134.58573784578684,16:08:48,-1
4437362.310303832,267.40632859610344,16:09:37,-1
71337954.84931223,334.3802919839713,15:28:02,-1
52023098.29016671,260.0751327901174,16:21:48,-1
73416309.45400174,113.01740436158092,16:17:38,-1
38257023.02397498,307.23379854279966,15:53:17,-1
52093841.10522638,27.244054799172226,15:51:21,-1
36952793.91030814,0.3619258780892043,15:48:03,-1
20403349.949044727,145.75705697090504,15:36:32,-1
10300392.63164176,83.9026376724033,16:23:32,-1
45374455.22430164,260.52045778236044,15:29:08,-1
73687811.70201729,150.62523132599324,15:31:20,-1
40834247.77734865,303.0930828079808,16:01:21,-1
24590978.54302041,358.3288866716529,16:03:57,-1
59074759.31470791,289.18992763214305,16:21:31,-1
88654911.00394365,267.3334992409932,15:54:02,-1
53636568.89224976,157.49752622795015,16:01:06,-1
36133789.71884343,8.572535498521688,15:42:18,-1
75093178.49826163,50.29081626760459,15:47:58,-1
26119568.87462961,345.3733509624442,15:32:38,-1
55359299.60871552,240.54603896949865,16:02:41,-1
13511135.618033327,118.6806893581783,15:33:38,-1
4346651.575238445,352.7485250968062,15:39:10,-1
41696253.44094913,224.8949481190861,16:15:42,-1
58741984.7450164,263.6349263859267,15:55:11,-1
33049191.980057687,228.28967883208853,15:26:09,-1
39316993.55375019,163.7596882466449,15:27:53,-1
32131533.05996788,105.36773939664728,15:44:53,-1
6651735.278739119,21.649204183926667,16:18:28,-1
40927965.76679339,75.88122974599118,15:52:06,-1
80048771.40506469,218.05484369479095,16:06:11,-1
68770971.37320243,0.1341953169564869,16:23:22,-1
39181657.59272317,233.09437547841603,15:40:55,-1
71092997.59036098,246.20169220458263,16:14:48,-1
59100640.79074378,185.89200002394816,16:20:23,-1
63665217.635024525,6.5764742259933495,15:32:46,-1
70583526.4489366,148.33449690551583,15:36:50,-1
43522942.90000804,132.39271909000328,15:51:46,-1
40008696.39441316,170.88914716876093,15:52:36,-1
27580628.309692163,61.52481311513776,16:10:39,-1
26387271.917679798,254.71076823395268,15:53:21,-1
52809477.73224042,166.3938605213733,16:07:56,-1
47525759.34879949,321.8186421088421,15:34:42,-1
54472544.93304567,60.68702884448681,15:52:12,-1
1726448.9970331166,66.91166070139306,16:00:21,-1
20136903.442701347,190.31706032495995,16:18:47,-1
17449073.23115644,253.783307609568,15:30:41,-1
66095208.50711033,249.8673656198704,16:03:35,-1
12163442.557668043,256.5443126550524,15:57:36,-1
80336993.42863578,207.8915398570473,15:56:17,-1
89048321.11191598,99.70988868311112,16:03:00,-1
79938127.94613785,233.08496792509857,15:59:22,-1
38570161.34914839,318.58455198633646,15:26:30,-1
27119050.27448572,160.35148552407975,15:25:46,-1
46502018.60241002,176.6421621126413,16:03:04,-1
80819969.89765613,234.80818997820867,15:40:37,-1
41752005.563770846,209.99260455665043,15:50:23,-1
63796887.93698149,245.77925310316508,15:54:56,-1
39477280.53250108,342.37598487276,16:14:06,-1
13300451.02540191,198.2468858833269,15:59:01,-1
68398809.81861211,293.48146762286297,15:47:40,-1
25268406.25920549,277.93182571653153,16:08:24,-1
25300996.753589727,304.1883962453135,16:06:52,-1
69224779.51979117,87.69849002799201,15:34:06,-1
20000102.42074591,187.5394583135732,15:26:10,-1
43239178.10091198,21.35514020556733,16:13:08,-1
32442915.19899407,137.72883676131025,15:44:34,-1
5866690.717381833,42.88452421636524,15:46:29,-1
11656329.780870454,107.70944607650416,16:08:13,-1
4217119.044304891,231.33616289300755,15:46:40,-1
17088209.870094616,276.9952681791838,15:57:25,-1
13543103.180214,52.03556090348994,16:01:19,-1
25442260.72177639,242.7114900523096,16:00:25,-1
11440623.602413395,125.61298999035594,15:27:18,-1
46203148.815402485,146.75754983109385,15:28:33,-1
89799841.41440447,340.4218191558894,16:00:44,-1
33803749.823011525,19.295439466541303,15:27:39,-1
3987704.293269145,116.18104911111632,15:26:18,-1
36790175.504780695,109.59995222861184,15:39:39,-1
14021824.537584178,87.25638509923076,15:44:34,-1
5057714.701167589,109.27757449073567,15:46:53,-1
56494366.8589721,8.697248420209185,15:39:15,-1
8894997.68872452,21.857929506584806,16:22:42,-1
67040354.79836213,104.7718417579526,15:29:00,-1
61705000.962474674,14.789970854777174,15:38:16,-1
35625855.840998165,227.9073079176088,16:09:12,-1
29481204.40416021,172.95104940856388,15:38:17,-1
59960877.87080147,137.86911296389297,16:05:51,-1
25624973.664995357,98.33550326673262,15:54:26,-1
63415466.50955891,135.93827407358978,15:29:31,-1
23457369.375104096,15.303955554039108,15:43:00,-1
11261829.781111544,228.08135254593523,15:26:58,-1
34675714.74322906,50.368095474321606,16:03:29,-1
59029165.85688375,153.42252043448337,15:49:56,-1
37007607.41889428,35.652874594046494,16:15:27,-1
45367586.50751317,252.75002666657755,15:54:23,-1
76188989.35819314,100.66869543385256,15:32:49,-1
27215854.20726469,145.87265892406722,15:41:08,-1
28609757.35582876,152.36716726829272,16:14:34,-1
68780280.71554843,341.5198618972961,15:39:13,-1
13597746.457478786,298.01840097810503,16:22:11,-1
10652192.379598448,158.86428923200558,15:47:05,-1
85843167.06709799,201.529044394236,15:47:40,-1
86883071.92314997,170.19651559271983,15:58:42,-1
61571716.42897758,12.842633096013572,15:44:36,-1
45859174.00621192,52.89959669710623,16:15:48,-1
17176745.584186655,318.1647590252602,15:39:47,-1
67684341.50290185,198.4624565801538,15:32:52,-1
49231485.29764471,154.23221897963376,16:05:13,-1
5885961.4830984445,293.5616339325928,15:52:10,-1
39777246.25246757,56.85795558374451,15:47:03,-1
15736878.04175876,317.8430589644685,15:42:03,-1
83238782.01297636,139.41993818463249,15:28:00,-1
58836910.12439922,187.34002425617984,16:14:39,-1
31683949.70446623,15.56437231379284,16:00:01,-1
56134797.96690681,272.2215468764011,16:13:52,-1
59535551.24338388,20.56324003166744,15:59:57,-1
1862396.127253552,126.26290021963548,16:05:32,-1
50235763.14654897,172.1566279112538,15:46:44,-1
49009876.04171188,311.1483680644833,15:37:07,-1
30028704.363812733,162.26053137688933,16:14:02,-1
32684319.03265468,200.822215487028,16:21:01,-1
89332346.64274037,148.25088555010555,16:25:13,-1
53502319.68594664,177.95772982190618,15:55:25,-1
24181339.25122737,161.18493177509544,15:40:30,-1
2270771.647164019,241.780288098901,15:57:18,-1
68602225.50812423,106.46532306548048,15:44:18,-1
51818747.614692815,216.30938650056544,15:59:47,-1
20164296.10179453,327.00660609247484,15:53:33,-1
71377650.04057153,306.974536045248,16:15:23,-1
66135249.385337576,265.3991003586216,15:52:17,-1
87077549.31033468,346.53521146976,16:20:03,-1
25558128.50871792,260.96364394632747,15:25:57,-1
52425617.426964864,213.3565582893361,16:23:08,-1
71032823.61565696,35.183283083464424,15:26:20,-1
41519471.09067092,224.2519354221364,16:11:02,-1
61438405.96885248,317.40006474272514,15:59:03,-1
68168074.75861096,161.31331351581957,15:41:38,-1
54790098.74004973,108.07180037022276,16:06:46,-1
48502321.435316615,148.24402281739847,16:07:57,-1
79899817.4671696,44.86609137742951,16:10:34,-1
29261892.15157488,97.59444256867422,16:04:10,-1
23283360.039892588,226.9160006702614,16:18:45,-1
72611802.12950082,293.17482279264675,15:33:32,-1
75819690.94866319,269.4026317543688,15:56:44,-1
45044975.32782778,89.8998776646584,15:47:51,-1
53802345.5624686,47.543682552930406,16:15:38,-1
87395157.30372143,256.42786298178305,15:37:01,-1
43834081.59985528,9.025698543650815,16:05:42,-1
56484611.20659121,184.6400682047072,15:37:26,-1
3707970.195584069,141.13284688952632,15:52:28,-1
33561753.07212369,177.1282853811883,15:34:01,-1
30366396.456335887,264.35100133210705,15:34:59,-1
17099461.08474328,16.13052017816434,16:16:43,-1
79079293.3723243,196.99785199662588,16:14:05,-1
66793737.32298774,120.72811802118888,15:36:35,-1
68818678.34836677,168.66859221366212,15:48:04,-1
88810114.30957355,48.569858887424544,16:02:29,-1
55752464.54191978,60.89022355874378,16:12:42,-1
59133942.76277846,43.821258135086055,16:12:32,-1
34241947.67774516,185.66301583819745,15:49:17,-1
63641945.63200688,302.6420341708862,15:50:15,-1
34574040.56194307,255.0944767236055,15:46:32,-1
89695193.73716566,9.564752334270867,15:40:54,-1
83942860.69893493,0.1438402987962428,15:44:32,-1
77846839.0076679,28.873455709163707,16:15:29,-1
256525.18904984609,24.31090984996372,15:37:38,-1
35010537.86616874,236.6294227817489,15:47:50,-1
9143960.411117436,3.2698963696622085,15:59:16,-1
27112303.668263216,23.477939032085217,16:20:23,-1
50085479.55449381,41.45521283043931,16:14:26,-1
38071591.60957088,51.12246572772116,15:56:47,-1
2121530.905314513,140.17687874096882,15:55:20,-1
32155858.767458104,17.328352237110927,15:34:37,-1
60184861.46376451,175.38891913072894,15:29:59,-1
6014470.439387668,248.4114911987029,16:03:36,-1
2602949.5770295686,216.6507461944195,16:21:13,-1
83359204.66917834,194.4980666766679,15:43:06,-1
76737017.48036829,145.0174148873187,16:24:49,-1
82248289.08004506,263.91541269990705,15:26:29,-1
31831848.99245404,186.53219900359923,15:57:02,-1
9551515.81954239,154.27859508102614,16:04:49,-1
31035128.45984577,320.007297496688,16:21:34,-1
34821111.85428244,298.40787417335264,15:58:44,-1
22297764.16764073,11.17661932058529,15:59:55,-1
32218835.168865062,335.64267767495994,15:54:20,-1
41624669.75984855,199.86120567181683,16:21:50,-1
54901866.01509378,157.7526322283792,16:00:18,-1
74025790.22591323,240.91072082802395,15:41:27,-1
24029392.912320822,179.32924582102746,16:13:35,-1
82276946.72433345,270.4114954473797,16:13:49,-1
27843457.226854622,319.5223632254631,15:45:52,-1
35263108.37105561,97.36106406479078,15:39:12,-1
62968151.58877563,89.78427359216947,15:55:45,-1
53316930.222557165,334.89472420785995,15:49:54,-1
16687684.14403908,43.67081028642768,15:28:50,-1
73447209.54222609,226.7042270113713,15:46:33,-1
24574645.806210574,36.13175629095835,15:50:46,-1
69957232.75384916,111.97606912966316,15:40:51,-1
42417233.44661221,155.35313570123589,15:31:26,-1
1673498.9255671112,344.98031150267457,16:20:52,-1
19622160.78803462,259.0245319494041,16:21:27,-1
36372196.06450258,185.99730624990505,15:33:34,-1
85769620.71211374,38.09794086301296,15:43:47,-1
49981701.61703427,222.2266633126232,15:51:32,-1
40449062.58919095,101.24052258140104,15:37:52,-1
84116822.64141609,12.267369035152944,15:40:44,-1
1784343.6190713022,68.18020566301631,15:30:22,-1
83399002.84697582,156.9827562661757,16:20:46,-1
27767243.374834474,248.7893712640688,15:44:03,-1
32342304.682236373,132.15596881374694,16:10:39,-1
49766034.96539254,317.15278145191314,15:38:46,-1
6797825.541648139,139.6164955046116,15:46:23,-1
14986934.813338498,200.2397159067833,16:08:41,-1
19615337.495825358,299.34644968626094,15:46:04,-1
12251114.667172143,14.681347671072986,15:32:19,-1
10761842.006718377,13.895054797428417,16:08:47,-1
59508711.33547423,38.58751828907697,15:40:42,-1
74279002.7061254,256.1526414903743,16:18:16,-1
37071207.09807944,49.15094383831899,16:18:01,-1
64568832.64729818,39.41477926414159,16:08:43,-1
72978848.4251356,220.00802386862787,15:52:23,-1
53695538.65064252,84.44043452856027,16:08:25,-1
53236158.8959112,238.13500798095723,15:57:40,-1
9102493.378685364,107.12333936685516,15:27:29,-1
12618058.67346675,65.47163602423878,16:15:03,-1
56394941.63649663,167.06340718145958,16:03:28,-1
38721615.0142092,280.13171849005283,15:48:15,-1
43481247.63029668,164.34350415032398,15:34:37,-1
27056123.39460703,179.31597842674944,15:27:08,-1
12518692.815318912,149.32529320347305,15:48:45,-1
1342078.6112977252,215.8794828794521,16:24:03,-1
590371.3519082514,117.83856842804748,15:31:44,-1
68632048.98376213,278.0455057098052,15:40:48,-1
82912748.3365216,49.59284388173764,15:33:38,-1
35662430.18133773,255.1340659890474,16:05:28,-1
41679824.1528753,356.354225121756,16:08:58,-1
749984.6816769566,47.82528201394144,16:23:46,-1
7127155.76458454,241.6191773143344,15:27:53,-1
2343151.8179736263,33.509054883987694,15:53:53,-1
46554896.02483484,225.67403867154616,15:29:24,-1
85058912.33459422,352.48395059185697,15:46:43,-1
31052868.851158023,33.33292298209302,15:34:06,-1
7381668.402295716,145.047166864603,15:49:50,-1
46455567.0914558,139.8657659860871,16:08:02,-1
2720540.9152386696,233.26131915792436,16:01:53,-1
54067635.791388,233.00156987634935,16:02:31,-1
10586075.668763228,223.7154703722739,15:58:12,-1
39968647.47009458,133.84231994172637,15:36:17,-1
12856073.083805244,125.6417099659979,16:23:05,-1
83465503.28819755,175.69796648974742,15:52:06,-1
28827041.070775967,132.7082350883842,16:17:56,-1
35234892.33145067,215.1649210328777,15:33:32,-1
45614310.9202624,318.5798728669121,15:30:16,-1
84835554.1373946,177.95332091975447,15:30:36,-1
68356237.54584043,76.09903315342031,15:52:01,-1
20921506.22086488,310.1375392553758,16:24:06,-1
66382798.45168281,297.08703585027064,15:40:04,-1
35344843.97292072,68.43316723896024,15:44:19,-1
68524987.36572352,77.22813028898982,15:48:45,-1
75689948.45650285,76.94488529684591,16:13:36,-1
15897715.88777518,263.43024553209256,16:11:50,-1
4704908.439463056,42.07416483225498,15:59:53,-1
43965914.16266337,28.39348269562343,15:46:08,-1
41985946.58213636,10.169984366811375,16:14:30,-1
84875393.0252186,114.03879146636844,16:19:22,-1
13136737.86452282,152.5678461611597,16:00:32,-1
3130183.5839904305,35.932371816046775,16:05:51,-1
17572835.95739808,66.86189373757803,15:36:47,-1
68268945.33430819,341.6962881727417,16:23:30,-1
82979091.43672426,322.722613407035,15:38:52,-1
20430903.66913308,58.50923222805844,15:33:44,-1
84025874.81629676,149.84896211587284,15:29:24,-1
5895750.538182701,163.2147579488485,16:00:19,-1
3152710.2452417184,285.2511067851851,16:24:00,-1
38620852.54526964,54.9780008652409,15:31:06,-1
14956139.519469794,240.9349464957892,16:15:29,-1
69858610.15957442,334.0631993210349,15:35:06,-1
84107664.31283908,152.44217291985262,15:44:48,-1
45349199.05301544,316.0616079174155,15:57:12,-1
34940329.03581717,322.91291241731835,15:43:43,-1
53802375.14257444,140.0758405721104,16:01:39,-1
31699608.41140998,175.26356221533058,15:36:12,-1
12920545.809515882,170.03878033697953,16:08:09,-1
40385576.39734021,288.1770781229681,15:34:34,-1
63552426.78154988,68.49255010817868,15:57:12,-1
53514641.49047464,115.0368134595312,16:22:07,-1
13518968.722643718,45.29627875899902,16:14:00,-1
28978805.73784398,59.60531418113375,15:37:46,-1
778897.4835893558,77.33779303352946,16:10:29,-1
26326854.67956897,207.8288950650789,16:03:17,-1
9964086.315439891,269.5341911781824,16:01:56,-1
33869924.29618959,258.2666133470849,16:21:07,-1
68673291.49643765,246.54422375813013,15:45:40,-1
25734.362759968208,287.5312700052113,15:41:11,-1
19398396.17134405,206.2032328253461,15:56:15,-1
8341658.670451889,199.89267906533104,15:36:11,-1
14634815.693121154,17.520694204357067,16:22:27,-1
4972539.085188655,120.71389890131636,15:54:17,-1
63842043.63732384,7.875592490108447,15:32:39,-1
35912482.27432125,330.2646851187549,16:17:38,-1
49213241.81314831,91.78626048945988,15:29:38,-1
13317790.058925258,33.88387018049018,16:22:37,-1
51908046.72088739,149.63234332424065,16:00:59,-1
45507713.0943804,353.35551872968324,16:03:57,-1
31849936.458607696,283.3373258453617,15:26:26,-1
85141060.11400506,158.01055365044377,16:00:55,-1
6903488.890866647,130.87061458399825,15:44:56,-1
13375463.557284264,185.0219567823059,15:40:53,-1
65206433.63774547,101.2939055743187,16:17:10,-1
37393482.629867055,38.97639969004548,15:55:25,-1
47791190.53838752,14.871945593246725,16:04:26,-1
60251394.52172882,177.27041039383167,15:45:07,-1
16529080.639889851,51.67996044056667,15:49:31,-1
30584641.800062444,246.95629160255135,16:10:09,-1
79487313.81094773,254.7759401977229,15:50:37,-1
588208.2527557783,201.92874432864627,16:06:31,-1
85944566.6812674,245.59366287793893,16:20:42,-1
59139531.32371521,126.7184928889135,15:54:22,-1
35050792.60793185,8.007114464790824,15:31:45,-1
1235484.91023498,231.7987281042888,16:25:11,-1
52637450.869594336,167.45129144363818,15:36:52,-1
51450891.42459239,249.17198624153824,16:12:08,-1
21921161.063596737,88.70206605707969,16:24:10,-1
81790099.74053657,79.26983836621702,16:11:51,-1
49943971.296367474,168.76097311232206,16:19:55,-1
79482165.30834083,117.55230895603208,15:29:02,-1
41844795.829140045,135.8282367250708,16:15:06,-1
69718184.53692502,38.55767716122161,16:10:49,-1
86705886.78902194,141.79738014426584,16:10:36,-1
28828303.986663483,310.743386523078,16:21:35,-1
63693645.585907385,252.58770192772943,16:18:46,-1
7048229.073963095,238.11066722738943,15:41:46,-1
2449020.908314924,124.5724630086393,16:22:43,-1
67099385.91856632,214.01225895746077,15:58:01,-1
11296788.608247174,308.0737948833247,15:33:49,-1
53324526.12760904,308.4949490973408,16:23:46,-1
14569480.73944252,134.27749824541155,16:23:14,-1
13365276.74217018,95.03089642545328,15:33:08,-1
66528695.96644643,306.8808661508006,15:27:02,-1
22175223.08111258,69.32179648189187,15:58:43,-1
13092110.52058609,296.6887570829224,15:45:31,-1
35119872.67504913,179.16897217027406,15:31:59,-1
33143908.0538965,57.635248045971046,15:42:28,-1
24268077.544669677,53.78317394138592,16:06:37,-1
89673063.9585301,25.53405841728634,16:19:18,-1
87902614.78848389,9.057803677384625,16:19:11,-1
44798244.56929471,163.4891218776814,16:23:41,-1
19553003.040291607,168.01061898318738,15:34:40,-1
68094112.30316226,121.1924758061573,15:48:17,-1
55167613.38429912,84.70443977956452,15:26:38,-1
36202767.91911344,141.0181620347444,15:32:58,-1
57205166.12614472,241.032767779184,16:07:06,-1
48765451.52142436,250.51689716346112,16:04:35,-1
880029.0616677478,312.5067314028289,15:35:53,-1
38547544.83121236,259.09653750139296,16:21:54,-1
73744455.22625442,114.44071530031438,16:01:25,-1
45378079.89804509,13.296957081344193,16:18:35,-1
5484740.217832216,85.83398086663011,15:44:23,-1
4429612.646464008,67.46987565365447,15:27:43,-1
12586590.540402818,131.72095420107905,15:59:43,-1
47618979.61064724,45.12231280673299,15:41:46,-1
41232749.58358792,167.95839940852497,15:54:02,-1
28163239.54700403,114.61268764208684,16:08:43,-1
18370646.595341437,52.85802582083835,15:33:15,-1
54003141.94925464,204.0943658418952,16:17:42,-1
8110324.046556442,94.62639556181256,16:23:29,-1
2827419.3711231505,198.52513753844383,15:37:35,-1
85920250.36477454,210.21407668700977,16:14:39,-1
26621123.660997864,69.54220252098689,15:25:45,-1
60966657.17187042,258.7962706798738,15:28:23,-1
48859887.50992218,147.4560288277107,15:41:54,-1
79969510.43106395,290.44331679040056,16:20:43,-1
267466.4053207375,251.738535190606,16:13:58,-1
76909858.20803408,197.19908301601447,16:07:18,-1
1116462.7350208214,315.5750015297831,15:53:02,-1
51553021.151583225,308.9252005221919,15:49:32,-1
34989935.756160066,104.208750898378,16:06:28,-1
66348630.11140373,256.9585123341056,15:44:59,-1
61861916.804730505,39.44680903195525,16:06:32,-1
11665885.286648044,40.67766158999628,15:52:09,-1
36093714.83140246,287.195787264578,15:57:15,-1
21692638.44277593,235.65381636875787,16:17:41,-1
31304798.013689723,117.28059115311852,16:17:52,-1
46303497.14997756,317.6571336461655,15:43:06,-1
45966574.77026462,150.1448625394036,16:07:50,-1
1397702.1177986222,283.25773655494845,15:49:43,-1
80663531.63960041,271.05464838314515,16:12:44,-1
15750683.17900096,88.05257294943029,15:43:48,-1
38763093.61114589,161.98010869066533,15:42:04,-1
27216726.647409186,136.32557471216214,15:33:26,-1
56268289.32245884,65.02383688341281,15:36:49,-1
44118430.97876527,135.62154073976325,16:10:44,-1
22220073.40223265,54.72213345931706,15:43:18,-1
55005005.60616733,346.204681959629,15:45:57,-1
30209714.525063187,55.8888910279066,15:36:26,-1
23209007.1513988,233.4714894242052,16:25:17,-1
53954661.082676776,325.33198498873435,15:27:48,-1
29130559.944820736,124.21597093296312,16:24:35,-1
36376001.81925659,176.79306470199177,16:18:59,-1
66964456.24613007,52.05781976204528,16:20:48,-1
78247278.66769548,264.1082648352115,16:06:23,-1
27587427.20242741,103.8703869507686,16:23:37,-1
82635578.52647316,44.17786644947921,16:03:01,-1
13976604.496613177,266.5677464062693,16:03:28,-1
32479058.348212063,5.468813407535018,16:14:39,-1
23523816.07081039,280.7878043526844,15:44:33,-1
81768485.09723777,199.93347376480352,16:17:44,-1
8881043.581541764,110.12432866584724,15:51:52,-1
33407042.46169971,326.6509610256919,16:01:07,-1
58426828.18345077,290.8042698574298,16:18:00,-1
48859514.79874137,103.2384293742676,16:02:24,-1
72580292.59974307,28.59767563420008,15:39:24,-1
53016001.59038176,42.94905763257791,15:58:20,-1
1522744.0622257371,322.7816191969752,16:14:48,-1
18438453.16143136,359.413838079857,16:04:06,-1
54713277.675954536,121.61612658080296,16:18:05,-1
10061510.50183448,249.95315685156945,16:21:16,-1
29691907.83498937,337.89179027932346,15:56:04,-1
79918879.72989562,259.67790507059675,15:38:54,-1
43457092.40545432,292.29002031256584,15:26:42,-1
11393788.169049956,149.56983067952473,16:05:42,-1
33631453.87799424,197.1669243212409,15:49:17,-1
55848726.924569525,59.51176541009404,15:57:07,-1
13531412.639846755,148.3985630060099,15:59:16,-1
27936898.73088557,30.06360929245791,15:38:03,-1
75310362.14670359,197.81722157332388,15:35:40,-1
39493676.83757801,37.77809083597927,16:10:10,-1
89963565.81471956,314.38626194298183,15:58:30,-1
9788263.46562362,198.63397686239756,16:11:45,-1
11315921.66804356,31.044367254015057,15:45:01,-1
45482385.51534666,281.45462690514336,15:35:03,-1
77634481.98379362,293.23833657113784,16:24:04,-1
14998222.904973034,81.23492753857695,15:50:23,-1
24188313.57885876,346.4114596645646,16:20:30,-1
35427136.19511232,228.03069463382585,16:03:39,-1
89982929.76667193,136.94210710253154,16:16:08,-1
85089042.93103452,300.19674962587465,15:31:07,-1
89794180.80788182,198.34514398127783,16:22:19,-1
32511537.2719825,197.27449937949095,16:10:35,-1
57909033.031426966,105.75158844666409,16:05:06,-1
60066835.82555924,108.70576225303672,15:43:28,-1
26256170.04586613,4.985908323291546,15:29:48,-1
65153125.520588,257.8225060752058,15:33:14,-1
1465279.216722543,269.5348115260728,16:20:09,-1
60857678.46438529,148.90867466277942,16:04:27,-1
68608869.52000576,50.57752563978894,15:52:03,-1
80441429.12275657,300.01600982208817,16:04:44,-1
35121340.33249078,350.88773295686343,15:41:56,-1
37093345.9068135,341.36262583514866,15:31:17,-1
28189002.272109438,306.8018412998035,15:55:16,-1
57604999.16628954,121.79013615166534,15:49:46,-1
20433360.157869805,269.85426194715853,16:03:29,-1
86879313.7704514,318.9132020822279,16:06:21,-1
4901036.071036562,176.68721185620777,15:45:42,-1
8304796.353825107,129.76656217648463,15:44:49,-1
4536168.393659986,30.677646553005225,15:48:12,-1
28311122.02643722,220.76465687537785,15:38:20,-1
4120160.123243368,338.4887842147249,15:36:29,-1
10456481.734279431,149.6798365711161,15:28:53,-1
53097649.89668212,133.88246960617306,16:23:32,-1
55714500.60139395,331.17142038638747,16:07:58,-1
57194782.64339825,198.5771426809048,16:21:45,-1
37878920.83318751,275.8479251857609,15:33:15,-1
50346064.020422034,82.91801341000355,16:00:37,-1
2836596.163803089,62.69088258301913,15:44:12,-1
24304338.98822677,102.2450078298429,16:00:24,-1
3968542.3628279553,66.06478976238964,15:33:38,-1
8459.518314320601,45.165061794517264,15:37:45,-1
78152839.26097569,94.39043238984527,16:12:05,-1
66361050.98437623,223.64677448926045,16:17:35,-1
34357253.240607224,255.3042791858339,16:04:59,-1
11751640.083088208,224.3491201683288,15:35:48,-1
65220309.02955507,171.2196043714474,16:03:20,-1
83763193.64248274,124.563833466147,16:01:25,-1
52867939.5804541,25.7678515136875,16:00:11,-1
74306749.85052907,351.90676747926665,15:44:20,-1
41356266.54556352,113.08946553327064,16:06:05,-1
66766775.905505314,57.83176357274368,16:15:12,-1
78698799.90867096,357.2183268263279,15:50:40,-1
89026193.53502479,57.46031241972782,16:13:04,-1
57506068.60084541,300.26724249500484,16:05:17,-1
4380350.272045762,92.8530425852956,15:33:21,-1
74971811.42616522,14.214225392456772,16:25:24,-1
86971957.96307488,179.80806501230865,16:15:48,-1
13460049.699447544,225.24102481362343,16:14:43,-1
3332220.681870101,38.912205749231774,15:40:56,-1
88455761.95406145,63.24372249523917,16:19:57,-1
36232796.1906852,194.43254760794247,15:47:20,-1
40224308.19943383,68.89345875623293,15:26:52,-1
74644794.4380819,226.1515912594432,16:07:48,-1
16543411.84648797,256.0177845169218,16:15:09,-1
68547084.93996386,168.23145284705177,16:22:12,-1
88185081.11762933,281.9232779264675,16:07:54,-1
19088779.326555744,0.7485108432410126,16:19:27,-1
22351215.1058523,343.12551502900817,15:30:41,-1
70129161.09031878,229.9564973737628,15:47:18,-1
5653492.031983222,5.810422963979334,16:09:54,-1
16873353.175439596,341.70372349370444,15:27:44,-1
27555910.91580041,132.22736985594815,15:55:18,-1
80209226.70914777,311.0177205267852,16:00:47,-1
48756040.50556276,142.87466381076266,16:13:11,-1
69019356.86845255,186.042236056997,16:20:00,-1
70607305.3501839,65.83771596347505,15:43:20,-1
21880207.54947337,354.78311640670194,15:46:37,-1
76031016.90395546,135.27229630863405,15:36:58,-1
76297046.2297316,358.9375556056988,15:32:36,-1
28192447.82274669,230.3494791821948,15:58:11,-1
61451140.39773382,149.2215749869475,15:40:24,-1
13969949.978886938,311.8680973501353,15:52:30,-1
54499780.962499306,163.0164858656921,15:36:16,-1
79131447.2508692,128.92446026271094,16:24:32,-1
59637217.48248024,85.18863549089735,16:25:22,-1
952970.8093620453,173.17363508671565,16:02:04,-1
48290182.78852863,354.2153433590592,16:16:46,-1
45612384.865929365,101.3811113395474,16:12:26,-1
71357000.42583384,162.64350364567775,16:16:58,-1
61795504.78914229,215.7810778253737,16:23:33,-1
25239692.796482325,84.39769363472288,15:26:07,-1
1308089.7220656546,139.80129997135506,15:33:37,-1
23176988.958634734,322.9190193178649,15:39:00,-1
58328901.4518315,266.39763058758115,16:21:33,-1
25740435.384584595,109.23997157874504,16:22:34,-1
16159441.365782011,99.49539818663756,16:07:04,-1
8170121.588251276,269.04987513037014,15:25:38,-1
46816874.96351319,92.15344038024372,15:32:51,-1
67921978.79686637,32.68341236784308,16:22:00,-1
70752475.60891458,231.1714949209942,16:03:13,-1
7165078.462339873,43.964251076591765,16:20:11,-1
74479424.64946291,207.35259699639064,15:34:11,-1
14442421.856676018,85.70497867292042,16:16:41,-1
11666753.96622934,113.25763619620396,15:44:34,-1
89512430.37750185,344.26810893837904,16:09:06,-1
21756347.255140748,193.34321515046065,16:14:48,-1
36253275.28974554,41.67195497835305,15:27:43,-1
87848270.22319248,107.90813722393376,16:14:16,-1
32077117.492868274,162.55287831220434,16:16:26,-1
50744012.539022736,19.47886140799988,15:37:53,-1
56390579.22573373,106.1300444034197,15:45:40,-1
40596742.54112759,351.75115624679245,15:30:58,-1
33286727.51772928,342.8271054771428,15:36:58,-1
43132908.67679546,35.73155835749635,15:30:04,-1
44515277.65194586,147.60572988848952,15:33:24,-1
80959774.81929898,257.8184911632054,15:31:21,-1
37110072.38010235,19.652888720932893,15:26:15,-1
3701795.9931286857,192.8861619467499,16:20:10,-1
18189173.72922652,57.753621725555575,15:29:25,-1
29772531.71448161,54.1248929873564,15:37:04,-1
51733522.46428427,9.126617965988297,16:04:50,-1
52733443.138076544,170.64423800414684,15:48:03,-1
19450042.48312853,44.65446335553859,16:17:55,-1
75421642.45621674,260.9373790974989,15:25:58,-1
46568350.12441101,171.8156485606864,15:51:11,-1
18203777.743261736,327.784502231772,15:58:03,-1
28309510.852663487,73.08132658414272,15:43:29,-1
18808842.32176406,49.277101735211694,15:26:14,-1
77705801.51211628,168.24642316183483,15:34:37,-1
26492910.756106768,193.97369921287657,16:23:11,-1
44611105.98496364,104.42776398593142,16:18:44,-1
30784948.884144373,8.637995901985027,15:58:44,-1
39856621.82650108,201.949858486334,16:24:41,-1
58622291.18758293,85.15522954439561,15:44:22,-1
21234980.89160116,320.23054727800275,15:53:06,-1
87817902.0716159,111.01138090881074,15:42:19,-1
82666675.38877141,288.2053287877944,16:03:22,-1
70263963.18880272,135.22610587010485,16:07:06,-1
45666892.13690995,48.76361334066609,16:05:46,-1
82370908.81449357,96.56362099132244,16:25:07,-1
27638317.23168544,273.81207066006493,16:23:57,-1
80925345.05079417,313.6082122013773,16:16:55,-1
38990352.48526501,71.63269763019639,16:03:42,-1
44896049.140136726,51.46514551549836,15:55:31,-1
6309029.441020832,243.45771858146875,15:56:32,-1
85433409.10967655,305.7154295145465,15:38:59,-1
89713424.13924156,341.1226944440765,15:51:43,-1
3967195.1326412074,198.87888708128224,15:46:14,-1
20134817.18556265,123.92310908553402,16:19:31,-1
38889517.81245528,49.18509585316724,15:29:18,-1
49150970.850759976,213.44023527030257,16:02:09,-1
73457239.10686387,114.78102919309572,15:27:54,-1
63456677.83684585,349.59884677965385,15:47:52,-1
75076549.10750508,339.74343949622977,15:42:36,-1
6030188.175668264,337.1568052446101,16:14:12,-1
59339218.21914934,143.26736140121932,15:55:03,-1
87474320.26208891,133.03121726394517,15:54:08,-1
75933972.55364583,185.1125958415925,16:13:33,-1
81835988.00467055,317.020337945958,15:54:34,-1
80589623.36220129,338.90124690525107,16:13:59,-1
70576159.23734164,21.494549086185245,16:02:34,-1
57474535.11048663,58.80294648603092,15:57:27,-1
56915259.434161,12.615918772502988,15:26:02,-1
45616111.54772433,310.56213918576475,15:40:29,-1
29511223.779484514,21.658514600729543,16:20:53,-1
5117377.365899284,328.0307254191962,16:19:11,-1
74118277.85512747,136.02215602720253,16:18:20,-1
72621144.64119937,112.79039000676964,15:48:39,-1
73818587.28239779,25.60925705597353,15:51:26,-1
80943913.5672081,24.6138590744904,16:16:11,-1
50566618.808924645,70.87367075950985,16:20:41,-1
51412534.590994,153.82766898011775,15:51:46,-1
7275651.615241101,0.5588513274304896,16:20:04,-1
66677811.37983058,286.3733735871384,15:54:49,-1
76405940.14166296,266.28224103906086,15:31:21,-1
38103433.56984589,104.48060429149204,15:50:05,-1
39865223.7841246,2.486876478449358,15:52:36,-1
21620740.393097557,286.0915867398237,16:05:16,-1
62904293.00392335,116.65657763886804,16:14:34,-1
86214264.39398055,118.8159361954158,15:59:43,-1
66427113.19442263,12.39257050059797,15:45:43,-1
31126644.95724429,217.612923725004,16:24:42,-1
47760036.326186456,225.38326810336275,15:45:16,-1
57305573.74189805,76.5977623549891,16:07:48,-1
60667096.89847042,104.72742855070472,16:03:21,-1
2298442.7933422853,82.0493329944905,15:39:30,-1
36214124.07009024,42.91856717742741,16:14:19,-1
65631849.63875691,4.304461096398522,15:33:57,-1
21556253.73036738,302.8680507836123,16:23:35,-1
33160517.866866738,99.95750417384988,16:22:35,-1
27757776.81341741,46.572560509795046,16:20:28,-1
21902805.590117093,51.34502703565804,16:08:46,-1
7911822.165074981,116.49809836458392,16:19:33,-1
24634789.364625305,141.5258258504532,15:25:39,-1
88778095.11921029,115.8611769769526,16:20:45,-1
78178037.90840171,355.7614427750556,15:41:15,-1
62556459.04678472,185.5995370717033,15:36:39,-1
66497535.8776236,106.9029005133076,15:25:37,-1
12316815.78018476,178.75129991125203,15:33:24,-1
39778386.75382516,300.807597823678,16:20:20,-1
24021178.91630976,197.6611029882621,15:40:19,-1
31659738.399110097,19.39796370977284,16:21:24,-1
40897379.97958576,146.1478182267545,15:51:22,-1
15313127.698981447,325.514114975101,15:47:46,-1
25031344.90099901,301.4011635879025,15:55:56,-1
36283735.38276358,257.4594993853621,16:18:09,-1
61393627.73940933,303.0672434214721,15:36:01,-1
22146909.0146731,227.00205489132816,15:51:26,-1
38930720.89098626,108.75213566821704,15:41:07,-1
8668318.147625403,318.6961323594206,15:31:51,-1
57287051.89671622,354.4366400087444,15:31:07,-1
20254337.856607933,67.15749548454902,16:17:17,-1
89852201.61692019,65.464516921318,15:47:43,-1
4448663.272071875,218.59649702368355,15:27:20,-1
53250864.51642215,108.96922030588634,15:45:00,-1
57159237.863751024,263.5026883622831,15:31:47,-1
5256919.47798366,89.4619270268316,16:05:58,-1
88817881.68063281,153.4817231929764,15:28:28,-1
75793090.8999362,82.62490987348312,15:36:30,-1
62179513.39783284,264.35331349492486,16:11:27,-1
31864902.7722474,97.57089864425924,15:45:01,-1
17395365.65685489,87.1604518992875,16:02:05,-1
65672519.98812413,140.24521370268394,16:09:45,-1
17411185.37652003,47.146726948317415,15:41:27,-1
62776554.80223922,228.74207286923115,15:56:57,-1
55975723.51806305,195.90456278523268,16:22:30,-1
73374755.80975454,86.87514641712441,16:17:01,-1
49180386.31253692,317.1646028746856,15:51:06,-1
5461777.28601065,314.4993208385543,16:12:12,-1
23351167.166381303,211.9123650248895,16:18:49,-1
68096558.18148988,224.7699055692147,15:47:13,-1
21133691.55251293,337.546710415486,15:33:32,-1
39488798.77861951,312.9207763996808,15:27:20,-1
84849680.16437688,332.1005171330756,15:55:19,-1
57290137.92866247,44.07951514065046,15:44:41,-1
80267200.61873883,33.43836467862933,16:20:33,-1
7762273.009703544,280.34713371947447,16:07:06,-1
34774604.118473865,67.88811150821972,16:00:59,-1
28384535.909364626,156.97049927650775,16:20:45,-1
54949555.74985083,241.7958576065277,16:20:28,-1
70167618.72140728,3.523596385680139,15:56:25,-1
29404763.52265367,335.39354897509065,16:08:21,-1
20183789.565212283,76.41362852538781,15:57:48,-1
86390799.99247146,94.08856636683684,15:41:14,-1
79858642.6745462,190.50379366974872,15:52:55,-1
11846890.923249971,210.4762335899864,16:00:37,-1
20775136.499820083,251.15498028929133,15:56:11,-1
18944553.711707167,121.73282485906206,15:33:30,-1
82315105.65679763,79.7291880684113,16:05:41,-1
21369118.44638971,322.8837078789122,16:06:25,-1
55498919.95711874,89.49143385143871,16:18:50,-1
6208626.473630152,180.11697250341956,15:52:59,-1
60582344.016891055,324.9195050853034,15:47:33,-1
46874299.27093529,310.4632577308943,16:01:03,-1
14053904.576285765,144.109855763673,16:04:21,-1
50972929.847735286,97.86394834377832,16:03:24,-1
37218592.49149253,11.827959508465264,16:03:44,-1
74411086.29550159,57.24456807340184,15:28:47,-1
68107988.73709352,224.9918171206025,16:17:32,-1
51911986.058678426,335.01784048497325,15:55:50,-1
71783554.53222688,255.4046273300559,15:32:43,-1
46325896.037415504,117.56917182229432,15:44:28,-1
3396842.333777479,236.0021331233774,16:23:06,-1
59620198.10696979,250.7293317904204,15:50:27,-1
67041952.28401629,163.87900283889127,16:23:06,-1
27273610.470239665,125.15723823318592,15:57:55,-1
26118874.186763287,66.08256682951091,16:16:52,-1
61805547.41230904,95.80170399777523,16:13:51,-1
31691118.662405416,206.12243144644123,16:17:32,-1
20921755.043216407,93.31715807077862,15:46:28,-1
14957647.904268216,54.66968404009484,16:00:59,-1
643298.8437153054,78.28231469747396,15:55:06,-1
68036454.30364646,42.27602821849792,15:47:11,-1
6279637.191664358,175.3863039758632,15:40:51,-1
43581945.86798447,343.5611541058774,15:31:56,-1
42768249.907651,99.89693756882886,15:31:04,-1
20731047.71521508,84.38250094388334,16:11:14,-1
87864562.81823833,193.54175301129808,15:47:01,-1
39936326.48528647,270.42460445840544,15:46:55,-1
83329262.0389346,112.0457424651414,15:26:54,-1
37764497.01757491,321.33422321369983,16:06:17,-1
20422561.518161114,268.462367391048,16:08:14,-1
4562047.350413436,253.97400683964207,15:55:44,-1
51046447.970114894,355.2405324485131,15:29:17,-1
38600778.38479801,134.65916558444863,15:36:45,-1
82664454.05210187,2.4394579044728104,15:26:46,-1
67863607.42691612,23.37249985327301,15:31:48,-1
13098229.865344208,148.00860386446007,15:42:06,-1
56603816.36302422,351.4336388287566,15:59:30,-1
79781934.546282,348.15094953415706,16:19:35,-1
25809529.0647883,212.48947633811977,15:55:44,-1
26324937.346750267,8.633053641022986,15:41:51,-1
49503317.71148084,83.35499323232354,16:13:45,-1
88055533.43270822,153.92652434465754,15:45:18,-1
18520593.735035084,90.195220855681,15:48:05,-1
44408177.0013925,145.09497088355374,16:11:02,-1
72340584.15094261,85.44361872957526,16:21:01,-1
84691567.32732506,185.00004460011212,15:32:19,-1
54296816.94961193,30.974651971210537,16:07:55,-1
4980659.007801055,267.8171562611336,15:59:45,-1
80369186.4172973,312.66701871754026,15:55:55,-1
61766870.587651394,193.3058417397077,15:49:46,-1
68622638.35852453,102.17521345518156,16:10:50,-1
42616014.49235257,181.4046058435661,16:19:37,-1
29813102.79193831,82.4565733977575,15:29:12,-1
14963098.280884532,326.1303999348548,15:39:15,-1
78303239.70816243,346.7501973555771,16:22:30,-1
75397559.08648024,338.909623698536,15:33:44,-1
65837875.4479131,272.0968081125449,15:54:46,-1
12993706.830843722,305.6293986178243,16:16:43,-1
48783542.14767902,11.038897476724546,15:53:21,-1
34733480.117870465,302.3671130982139,15:34:53,-1
42606517.059398524,302.91247713871934,16:12:22,-1
7577477.226846246,88.69276333000099,16:02:29,-1
75018415.95874345,349.4493884589495,16:25:23,-1
46155788.493647486,300.75142816372625,16:23:31,-1
45394097.601884514,88.97779756653499,15:27:20,-1
16577173.832618224,174.9901527839052,15:26:43,-1
52514039.9954464,298.9196286184224,15:58:16,-1
60349926.447176255,165.90105532134757,16:00:31,-1
48670547.22753053,136.9407743123662,15:38:27,-1
49803.36122208215,189.2195557107385,16:09:15,-1
67279822.98778681,158.81091056904927,15:46:49,-1
35525738.846971326,153.294067039241,16:17:28,-1
83538452.65517153,6.6471644404411245,16:16:52,-1
12943174.890764885,283.304489608479,16:08:42,-1
22511108.66476986,2.8528189509109847,16:06:22,-1
42159893.27516444,243.05822821874543,15:35:29,-1
1995287.8517625951,356.962536247597,16:00:13,-1
44412288.37756234,72.50912337052776,16:20:47,-1
36972056.62644535,40.64511488507922,15:39:54,-1
50642787.73843052,273.9366349329459,16:13:05,-1
12145378.818223003,37.84445881298165,15:47:15,-1
10502931.77392234,246.3701405821252,15:59:05,-1
59636320.262288,68.27583718754238,16:18:16,-1
48962103.23626396,35.22598500053285,16:22:12,-1
19847567.130350325,48.88660148597407,15:49:24,-1
69069047.47727838,332.1365584026693,15:59:19,-1
77494805.33515896,150.0413981645152,15:40:59,-1
82076305.11455628,346.24077422954895,16:22:55,-1
86313899.14759845,346.9958388597,16:02:49,-1
43637241.57818864,331.62235362382773,15:54:51,-1
45819265.72777282,358.1052660113456,16:12:06,-1
34241509.56844485,203.6429578251122,15:56:22,-1
29523731.550504927,56.24341466974781,16:24:53,-1
84310085.03450796,45.217101532287,16:18:26,-1
23774236.475398023,269.8076561326136,15:43:11,-1
268736.3393610425,309.6991824087938,15:36:48,-1
16770578.80075633,18.70423914373001,15:35:28,-1
77118957.43677478,339.4324305140736,15:43:56,-1
64107121.42077218,103.47352293215228,15:35:51,-1
69201725.78851293,253.61300891804123,16:17:58,-1
2786497.54824328,48.45783296175979,16:24:32,-1
87910934.96880431,9.242926149665234,15:29:56,-1
45525430.88857074,300.24346600623346,15:36:02,-1
81232999.8069093,182.6967989712281,15:25:33,-1
30027779.887007203,69.45677316209266,15:31:41,-1
61151956.11948319,71.65868233873806,15:33:31,-1
31078273.654691856,19.68313991348573,15:42:45,-1
42271175.820410185,215.5445459556068,16:06:22,-1
3452949.644597053,349.307414804414,15:29:24,-1
40210476.29952451,102.326448870417,15:47:43,-1
47736788.08511685,178.56841235345627,15:29:03,-1
62507485.42751248,358.21655968037146,15:31:44,-1
86078798.32374789,56.27913239436901,16:12:56,-1
66012553.33676241,237.84686384225728,15:28:46,-1
68083622.60412623,65.79025965362743,15:57:04,-1
7029543.844704912,156.79854383481566,15:40:12,-1
61408920.36060868,0.1139848042689539,16:02:03,-1
30232431.792294502,171.61629381578493,16:22:57,-1
85186420.37308463,242.45390910099132,15:33:27,-1
81905521.59029086,72.9135182272056,15:27:12,-1
87248292.94125442,69.5771784497531,15:56:36,-1
36970052.56029931,202.2488904714987,15:27:14,-1
44564403.90512734,152.097516591073,15:46:47,-1
70749316.44555485,232.2435863175173,16:06:30,-1
75773083.6887589,187.57023360364676,15:36:00,-1
45279750.9232894,118.06511351885985,15:30:38,-1
67349734.44603397,287.43729109910385,15:41:17,-1
37650885.965918526,208.52771337688097,15:55:07,-1
53585526.08659018,228.44372548830796,15:37:23,-1
37428285.335497975,142.75670478457127,15:54:14,-1
43177029.8200271,215.3232437494744,15:41:05,-1
18065898.371238925,93.69560961928076,16:09:20,-1
44702309.26918329,311.4222147993755,16:04:32,-1
3461871.8478002725,59.67354566905059,15:34:39,-1
81293094.03612468,143.6902460123195,16:00:26,-1
60405781.58254771,228.8738865152704,15:57:00,-1
57976151.6148587,158.8262794882695,16:21:06,-1
29112059.06290815,255.05251844010596,15:40:02,-1
71246614.25007102,311.41351408347333,16:19:26,-1
84187390.425585,216.30761868639144,15:44:46,-1
49485625.15887904,27.510654304630883,16:10:28,-1
76853418.31977385,17.31363089973193,15:52:29,-1
79316385.69493431,53.14801647823036,16:09:34,-1
49892510.33764847,185.62311325554137,15:31:24,-1
80910527.54233994,325.99444736199507,16:08:01,-1
30861403.17809568,232.11483854553904,16:19:58,-1
38119325.03025536,208.6529744441355,15:59:50,-1
23339541.369872328,292.6544077351844,16:17:32,-1
20935057.34557839,102.4727629878126,15:51:25,-1
20002018.30258691,185.42180526109968,16:10:12,-1
24789811.73046857,146.61303787782526,16:06:24,-1
73734345.31954148,69.0898164403408,15:49:51,-1
10921042.766714914,271.31620092944297,15:30:15,-1
62289185.211370975,343.6960645788061,15:44:18,-1
51989304.21086748,297.44960235628935,15:51:42,-1
35776646.37285884,293.1816397290569,15:39:04,-1
19103616.452468187,312.4730953159258,16:10:49,-1
85215240.30649044,187.2278203067605,16:17:56,-1
63968036.52192044,329.34642493785555,16:06:57,-1
66443044.39006057,161.47989272784045,15:47:03,-1
78442283.45661612,30.973349002132306,16:04:34,-1
34342776.12030791,280.31542505654494,15:46:23,-1
60510537.84740245,14.253754951080978,15:38:44,-1
33216176.683345422,354.8262002860373,16:03:06,-1
58903996.49241371,18.342579737257097,15:56:34,-1
88121335.54417501,319.4323367781044,15:34:24,-1
43893001.66653256,101.13423713537787,16:23:10,-1
74806109.02880837,60.98745860416734,16:23:57,-1
57398401.69168048,196.21476922733052,16:24:23,-1
61391484.9271558,103.02949308113264,15:49:47,-1
75102858.00625193,197.71408731467557,16:13:25,-1
35098832.85550178,24.969641369870843,16:01:03,-1
61828515.41073325,45.32742694313048,16:07:48,-1
64647686.39328999,219.7817489474504,15:31:10,-1
39414976.40503345,99.09705358133262,15:28:22,-1
2344546.815405373,302.0512608689548,15:52:34,-1
44402261.81412659,91.76637884236526,15:57:20,-1
64516465.59806877,248.45047377221297,16:05:03,-1
26421009.550823364,354.32443973934375,15:32:46,-1
24504952.67477384,266.8222225284666,16:24:18,-1
59855650.43865324,237.7393202899424,15:48:22,-1
37844582.33951194,228.27663114264763,15:57:43,-1
78373434.51241617,6.077546080042628,16:07:03,-1
86810831.19982621,160.23151413426658,15:58:01,-1
1800309.4082989723,312.5414287626775,15:40:05,-1
79519439.8557174,62.110323609766645,15:39:32,-1
40566580.26105339,336.35251789135674,16:13:03,-1
67467946.54516341,158.9240812992056,15:43:47,-1
32625728.341806136,191.13810479912885,16:06:40,-1
54436501.47323383,239.4457904241821,16:12:07,-1
35625258.593950525,232.78509595958053,16:07:34,-1
32353518.21145046,36.89337523604916,16:15:25,-1
64840439.37125485,308.4362653261052,15:39:32,-1
22349859.154315203,149.49853073688206,15:45:00,-1
23786327.314731658,211.94771413545604,16:00:30,-1
46205767.51643136,195.0363853699077,16:22:13,-1
54009544.23590328,50.66824134300542,16:11:29,-1
61009731.47596888,283.19294427403696,15:37:07,-1
72318996.75196116,84.27681306079268,15:38:37,-1
72538457.40990953,210.7392200039149,16:09:26,-1
81820050.40063988,190.41749524884403,15:43:11,-1
34845021.66114544,5.442560094745064,15:53:11,-1
44809713.1999989,19.287632463841437,16:11:13,-1
6649491.307861988,117.8879293816532,15:35:53,-1
4070834.590351454,272.9548810866548,16:08:40,-1
74831556.37833808,117.01910810670964,16:20:54,-1
26421868.714856457,132.96417948167604,16:20:47,-1
39519307.24624506,252.15830979275552,15:28:57,-1
19582439.658391938,48.54702124602372,15:50:36,-1
3614082.051604725,33.586352042647675,16:03:06,-1
72001593.03672798,314.7758505017825,15:33:38,-1
40704518.949254215,234.5412340710854,16:00:26,-1
81626135.61137228,233.39971651315392,16:24:04,-1
70969941.82565251,132.28633906554106,15:45:55,-1
67950338.36760454,349.84697748756497,15:28:11,-1
72702061.54267226,295.8986876620804,16:14:42,-1
85698788.07633367,15.875419161480568,15:47:20,-1
66931828.59343641,113.56484466844164,15:57:22,-1
38458173.232549645,294.35454115041733,15:35:35,-1
76595313.76642945,28.151716340415835,16:10:37,-1
50812305.90297449,162.70160570015946,15:45:07,-1
71962408.88302243,138.25155943810944,15:45:41,-1
34313904.697111964,30.85848709175409,16:16:21,-1
78107092.57979952,123.05045591076671,16:18:35,-1
82467831.41228102,28.410140426464487,16:03:54,-1
7767480.020450669,78.16474034525402,15:33:35,-1
23650481.60356231,258.23387478463394,16:17:37,-1
68987117.7489586,92.669442100144,15:30:23,-1
46643914.40147191,269.66014648589584,16:00:11,-1
85544317.36469698,40.22977191199081,16:14:02,-1
40554237.78069219,357.0651240896236,16:24:01,-1
33094670.057081483,330.2208834258147,15:53:03,-1
68237760.14459151,315.0950071626445,16:12:45,-1
34595854.4905747,239.19499019513552,16:18:43,-1
74460170.12726058,214.9297407131973,16:18:48,-1
52814350.21078672,306.6609235651695,16:09:22,-1
61314890.67120565,272.58798084114085,15:44:09,-1
80995750.05601555,355.28795925703065,15:40:54,-1
87297870.98649302,291.52447277639936,16:22:53,-1
19838882.42272993,192.6639234769651,15:49:44,-1
53428136.73179531,128.5003228373734,16:04:50,-1
79725656.32457219,217.04726843018773,15:42:30,-1
27851105.467922725,122.14916905965414,15:31:21,-1
3973265.972812527,89.7944052415347,15:40:26,-1
51300513.2019209,107.85742403764333,15:59:19,-1
82615045.24658611,33.62095419505736,15:35:53,-1
38520501.42912873,329.82462099536207,15:41:05,-1
83439571.40014458,277.09936890122486,15:37:44,-1
28268197.876326542,161.87511842787592,15:25:53,-1
44369306.09725109,272.73111942322373,15:58:12,-1
89964436.25004189,85.16328087790119,16:21:25,-1
11138564.990559038,287.1956509466486,16:15:22,-1
23816199.367479693,270.126884128722,16:17:27,-1
31716793.928097125,31.7190900540505,15:46:47,-1
2154723.3760379385,273.6314431711277,15:44:54,-1
50544967.85065456,297.384845106632,15:59:14,-1
77922074.12294415,258.6294824901442,16:10:04,-1
46828845.90245041,288.7507653097831,15:28:35,-1
42371772.01129493,203.41954446433476,15:56:23,-1
63982453.16165803,140.72616149206527,15:42:23,-1
18904018.435242563,346.4680893404935,16:23:37,-1
15324010.449041028,65.26637627835619,16:16:08,-1
6995675.409612094,311.5862939692916,16:20:30,-1
48171881.09640292,247.951161496524,15:57:33,-1
4644441.8894854095,299.8664975626319,15:43:34,-1
6673108.529627653,307.29709643045175,16:01:23,-1
52652689.82128304,294.5981098583674,15:28:26,-1
89943865.89731951,179.75207616134213,16:10:43,-1
10458355.70837938,129.89157197911544,16:07:13,-1
89549591.5221814,176.58207695361486,16:24:13,-1
89993674.80103754,80.01289509414543,15:40:43,-1
40836115.20291386,69.48168776631137,15:49:21,-1
17964683.587768782,3.2621233012836903,15:28:03,-1
33649994.83919249,216.6776831458651,16:13:50,-1
42458459.16658033,161.1113901468808,15:55:22,-1
24132921.9508576,96.48151847097532,15:49:03,-1
10770869.35398722,148.13588682952118,15:33:13,-1
5702758.855731132,57.96561884251715,15:36:37,-1
18500068.462349385,36.99025601286152,15:39:44,-1
49833514.53554874,268.4028900340893,15:38:59,-1
10731317.283906585,249.9158520857135,15:28:51,-1
83772924.6131153,91.85856755358814,15:28:33,-1
78418081.16856565,251.8402170583269,15:55:19,-1
19178943.755155075,26.81371323450138,16:18:51,-1
16228373.47291649,19.2844631265276,15:35:21,-1
70665376.98550616,154.03739608811227,16:18:01,-1
62682430.78037372,165.3918535663845,15:25:35,-1
4682139.792424091,330.17807146027366,16:09:06,-1
84637398.84546544,38.31578807200322,15:39:00,-1
88831147.67347537,73.96416254051982,15:37:34,-1
37244346.55383352,3.687839328314384,15:57:16,-1
21336442.20956156,331.2800827718728,16:07:55,-1
72710413.82293437,232.8261924117552,15:31:12,-1
52948751.32905096,124.1389253127837,15:46:40,-1
75902297.46327902,336.37614402294355,15:44:52,-1
83682493.52534986,86.4031416731918,16:13:52,-1
22984189.768574134,218.2575754572624,15:31:51,-1
85546439.65153599,9.571707476083988,15:45:55,-1
6039522.890142628,287.9348793102681,15:31:24,-1
6042325.206403467,301.07199372824107,16:11:19,-1
32325659.237022072,57.17212245454847,15:35:52,-1
49244404.40886141,223.3473137167204,16:06:55,-1
41427728.094417065,163.94591196408737,16:22:59,-1
58862424.528907016,195.72539392752824,15:36:30,-1
41649683.6755359,191.3195709079434,15:54:26,-1
8810607.451114573,299.62078142943056,15:28:17,-1
61483006.76568344,191.94078299007555,16:22:16,-1
67654623.91619253,54.32089299919526,15:44:42,-1
47565072.0893736,177.13639738469604,15:55:17,-1
51683438.16682414,180.73710474978915,15:27:20,-1
78350204.79812016,350.4886514003023,15:46:08,-1
37390536.49442312,240.72024998229688,15:29:29,-1
33986711.34228902,214.18899517137356,15:37:59,-1
26629976.106097337,309.42485342910464,15:58:56,-1
16588148.00802639,41.58567848374396,16:13:12,-1
28763224.103118263,186.41072767130595,15:59:07,-1
2463075.773184793,43.688588923334414,16:18:51,-1
178364.36293674604,94.92225967442988,16:19:17,-1
11096705.101152604,17.0802625160518,15:28:32,-1
70977833.63602018,163.94070152102594,15:47:19,-1
34433666.516088106,259.85372980429725,15:42:00,-1
9065309.073306412,63.79419477754472,16:00:54,-1
84021378.59869315,7.902653353932165,16:21:09,-1
72571825.62666114,167.51367451256198,15:42:19,-1
58075334.78922528,131.86057369172505,15:27:30,-1
84355823.40257166,221.901114806818,15:30:12,-1
32207207.51112781,18.572056095594974,15:38:14,-1
69986538.86646134,70.760220628114,15:29:19,-1
357642.46490750933,335.4085825224948,15:55:45,-1
34690084.00481166,264.2107648067234,16:09:19,-1
77812969.46921572,262.6702707948547,16:04:16,-1
13590590.56444513,183.82284393757533,16:00:54,-1
84106244.50680092,87.44505330101597,16:18:51,-1
46642454.02718936,191.0232858436724,15:34:54,-1
70351978.45865564,134.50119842675923,15:58:26,-1
56854594.78640696,220.74876214111575,15:45:46,-1
1403964.9511141707,118.04841662453588,15:51:36,-1
46937400.33137296,8.173969861207171,16:15:03,-1
46115836.60836812,239.67321893168983,16:21:44,-1
48962701.30696341,80.87768364439532,15:45:18,-1
11993391.08765659,208.47673666228732,15:41:54,-1
21612924.363720853,4.622048935522178,16:13:18,-1
79737639.23648778,129.32156673668803,15:26:46,-1
81022648.68754016,13.665410780891497,15:59:26,-1
39295374.40528921,349.6679644416867,15:40:50,-1
86741661.7968881,32.64796000917456,15:39:11,-1
64508649.44577563,200.4648815119152,16:21:13,-1
34069120.38250774,283.8940432482348,15:58:20,-1
19622664.672049344,198.3628581087713,15:55:42,-1
37026868.60843054,214.71476020576333,16:14:23,-1
23686757.47481791,5.000546978824336,15:31:23,-1
81018332.25333387,32.95743318189552,16:19:34,-1
19020163.367319666,140.30812973825834,15:27:59,-1
87184320.14735119,224.263714707607,15:31:05,-1
7947326.399681772,116.87010760206076,16:04:02,-1
52174078.0813741,161.5290511091629,16:16:12,-1
418321.8388065255,331.0402757819047,16:19:39,-1
75440673.77686173,263.24912721063765,16:10:53,-1
14260910.252576556,182.6511260027591,15:40:45,-1
3322693.3943488197,337.47263731109604,15:28:57,-1
88406612.08023852,135.1885264106671,15:36:01,-1
65907959.26913431,32.87167346282726,15:57:55,-1
77980690.10209383,23.843419761589853,15:37:17,-1
53796627.6434442,342.38725634704605,15:54:11,-1
80259875.04355055,293.6197669846154,16:06:28,-1
8534927.329941941,281.7787685203723,15:43:51,-1
43227051.38584641,141.51129396442377,16:19:51,-1
7319909.07122428,98.19988733376246,16:11:20,-1
69516746.81616624,24.62899547501877,16:10:51,-1
30610556.69289119,275.964816094607,16:12:35,-1
1511509.4209445792,294.66822142009966,15:59:02,-1
14682105.717866568,299.75255564832827,15:31:14,-1
75779249.17361371,348.5486351089704,16:11:05,-1
79351335.78138128,13.824028383949988,15:29:22,-1
89042962.44729427,149.0836674204644,16:01:27,-1
54035437.699449085,303.6630617792082,15:36:49,-1
4720536.449633618,132.2049678046562,15:32:26,-1
6156996.277685516,65.22320207531227,16:22:52,-1
1835131.6815998207,20.08496957701931,16:18:13,-1
1870658.515218972,243.48690459516905,16:22:30,-1
80119594.16635744,349.5525719539427,15:29:20,-1
42033932.19016173,284.1512796360919,16:06:40,-1
89421198.91135408,269.30289524878185,16:24:58,-1
36587787.38262196,259.5778982157112,16:12:48,-1
24084436.00129915,326.0575870937663,15:32:41,-1
6925292.651760777,116.17868151687692,16:07:48,-1
81106480.38854875,24.842470471323296,15:50:17,-1
327215.29066692246,164.2322760258641,15:54:41,-1
34849335.49865288,29.07744389010372,15:45:03,-1
41549202.76737344,353.9716462847683,16:16:14,-1
66606452.23016311,151.53616948488315,15:40:16,-1
76863834.91496868,303.03507469424017,16:03:54,-1
10542193.801414369,58.33604000080675,15:43:52,-1
46431053.81012191,42.94888459497545,15:25:53,-1
45090131.83105653,123.45907139265113,16:10:29,-1
88492145.23297517,179.14111496918645,16:17:56,-1
47446586.74495924,9.00178657532373,16:08:38,-1
9466203.559000172,34.91007875374189,15:49:57,-1
52486506.65871507,219.94693705243745,16:03:02,-1
42850754.85641743,207.52019440763945,15:26:47,-1
50026362.7034708,266.8600288136991,15:49:47,-1
7091288.787251697,88.94187409148141,15:42:53,-1
76443741.66618255,89.56863333385868,15:30:57,-1
62128663.86652086,51.99893903036039,16:14:23,-1
83181258.56508505,240.1892940528395,15:54:54,-1
2874758.0935029066,63.97392006377956,16:01:02,-1
13288132.533807017,240.9902486476728,16:04:09,-1
6400474.435448767,56.08823632200578,15:49:15,-1
63801858.90152871,18.98856249166254,15:56:39,-1
66451871.94378762,308.6822691045742,16:16:33,-1
60971105.3611156,311.76401333794945,15:54:59,-1
83538621.68121898,196.075193963062,15:40:41,-1
71740058.95838216,346.01691842615514,16:16:39,-1
73858373.85579829,133.23421780652356,15:54:38,-1
36973808.464400135,66.44931988778913,16:08:28,-1
78810632.9254338,169.36142079326456,15:29:10,-1
12738363.94625276,245.8526836898856,15:52:20,-1
38168828.62970632,23.210429267532653,15:57:52,-1
62811923.814930886,332.02142253113385,16:00:35,-1
40253670.81780072,59.10658499349701,15:41:08,-1
49999891.07906068,282.1514404276807,16:14:52,-1
50783185.5632197,97.73902328076638,16:06:16,-1
26480493.82500585,221.3427146242052,15:32:53,-1
70843862.8281459,80.89433086874958,16:08:21,-1
52321065.95260717,311.42679536831906,15:56:14,-1
38988603.4490918,203.967631545298,15:45:55,-1
84616520.89478722,237.89125340632287,16:02:34,-1
25233962.45618897,174.8784836258905,15:38:36,-1
5971000.940101058,105.31323369810752,16:15:43,-1
4020910.6549893487,183.52014048325827,16:24:50,-1
74819358.2761434,64.28578190176925,16:02:57,-1
48427993.627201535,350.01641622996254,16:19:39,-1
46703500.15353019,253.8193566009712,16:23:58,-1
73192071.42977446,81.54876743205477,16:03:47,-1
72123225.05822858,99.38367315138136,16:08:08,-1
46014847.59030117,230.9238792335542,15:39:04,-1
14508248.96718655,208.00650033892077,16:23:20,-1
64523471.440236285,263.83094513805685,15:58:00,-1
1806092.804620677,97.9620504569035,15:39:08,-1
10369996.135215567,104.83119176941184,15:40:04,-1
71983920.76673537,331.1652857183785,15:49:46,-1
40658296.94274878,100.08143342315168,15:49:39,-1
37729005.88082173,186.22076261929843,16:20:41,-1
32272695.370067827,348.79932826366087,15:41:01,-1
60498525.2942384,232.08167896371944,16:04:17,-1
27054748.9637868,327.7383740015918,15:42:16,-1
21572072.267234944,162.6083950748781,15:52:13,-1
28116074.01767311,287.7471896287048,16:06:22,-1
24076269.042003334,165.53272248825192,15:46:21,-1
5448221.088642278,171.28925111484065,15:25:44,-1
74604846.05388068,332.6757454889854,16:16:46,-1
87272067.6262578,53.32594020452726,15:59:57,-1
42982420.936050594,124.88444370841556,16:05:41,-1
426037.269626892,78.6126484208099,15:58:07,-1
61166433.56339837,157.21789541320868,15:55:43,-1
34053624.52581352,100.49074590911609,16:03:46,-1
35408175.17597638,141.01904190484245,16:02:14,-1
62458580.62171066,151.6815394513087,16:24:15,-1
86665502.78305829,55.986093417399005,15:32:34,-1
62724562.13890191,25.05489545678271,15:48:25,-1
55830087.79543969,273.8133253842709,16:17:19,-1
15741978.174016654,48.03192210342869,15:28:04,-1
87800764.73044866,260.6775773905756,15:55:36,-1
69835468.78425837,280.1819414822503,15:54:23,-1
40237414.0892534,229.79864126415032,15:54:27,-1
32325439.211050257,328.59727940841697,15:56:46,-1
47369915.92560334,8.288160470468654,15:44:18,-1
54006162.98159111,338.1104959873291,15:34:32,-1
66064014.84368146,257.70276341011936,15:33:01,-1
53644839.58907177,190.67145109248105,15:29:19,-1
60015694.38764941,5.554520067219824,15:49:30,-1
88410130.2573263,15.67392218332778,16:06:35,-1
68215927.39172597,359.3526273171056,15:26:04,-1
37957821.30378956,92.78023710111924,15:47:57,-1
44124662.416414745,273.9865888302494,15:46:16,-1
88805933.93013188,146.33942234902054,15:43:18,-1
36786055.67735393,59.05865589250756,15:42:05,-1
79712141.44350785,118.942931478874,15:58:38,-1
40471943.00638688,214.82999335366029,15:44:33,-1
54354636.87497622,82.4676689757707,15:28:41,-1
33966496.412167974,94.176214265993,15:58:32,-1
17713597.627118833,353.9596725537637,16:04:31,-1
78545908.643956,16.032645069084023,15:37:47,-1
72413396.23993671,204.3255104704147,15:30:13,-1
60190901.70084144,120.43404292873076,15:55:15,-1
63384461.14964853,17.177530127442203,15:44:16,-1
34982790.009676926,272.0124337810672,15:42:12,-1
30331977.403430887,170.4286496221743,15:42:21,-1
86296704.56207919,16.683977493899643,15:47:18,-1
76313093.19486089,315.3786449457168,15:48:10,-1
22364252.73057061,87.40280061426009,15:58:16,-1
7671600.738053221,199.584871741604,15:44:02,-1
83738001.57629544,32.33403125861593,15:48:43,-1
75479896.96323857,346.23464308798737,15:51:05,-1
17737426.476616375,199.4375677198649,16:05:01,-1
18344828.671717484,265.3354206400769,15:27:48,-1
63573885.11974853,334.6118562840036,15:40:43,-1
25129041.620683186,287.7102852001463,15:27:54,-1
20761118.10049493,82.00242185732459,15:48:29,-1
43143490.34945568,303.6851625879083,16:06:56,-1
70979450.35992256,208.0624828161623,16:00:01,-1
73664053.84965588,158.55295619043412,16:18:47,-1
46598519.81608012,99.2571913758005,15:49:21,-1
25458673.61109833,35.74398184781576,15:38:27,-1
25495582.33916248,235.4632141752691,15:59:36,-1
54657379.96661224,43.00197679248823,15:55:57,-1
54838388.5305441,224.74065214766995,16:21:32,-1
83770100.33251497,250.4918296173525,15:58:29,-1
43065558.45083492,65.18289884391395,15:58:09,-1
41707576.713272296,117.73099868611338,15:29:16,-1
85383035.22656536,188.19621725840577,15:37:10,-1
56815799.5115308,340.0609025691708,16:01:57,-1
45498902.19613963,128.83270209569343,15:48:10,-1
43925885.95414177,166.70856953306873,15:29:38,-1
62319554.33933847,34.600914702467065,15:52:52,-1
83793301.17521392,199.12190491403732,15:53:15,-1
26589042.339485355,192.211341050076,15:31:47,-1
39057882.86206081,124.23036926663082,15:26:22,-1
79655809.14043385,354.5737808574441,15:33:40,-1
31190176.331443302,50.48920381800238,16:10:22,-1
41494600.87003865,156.31704130095835,15:36:58,-1
87952072.4027878,94.16028363518828,16:17:21,-1
32762158.318558898,54.52881670682908,16:11:42,-1
62149753.83220333,310.00968409356045,15:29:50,-1
17127045.591910932,305.5477960449406,16:03:17,-1
14206430.054531245,308.6214567653707,16:04:00,-1
47388601.81106436,67.49093004073261,15:38:52,-1
10874958.004781332,147.84026670327586,16:19:13,-1
88749370.06397545,66.30378383240217,15:42:05,-1
37581758.18325429,153.03738262092418,16:01:54,-1
20318332.97176037,305.4066115529055,15:59:04,-1
20635412.525531635,299.2048959790412,15:43:53,-1
33892393.68701444,353.4227345226672,15:31:30,-1
11398641.521374129,125.4139359653262,15:41:16,-1
39827944.90491765,117.57905841377196,16:07:28,-1
35522151.69467483,85.72177228115541,15:36:47,-1
66562996.402381055,256.2699565779346,16:01:23,-1
23408693.31499994,294.8072570777692,15:45:06,-1
29602545.85329844,296.3573535499758,16:24:24,-1
31565459.794076446,347.7020914940964,15:50:17,-1
75748630.31762053,109.56728608669926,15:44:55,-1
78911703.91943224,307.9219057163286,15:35:10,-1
33572955.55487542,97.21502078614805,15:36:35,-1
54745527.73322619,129.0448185541929,16:22:02,-1
76104383.9127337,328.4290451410679,15:44:20,-1
54669326.42714581,29.950499509331024,15:55:38,-1
40921956.14079274,78.3766101079237,15:55:38,-1
78481477.884418,109.02258482046744,16:19:51,-1
2416365.5135697974,315.8522848861048,16:08:34,-1
30092108.15232928,127.57077441120065,15:33:01,-1
35573806.29925092,161.05124986664737,16:09:38,-1
4782744.53986159,290.5825221900948,16:17:00,-1
46038447.29670863,194.9517296012291,16:14:58,-1
11947929.463814257,191.8932659486622,16:04:22,-1
50649715.02435969,336.8320276632142,15:47:50,-1
35547696.97008825,309.4419252920911,15:41:04,-1
49104561.36554189,30.363707122162698,15:48:30,-1
64072275.24703501,88.28279323174442,15:49:14,-1
70597572.69681408,220.9927785734221,16:22:06,-1
75285159.18200277,307.3901204032204,16:22:34,-1
14906534.745867372,261.9392210667665,16:21:23,-1
78988436.2442258,175.8874949244481,16:04:06,-1
48419120.85123162,350.21738524611845,15:55:42,-1
57107108.02509307,316.38752307435846,16:15:13,-1
65660257.41707646,89.87729785341996,16:14:01,-1
85671674.40264574,306.28240173633753,16:11:23,-1
10383926.79032697,214.64410462422444,16:02:31,-1
42871019.66454194,262.8848489326728,16:07:08,-1
17988712.277206495,213.6984090832568,15:36:43,-1
40550762.18516916,135.86593482681212,16:04:49,-1
33382718.12116293,72.10615098008044,15:48:31,-1
66883972.99790485,234.0358092664802,15:47:34,-1
55262414.11580947,285.7319241435369,15:25:49,-1
4600462.127280755,146.28129638363248,15:55:59,-1
21461845.64592268,41.85550922325267,15:59:53,-1
46351335.21838529,81.75993977610894,15:38:58,-1
29043133.60681307,254.28590363085783,16:04:08,-1
84201505.02737287,358.169616628687,15:50:47,-1
71940097.63897206,65.11073451092506,15:42:26,-1
13348632.4801933,63.1215240821158,15:48:48,-1
22189932.03802693,186.88312769400036,16:05:29,-1
51348529.326740734,286.2295913230974,15:50:49,-1
76568789.01008321,258.15858208293866,16:17:30,-1
11299806.841676287,316.60384608853434,15:54:04,-1
69318941.13831465,305.548135409623,15:29:46,-1
56345579.86077556,40.25458427870154,15:50:27,-1
53438993.35995488,243.27030479867545,15:33:37,-1
83966980.28241083,305.0234583810497,15:32:38,-1
24073956.85787954,200.18200155156643,16:04:30,-1
24265516.51204324,198.9710368384368,16:13:58,-1
60533047.52104135,316.321294961042,15:51:50,-1
30445638.22080421,313.63646245123925,15:53:08,-1
17013411.91705438,291.3795178942235,15:53:55,-1
71355005.5592268,139.16653039120192,15:34:24,-1
31158413.236858606,30.00581224268716,15:45:35,-1
82935863.19413938,13.105091152742316,15:47:58,-1
33452949.90882121,324.5137217577146,16:07:38,-1
18031215.878670663,174.93301316852612,15:56:41,-1
36159764.73616974,179.35956399223392,15:25:42,-1
72851310.24666294,146.89205288694183,16:23:42,-1
11402143.909622991,155.00142780065363,15:46:24,-1
50185448.37000392,106.56444319407612,15:34:50,-1
2420539.113680939,268.62080351561406,15:45:28,-1
81219101.34539261,47.53389480278144,15:31:23,-1
6589551.370179567,331.4477607756014,15:39:47,-1
4247677.661018091,191.70549950981808,16:16:03,-1
58750079.30575222,212.07246921539755,15:37:05,-1
33568894.77135626,209.3786370810329,16:20:37,-1
37575810.27955555,144.00898761315787,16:01:27,-1
27764454.895611536,260.8215115739224,15:41:08,-1
76800801.2848361,254.9184266534171,16:20:34,-1
67473956.04080826,280.31582960599525,15:50:30,-1
52915664.551621415,294.06100096095616,16:09:56,-1
30270369.129563376,179.2356652931932,15:26:34,-1
18120229.96664409,88.34084380249031,15:29:30,-1
67474653.33382766,318.6123175221751,16:03:13,-1
5075199.508052956,14.21525656842119,15:31:11,-1
88572224.78251149,49.19716563614328,15:46:58,-1
54171148.6134429,181.24110514886368,15:35:39,-1
863697.6003133251,174.2206912184612,15:44:07,-1
58843636.4712011,13.274943952902952,16:20:09,-1
17365476.673140094,268.09157145312173,15:37:59,-1
73360582.47859217,164.2756609844904,15:52:03,-1
78377871.79186153,211.40213119662613,16:10:56,-1
12368622.886785094,85.57919972562789,16:21:06,-1
51159756.124038965,237.6296527627996,15:33:26,-1
82147094.62710668,265.43713593929624,16:02:15,-1
44339863.71233989,99.37808828080048,16:25:08,-1
6630042.817489041,174.32734165252137,15:58:38,-1
31761921.4624627,163.05648813490816,16:14:51,-1
5420107.869076161,131.00969867552362,15:39:42,-1
19433457.693964623,188.0680722120336,15:46:26,-1
22971991.9244779,253.41282181237975,16:09:54,-1
64325662.02552621,129.4005397181007,15:34:41,-1
57678064.77965847,35.365079252965536,16:19:29,-1
49935362.72723327,95.28549718292288,15:35:30,-1
14069502.856843626,274.34371065250366,15:45:30,-1
73310884.67717235,167.9648012079049,15:27:23,-1
27286920.14826435,135.74596646959452,15:46:26,-1
66256100.46977966,246.3667192210665,16:17:57,-1
76488326.35621823,185.27050060722155,16:11:12,-1
2739728.1362694805,204.3278153744888,16:21:14,-1
48299052.42340951,342.49659493739034,16:07:14,-1
49398856.351099536,120.97679279147964,15:35:46,-1
250258.49298886704,313.950970327364,16:05:47,-1
18468026.450363103,286.8942391192121,15:45:51,-1
1145374.7956607156,124.53374364884644,15:52:32,-1
22865545.63580873,207.37055549245787,15:52:30,-1
73661433.05009481,129.46953642804877,15:59:04,-1
83503339.53530225,93.95813244459708,16:19:06,-1
2996661.219824405,31.95817655515027,15:55:26,-1
58729351.86568989,46.35115976885248,15:41:29,-1
17851925.948779155,162.1584744049107,16:15:38,-1
57903726.04174551,51.870555255921126,15:39:15,-1
45092401.42517924,340.0935592586719,15:52:19,-1
23103273.47305963,114.82894851477158,15:38:41,-1
34388831.1299048,300.35289813443313,16:24:21,-1
71053397.37597866,19.056922378493965,16:19:05,-1
40826344.90023382,191.48812183525143,16:17:54,-1
20133664.745202165,51.72121648914536,15:30:48,-1
16994167.989002164,146.9786712471313,15:45:16,-1
53181446.52967963,333.16079595756736,15:39:27,-1
16841440.39296114,52.13393381254582,15:59:02,-1
37502575.89348105,27.789595641624626,15:32:59,-1
55080633.59677734,319.32310984644,16:11:56,-1
73038323.15604241,197.1756245593637,15:48:55,-1
48383732.41646994,180.6400620005892,15:53:20,-1
38162636.274306975,219.87628551675203,15:33:13,-1
70144670.49231745,87.12268198672362,16:23:36,-1
41227282.75902898,223.33338808372343,15:30:58,-1
9973612.507657476,229.9779012094796,16:21:25,-1
22910965.13718088,347.19892035380843,15:53:17,-1
38071632.91472956,0.4779775980884082,15:29:23,-1
77992926.29574917,91.7196988580087,16:12:12,-1
19996156.932834648,194.9282762411645,15:40:46,-1
48479390.86784792,86.40829440426994,15:52:39,-1
87375685.38187459,4.298010301662143,15:27:18,-1
38116882.44879504,63.578218197585166,15:28:25,-1
47320732.91112641,249.53115625115257,15:35:11,-1
59103242.19875697,134.65397149420593,15:29:00,-1
43735686.16155352,148.54214594215304,15:42:48,-1
19992067.61704904,258.6771160576196,15:41:59,-1
37210364.99051133,154.56776106110158,16:06:16,-1
9937156.000406496,219.30454026732903,16:05:02,-1
22838195.61740024,79.55957684792237,16:01:30,-1
35790528.930107065,121.36957226292336,15:51:51,-1
18428167.04458564,126.38986099022178,15:54:31,-1
24847883.44283096,212.68411711665647,15:53:03,-1
27918324.996284317,192.67812457651132,16:21:05,-1
89569385.92371844,195.90672392912649,16:08:38,-1
23651914.01895896,126.55728241934372,16:08:44,-1
42642350.4155006,251.274636867643,15:28:08,-1
52707164.20549449,50.91614054150514,16:19:52,-1
33375152.759236947,234.314894942812,15:27:21,-1
21703280.007154334,307.2671797265961,15:32:15,-1
23951633.494197022,13.311329119925784,15:49:28,-1
80771939.72743906,257.86228309868426,16:12:06,-1
78555304.10060208,63.26766180998754,16:19:48,-1
76841845.95792976,334.0263040953434,16:13:31,-1
4878230.502600538,152.32190884415786,15:29:11,-1
84509396.11291271,129.1103104968331,15:43:35,-1
60517103.81093615,61.71058462128158,15:37:56,-1
69122457.08741897,267.85058761680733,15:26:47,-1
7493754.131583246,0.8141219000114219,15:55:49,-1
65356573.65620561,39.74398188287362,16:22:42,-1
71871417.87177603,127.85831948708332,15:52:49,-1
72010181.64164719,186.88080052296397,15:34:35,-1
14163225.671296138,200.13802830120653,15:30:08,-1
38374489.29180424,15.728954204972757,15:51:46,-1
38390441.63655587,33.95765260785176,15:47:27,-1
1053065.112012031,112.36585273970404,15:31:08,-1
2350832.4872892248,344.387027449596,15:57:00,-1
34996578.07292759,142.08195546822893,15:30:16,-1
84672544.10754976,216.506381495598,16:11:13,-1
64249484.84096192,307.2055361913143,15:50:28,-1
37374638.01230804,249.8974139847279,16:18:49,-1
5902868.690200342,144.46200812872448,16:03:13,-1
20559557.031566136,140.72014671140545,15:43:43,-1
85096806.12158394,188.92676948761064,16:17:36,-1
46273552.30250972,355.6574446591085,16:22:38,-1
66317067.59966606,164.32886254757506,15:32:30,-1
57060051.76562713,70.01964207545345,15:56:48,-1
74422030.655325,122.8061551195554,15:41:07,-1
2136661.6984738302,19.215044371212567,16:11:01,-1
28891978.068230383,111.705556416225,15:34:11,-1
41517348.16096672,115.68054752100292,16:21:22,-1
20428129.78225329,195.08150087684584,15:51:08,-1
59147390.59870021,179.1342136454694,16:14:43,-1
43549024.52941552,299.7549229712704,15:28:59,-1
15974294.394979931,303.0480694437913,15:26:06,-1
58938983.97986792,28.057694761164672,16:00:09,-1
27181949.2985153,54.14668462240797,16:18:43,-1
88475805.99926582,208.2631534079281,15:56:23,-1
27248309.0365393,319.255647239633,15:44:50,-1
15423010.285800995,167.238238996646,15:31:10,-1
23852767.25701487,354.8387801170656,15:51:08,-1
9433035.077639936,171.54322873510063,15:44:50,-1
10797163.640661707,92.68637884952877,15:26:50,-1
31954578.28829136,344.8521055338788,15:53:52,-1
85255803.82072933,147.0907667968814,15:34:21,-1
67724919.10445501,46.51154085483783,15:53:43,-1
80738273.66217414,252.6296351980569,15:41:43,-1
28369827.80606321,71.16508661389392,16:23:16,-1
35142023.43864045,201.88254199169668,15:46:47,-1
19876095.73412684,266.5188184764328,16:12:10,-1
76551406.05521448,140.31638104567514,16:13:11,-1
17202945.37838418,358.8623543703815,15:42:59,-1
994766.6430673504,196.2076374273491,16:06:49,-1
46270943.121920295,164.9086923172287,15:33:39,-1
53038077.62510055,167.93246362303947,16:19:51,-1
72801016.9361315,213.350089546262,15:42:29,-1
16247906.166889202,36.330049114371725,15:25:42,-1
39418687.319862165,99.20432989922531,15:49:59,-1
16421934.05715525,40.28604866489137,16:08:10,-1
35646011.68984931,41.74133297580149,15:42:03,-1
37456348.03573907,80.06878777609843,16:19:49,-1
17712099.35698847,318.42499924480273,15:41:26,-1
36498906.56381812,202.9495301989164,16:16:06,-1
37115485.42897642,358.16099510034013,15:52:19,-1
22520158.10801673,176.8239106088567,16:10:27,-1
46075485.56258144,205.11427581173103,16:16:23,-1
20816685.752577197,101.73792450178868,16:00:59,-1
62373383.76283028,241.55203649852672,15:34:13,-1
731971.3727701299,69.00657900738966,16:01:10,-1
39495092.52089103,149.078576442241,16:10:45,-1
22015922.224293277,4.896584292471506,15:53:19,-1
54086180.61365011,20.347874487642024,15:38:31,-1
60539918.77102115,193.8957426723848,16:24:23,-1
35258143.613142066,349.39321948244776,16:25:18,-1
1602356.157325794,199.84046555939096,16:04:42,-1
39189157.79152235,118.39876678220335,15:44:02,-1
62261284.70864162,273.4388907576637,16:13:56,-1
5352983.735218798,329.6821350642373,15:34:19,-1
21163933.396085683,286.5353701980607,15:34:24,-1
74951830.8211641,225.57760279554785,15:37:23,-1
81468193.1749548,237.63957774576383,15:29:48,-1
50318908.79004021,244.00322241581617,16:14:10,-1
89552679.9732491,237.67362226542056,15:34:47,-1
81415350.06986918,18.063522736660907,16:03:03,-1
21252798.158058893,155.3374776195035,15:36:45,-1
69597687.69952454,202.1305709021244,15:50:51,-1
79642241.82624337,232.063882989855,15:44:11,-1
9385786.477466336,18.675882196932108,15:59:00,-1
40733973.36288153,258.4434396670767,16:12:24,-1
27269537.3775068,171.1234114286378,15:44:36,-1
76759881.57917279,40.14984289969603,16:22:01,-1
61432417.76526773,230.90412960152972,16:21:42,-1
69634186.66145787,195.0735851623249,16:17:10,-1
89118072.56421044,91.39279346112028,15:27:51,-1
1421768.165132607,211.41319368297383,16:16:48,-1
11936253.114065668,65.99523176467531,15:29:23,-1
51080024.47924558,66.54335991764086,15:29:18,-1
85164178.59084682,165.3833537820137,16:10:41,-1
9464082.75137274,37.463573018274815,16:14:23,-1
57840771.56172293,58.56093588508869,15:58:23,-1
36790679.79261463,150.1467029538819,15:39:31,-1
37538832.185055904,174.7043389853652,15:30:14,-1
68776392.14868791,276.60278372423494,16:02:42,-1
85742786.51578805,322.7832095358916,15:46:02,-1
43164621.96455092,197.806237880682,15:25:30,-1
57730076.39976913,176.69974577111992,15:56:07,-1
77627182.34960145,190.11313154270223,15:39:43,-1
51129720.88686889,121.1553008875366,15:52:31,-1
22342106.49512469,165.76114488888797,15:33:52,-1
35365972.300601274,222.5461429125187,16:20:41,-1
40943282.054512,135.416364747809,15:34:16,-1
80129865.39577262,198.57258113635723,15:43:10,-1
89692821.95624381,262.1217855614091,15:45:56,-1
83701576.9344266,190.64663354082785,16:00:06,-1
14925334.973132892,89.87375897576892,15:28:17,-1
43691912.48218428,242.2858100191133,15:50:23,-1
41876842.12712031,138.73032074086433,15:29:13,-1
85692731.51504494,51.90807140063142,15:35:40,-1
544725.7288486016,351.727410219909,15:26:11,-1
63587272.02472765,262.69504648187655,16:18:43,-1
46275298.132889725,283.2236416726908,16:07:38,-1
69847784.23096085,332.2056385542011,15:40:51,-1
45874187.85668386,111.529687876462,15:57:12,-1
9345121.789614435,37.665243329114766,16:18:36,-1
48925759.97584733,345.5950530558786,15:54:47,-1
18090537.68851804,340.6169684717046,16:07:09,-1
16846728.79628322,227.64963560958037,16:23:10,-1
76968939.34866656,267.82158693970126,15:51:26,-1
42448147.83596559,13.522499312218788,15:48:42,-1
55630177.64844924,126.04924384168444,16:07:41,-1
18264718.848019555,99.26920066373113,15:55:47,-1
65319379.75032315,54.38316560546242,15:58:06,-1
72424478.70154007,135.67254343582815,16:05:44,-1
39065154.98459546,112.9104660956237,16:09:28,-1
47299980.25718215,314.1387185958582,15:58:42,-1
23562299.139032308,157.02073205512565,16:01:52,-1
71266595.48858804,182.02223684301975,16:03:44,-1
24161255.76639328,274.3890585744513,15:58:54,-1
33765670.56603393,270.6045195921499,15:59:59,-1
64465348.74562237,264.4022681092323,16:09:52,-1
83133849.55157745,305.67284600441326,16:13:57,-1
48810756.97206773,68.83877159603584,15:39:18,-1
88961920.4664324,321.0139328148388,15:27:18,-1
31513187.481436227,31.65982354986547,16:21:12,-1
30740087.6821576,71.8529213378573,15:56:00,-1
79195106.11448568,66.30742690880736,15:56:35,-1
73053145.83650486,275.73913344859426,16:24:52,-1
6391149.785480159,72.44613419194442,15:53:41,-1
15830640.313160405,36.51525702088163,15:25:34,-1
5948134.201091179,294.477681911448,15:44:06,-1
26426197.1981778,153.98234739876804,15:43:00,-1
78475470.04925317,274.1957511363134,16:01:48,-1
25738988.536951933,277.89090368838623,16:02:43,-1
65852887.14966068,153.1095182519306,15:41:24,-1
38513557.24222304,107.3067234968666,15:34:35,-1
62484793.96003821,15.551028504831931,16:09:19,-1
16425701.456393933,248.2560506869714,15:37:20,-1
86685800.42557557,245.63251370593983,15:37:11,-1
73906415.22798191,195.7023386906064,15:38:09,-1
7301282.323029348,134.1971647354404,16:17:01,-1
30975123.97433418,112.47755799247088,15:51:49,-1
14190964.618285138,114.74362401253612,16:14:31,-1
25690331.468727145,214.42237708598967,15:36:29,-1
56369831.3109918,300.95531031016714,16:20:21,-1
58387347.05726569,198.18296165217495,15:29:17,-1
16180946.66128287,22.798284848694024,16:03:44,-1
79778649.91557865,241.4844308018604,16:20:47,-1
71573259.4197047,160.56123386280242,15:40:39,-1
59764135.39470719,62.1707469390095,15:45:57,-1
77182873.6639277,209.7814795699419,16:02:16,-1
70034179.06106454,187.160413880459,15:33:51,-1
69726067.28734502,246.9379227248816,15:37:54,-1
62083109.2766943,294.4403323535098,15:47:48,-1
13360062.35225364,167.4632375237805,15:54:10,-1
3100699.480764228,62.23042877545155,16:09:50,-1
6742961.479567079,64.13238960073112,16:05:49,-1
56599314.646357104,100.43945139266712,16:15:43,-1
76309638.1444017,186.5250857753489,15:47:55,-1
35760626.789049685,15.022698775611584,15:33:31,-1
16435518.111040955,148.28919666549783,15:35:17,-1
74085313.7962008,220.9240811246605,15:36:04,-1
72235520.42203721,109.65162735959947,15:35:49,-1
74217337.9253482,345.49714091134865,15:46:48,-1
49807205.876174346,212.90533058259416,16:18:19,-1
10545307.252440568,298.9951051474161,15:54:27,-1
44665127.27297413,220.4605869193825,16:22:20,-1
62195939.22541806,287.40632841174363,16:04:46,-1
58331805.03166103,25.213767909689544,15:55:30,-1
4130765.910773876,102.1593364407266,16:02:42,-1
75407946.3922366,322.862143341218,15:25:48,-1
21867282.7792824,349.0137131428584,16:25:05,-1
75896555.49197663,106.78550015527584,16:17:11,-1
59711349.03903192,53.689662087540086,16:19:40,-1
59332630.0377202,157.07190868023164,16:06:55,-1
82662773.95439549,174.19918649900296,16:08:15,-1
26611025.121647514,346.97620023123847,16:16:52,-1
2439209.8542134245,350.0992917458744,15:52:25,-1
20763521.195950657,295.3698372503379,16:02:22,-1
22337547.705394287,223.5105022658456,15:44:27,-1
57680850.777714536,79.31680677306194,15:58:18,-1
45135682.285906725,209.2121292557646,16:20:17,-1
40019251.15562428,64.54791197871242,15:52:35,-1
77590554.2926484,181.63607131455933,15:48:14,-1
69276659.81698923,265.99331781694536,16:13:09,-1
50332986.49492094,179.3581269915681,15:38:55,-1
19807696.59784297,23.484875675794807,15:45:20,-1
86894891.92202616,287.38586963638585,15:49:22,-1
6647035.64549977,207.59796520137056,16:08:20,-1
22883429.095095303,335.6275841931631,15:45:01,-1
33284044.37284152,242.06283069443063,15:46:24,-1
8568927.717013845,274.3370484149704,15:56:27,-1
23035839.340235267,302.51901083965777,15:32:18,-1
15468531.318111597,127.28730632244093,15:29:07,-1
68240753.02593245,135.1419974971268,15:27:03,-1
20010395.85176981,103.68003269541316,15:39:46,-1
86183301.59080864,211.77351126744665,15:59:39,-1
66300183.3956473,239.3506694599916,16:03:48,-1
41651869.73316356,240.0256432842987,15:34:37,-1
73539280.60249308,152.62917512581396,15:28:34,-1
42870067.50993395,343.0479538765079,16:06:48,-1
47146543.60720495,95.60615368706569,15:39:19,-1
22838780.274827305,232.57846011254037,15:52:41,-1
12472701.3451461,46.372886891940766,15:25:45,-1
72949058.53101319,274.57331910791066,15:48:43,-1
18586539.393369623,321.78101756602643,16:23:15,-1
42088157.31046616,308.95834105613466,16:18:38,-1
59147179.30662608,8.61537932206804,15:36:07,-1
52671231.57194322,223.2516304549496,15:26:05,-1
42355813.91827189,349.16439370222724,16:19:46,-1
86765894.59888488,352.51720068200297,15:51:51,-1
77989819.48908353,332.58850515917214,15:38:00,-1
58266849.313855335,181.91589399671616,16:10:23,-1
87189455.04714546,235.74283840827667,16:16:11,-1
42615154.967411175,144.23460159851282,15:54:57,-1
86579016.65441108,212.4505255006898,15:41:49,-1
603919.3926989812,10.7884473833714,16:01:01,-1
24009675.19396671,216.60484705614303,15:46:23,-1
27038252.042441547,336.735723498987,16:09:45,-1
70473427.04970431,157.78389785641943,15:36:44,-1
41750786.94040015,243.5156734624677,15:50:19,-1
64160243.19162735,354.60345299258944,16:03:37,-1
68720582.5929581,265.2894155676601,15:43:20,-1
7171352.372583284,217.5339939881735,16:16:21,-1
67594781.7359493,212.4526890612053,15:40:27,-1
7947294.975234876,204.8383275022636,16:01:59,-1
55187901.45541228,113.39187851348184,15:31:03,-1
31280254.27525905,274.24598703269027,16:16:44,-1
62090661.73976013,50.416901956378176,15:44:24,-1
29428733.111115355,41.66061979169703,16:19:53,-1
5776139.130577635,69.92138561603798,15:35:30,-1
31833542.270955957,114.94176409214468,16:00:10,-1
39942149.34423265,115.59045840085638,16:24:04,-1
53545373.11074536,10.800972005061688,15:52:57,-1
2679899.279932256,105.5469799158352,15:56:19,-1
59878937.19424331,347.010478428882,15:40:00,-1
63794241.64961653,278.3534907023391,16:06:55,-1
25232871.17704999,154.02791021124457,16:19:13,-1
47826956.18587098,267.3417237116749,15:42:34,-1
1403968.6537324716,142.08998355185423,16:17:06,-1
33868427.638187386,309.5898560846823,15:59:44,-1
60788418.962502114,122.16752528120784,15:35:09,-1
83258927.56251019,328.8036110780785,15:49:58,-1
57803776.00995389,254.1995223301572,16:04:36,-1
30675978.11591773,326.4826197884766,15:36:29,-1
72428508.52613702,141.423645882143,16:11:48,-1
57996404.2991183,205.3391331595949,15:56:49,-1
86673112.64843519,200.33225818759996,15:49:37,-1
14302161.837958245,10.920947584763452,16:22:03,-1
61908349.87875301,163.9305422126846,16:06:51,-1
52460469.8971163,114.87758373452354,16:14:14,-1
65124434.452176206,176.80436818147135,15:58:10,-1
42626574.2046696,114.78171598039636,15:47:36,-1
71737302.75913201,40.4926178352293,16:24:14,-1
32693215.415974066,119.015231425547,15:45:13,-1
11013208.815610437,307.7968050468885,16:02:34,-1
37423538.17643905,258.2709940808393,15:33:05,-1
66183972.90018536,199.38744825901097,15:50:24,-1
76889257.48394494,114.9663723453304,15:41:58,-1
74282015.34507985,305.9522150077221,15:27:54,-1
50884023.11712677,119.78156505209736,16:07:46,-1
43734325.26607669,336.81954157103337,16:16:11,-1
20990445.35990533,185.6685587188857,15:28:51,-1
82263125.43114093,356.1900750532153,15:35:38,-1
9661166.296908513,125.40352482225026,15:42:10,-1
21025155.514407218,254.1785462715168,15:53:12,-1
39656156.48188128,82.45326070045198,16:14:48,-1
22284934.738114048,2.230809688181843,16:25:09,-1
64427121.90854576,34.51063516791349,15:25:50,-1
4173536.308633751,244.319770825288,15:31:19,-1
37787186.704704806,154.0448080724642,16:21:27,-1
54513747.91948742,55.98467743838265,16:12:16,-1
39586237.74465475,271.5158450843165,16:13:02,-1
8380600.645703413,200.0208373116625,15:27:05,-1
30993814.952062503,262.964475811754,16:16:07,-1
2972481.4229204115,289.17740426939133,15:26:26,-1
70489325.18321258,105.27073628054592,16:07:11,-1
35163519.62353204,143.02045079308635,16:05:38,-1
89703741.30704772,112.4575934544936,15:44:59,-1
57332575.98832591,233.1872574290012,16:06:09,-1
72354128.42329808,80.97997335614394,16:23:06,-1
1872157.614416569,118.7573550177619,16:13:04,-1
85484094.48786229,347.9266425920071,16:06:46,-1
60843859.20144194,10.696223842075444,16:25:16,-1
34771811.07194186,199.36335465849248,15:56:02,-1
56161472.2976575,235.40231211720427,15:44:49,-1
81805679.06459998,89.04972899715361,15:42:40,-1
33017708.66613925,216.15206813965943,15:57:13,-1
45141310.1246505,237.4619521897586,16:00:16,-1
74992854.90666802,208.9921668356925,15:44:47,-1
56024255.71050382,151.3447243053335,16:00:05,-1
33065899.49921201,134.4175202497248,15:49:10,-1
70421559.50011708,6.917488462912589,16:22:33,-1
89569534.46329641,173.25156746584318,16:03:34,-1
35198734.4194902,56.98283651451242,15:45:16,-1
61713007.04584247,119.87570992465106,15:49:40,-1
38995825.123667344,250.78928844431292,16:00:33,-1
61740614.0573808,21.29479699980069,15:26:47,-1
27043018.36412975,239.5401765190369,15:59:38,-1
47093794.9585955,240.5890890977776,15:32:36,-1
86953512.41162682,317.69025595419873,16:07:26,-1
43821929.62080076,288.5554241466017,15:40:20,-1
3548295.3069679285,257.31607451476,16:08:20,-1
21847502.89288178,345.305165874911,16:11:40,-1
62098290.38512233,279.91691673766087,16:13:58,-1
54790375.17138931,312.66772285687443,15:30:15,-1
60327661.96468052,339.25119992627947,15:56:33,-1
84389628.61394693,205.9195518510053,15:43:52,-1
64441291.62340273,39.57868018177767,16:17:24,-1
10454525.26901372,85.00376421883286,16:01:09,-1
48986433.11999405,99.22582046748084,15:26:06,-1
61937215.89760101,194.3868492274914,15:28:04,-1
45681662.39391835,182.44391436770584,15:35:28,-1
67084155.06915553,343.1857848617016,15:34:26,-1
2623543.728239674,70.19866183785909,15:43:51,-1
74353136.8209066,100.16563219321652,16:09:38,-1
38262262.65238919,232.1443030795862,15:36:38,-1
75567047.4488329,35.068572802801114,15:38:34,-1
40391384.300644815,100.50101278282207,16:00:12,-1
82643344.51680592,303.2430318890561,16:13:26,-1
21432597.29189218,257.14037480931853,15:39:07,-1
9793818.6131213,105.3265062668442,15:45:45,-1
86001655.84685153,351.7068758027488,15:49:01,-1
70155738.34042487,33.708171503501966,15:52:27,-1
56367449.21061322,352.35106616824083,15:53:22,-1
7628515.058235492,195.6536580983749,15:50:03,-1
65308486.23443705,234.01639525337612,16:12:50,-1
83443496.57535444,343.7420561811996,15:33:20,-1
48070055.64097987,4.223474199038164,15:31:43,-1
39114643.50086922,136.36944605855695,15:44:04,-1
23887019.58687685,82.29885369697877,15:28:32,-1
27069262.60798057,242.04947220286488,15:35:31,-1
30910295.642295748,20.226989039203225,16:08:57,-1
65031141.18816796,124.25788230568136,15:37:26,-1
37971522.729796566,137.80468189276812,15:47:45,-1
22815776.977735877,294.2219755483951,15:51:02,-1
74258850.61239618,227.03427393187704,15:34:43,-1
59386115.54591755,133.50535865131803,15:48:29,-1
51204866.81029208,256.1430999205013,15:48:47,-1
7228149.526447285,19.74878881180887,15:45:26,-1
75099220.64228432,218.8345981003499,15:30:24,-1
39504297.066422254,60.64707934942901,15:30:34,-1
86460612.55131058,312.06202273427726,15:49:12,-1
47452368.194172,64.88623380543575,15:51:34,-1
76217497.85305433,312.4738096876275,16:00:49,-1
85767769.03555277,246.3671383987974,16:08:09,-1
55088155.58557652,340.0506426096814,16:17:52,-1
10492060.13742262,11.079831997299811,15:37:41,-1
66277186.51039282,321.4686437894728,15:58:29,-1
82290746.44657882,140.3244457617055,15:27:03,-1
81266857.3736563,88.06754739018602,15:29:09,-1
71066419.90941429,253.94849224431735,15:36:27,-1
43889586.6020853,99.13910228790618,15:30:03,-1
20666044.91117385,163.41138981612187,16:07:07,-1
64894749.208368085,144.73533073329918,16:13:04,-1
33556924.991180465,270.4204885550892,15:58:27,-1
83767667.64327592,298.2500633953195,15:40:11,-1
39903691.508688375,32.19412684804822,15:45:45,-1
26181452.77851731,338.75800063804576,16:19:54,-1
5330160.471967348,149.98362244505233,16:09:37,-1
27233004.032322224,178.61888504256547,15:59:07,-1
45044177.5368788,8.039996935640348,16:04:07,-1
10992391.295711348,87.73101242638512,15:28:55,-1
79126189.77531916,268.5003572558869,15:48:01,-1
60837854.91688642,154.92469840645614,15:45:25,-1
6670653.604037809,97.33500726217068,16:03:01,-1
3901621.445885429,144.50054551038406,15:34:40,-1
42476357.59909751,130.62133674109498,15:32:04,-1
11670275.278804332,269.58368553685415,16:11:32,-1
28450403.87529044,9.30696728987725,15:25:32,-1
28416437.11742885,37.98819370576358,15:53:44,-1
24346825.67020006,194.03906792830745,15:33:41,-1
80312244.22754996,86.30311320609965,15:36:26,-1
24167901.860044423,171.11174386067844,16:10:42,-1
17244993.914179187,56.74690032685136,16:21:22,-1
15764578.739257388,357.69354185818526,15:52:02,-1
26346389.695191387,273.95160953059184,15:28:04,-1
57754926.365444414,326.9616421870477,15:53:33,-1
59150335.397648364,115.06454868382178,16:24:43,-1
28641727.009097874,137.97591156151273,15:52:55,-1
22083259.498807617,203.62234707147547,16:14:26,-1
79582227.25149249,117.07133027568698,15:43:00,-1
37608100.77898291,239.18027453768863,15:47:52,-1
29572489.678569905,21.6815827486092,16:14:14,-1
57579266.578005455,236.98706079505175,15:37:53,-1
62048268.92657379,120.28339116177912,16:13:50,-1
77036079.54928344,69.13673872185078,15:43:04,-1
32281746.79385481,73.96545059436605,16:20:52,-1
60978159.05194219,292.43142121415184,15:28:56,-1
6256500.49823714,18.891395624838665,16:00:24,-1
15120610.534696424,69.7180223746763,16:05:33,-1
41746952.49866176,154.63125996665912,15:43:34,-1
35207772.996560425,27.491879482099076,15:54:12,-1
12336324.3962046,285.36677704170273,15:46:20,-1
81252911.62417114,53.04415499401061,16:01:32,-1
76847841.2603336,116.7899030370526,15:47:11,-1
39578321.13010223,7.225380167322752,16:00:00,-1
15588735.30006877,257.58654293475297,16:14:27,-1
44220905.88630709,86.92667508367889,16:16:20,-1
17609079.37817038,190.3603769899034,15:42:12,-1
8883264.598477902,358.6513738856339,15:29:57,-1
39076288.75335858,69.37410905776662,16:11:00,-1
75092346.85188232,276.45275678594084,15:40:39,-1
40250056.5615238,53.81880652520815,15:37:40,-1
24394209.64159519,128.2583951127236,15:56:42,-1
69613703.19560218,131.53220416766518,15:50:17,-1
52399482.1209045,117.13710828702754,15:41:20,-1
76353640.59160894,73.21143818654086,15:37:03,-1
80204515.01966745,74.7089606275217,15:28:58,-1
62669701.22591105,94.60971397571392,15:46:21,-1
1231071.944292144,154.04911413691198,15:53:36,-1
10013332.820727505,42.434319803142266,16:03:35,-1
46475522.88360285,305.0094920748743,16:21:03,-1
85445639.07015379,356.32754559372063,16:17:23,-1
660274.1033837186,103.8925321585802,16:03:32,-1
61449078.63039701,178.10547057786226,16:07:05,-1
49435589.52435806,76.3829728515344,16:04:56,-1
69884083.94172809,245.7020186658823,15:57:38,-1
72891935.92954169,356.56159418352723,15:56:44,-1
10088648.58034015,349.05495255587147,15:46:39,-1
63562070.33254246,143.80830899728028,15:34:56,-1
40540675.39372669,108.89470798578232,16:12:46,-1
9163536.991715817,171.49068035036808,15:47:49,-1
32381344.12214465,184.65983228806564,16:07:36,-1
20263060.151258703,76.58593055402645,15:55:35,-1
11382388.544943292,4.602607840661417,16:02:06,-1
70097472.51245144,58.07489784365538,15:31:40,-1
85081968.24584922,122.63684708397378,16:16:23,-1
67649874.26601414,205.388847534362,15:48:13,-1
19940941.27869578,95.73509670366496,16:22:40,-1
44827474.79622306,268.3710511392907,16:00:36,-1
89723515.69865109,124.81582738533125,15:25:53,-1
25846427.1536591,326.2153690879541,15:58:44,-1
3906526.084616521,222.3578348661161,15:35:59,-1
19981916.88609996,265.8717617059285,15:59:17,-1
60562798.30769316,76.30299049181967,16:20:13,-1
35028001.84842478,132.08161613770864,15:55:18,-1
66062957.835910775,113.61264231975616,15:43:45,-1
31241133.003056664,244.82311547606707,15:29:40,-1
72082017.71096222,359.7618116961381,16:20:10,-1
36543277.91957943,135.15657659575996,15:39:22,-1
39582117.49109106,163.58895880974526,16:15:32,-1
20563043.81354848,35.59600513562491,16:15:06,-1
80290211.4719378,324.24225483966205,15:36:19,-1
1291143.8865135876,241.47870668380955,15:48:34,-1
79340236.78951596,201.05162020493947,15:44:11,-1
11792954.7961081,123.00301624324108,15:39:13,-1
57699522.340302855,124.82348452437954,15:46:00,-1
37783858.7751949,103.15471292452838,16:25:13,-1
52464372.71959119,216.5813851557518,15:35:46,-1
73091197.50389907,6.665954513357932,15:44:41,-1
71240828.91062443,0.1229132176060154,16:16:01,-1
26196130.979232755,312.83102690452193,15:34:58,-1
17411187.090966877,176.9785896668194,15:28:58,-1
13998572.269984564,358.5243387831667,15:58:17,-1
41351729.37327543,7.122565815977806,15:37:01,-1
78086416.53458513,44.45304015999075,15:34:00,-1
83848317.16028674,338.1082135390509,16:00:02,-1
4559928.071050772,48.09518623792593,15:56:59,-1
56796142.08127878,241.9653189009192,16:24:18,-1
60747463.45525185,313.52066732082085,15:31:07,-1
15755615.6725805,112.08020474240485,16:20:28,-1
57437340.00358003,226.39412864354847,16:13:26,-1
41335031.14354148,262.9375856195039,15:37:55,-1
27251703.637272824,58.38408909695772,16:10:14,-1
72918542.40342328,276.4892588803453,16:24:35,-1
53705062.99744462,283.0298228448351,15:56:24,-1
71582852.15925111,72.62709886158305,15:36:08,-1
65609562.62661749,246.0574983805749,15:58:56,-1
23379624.97709513,94.21239090821685,15:56:11,-1
88921926.00861484,144.93622353219527,15:39:05,-1
68818125.81138308,66.87673893493199,15:46:06,-1
4173824.736410396,261.478343075366,15:32:42,-1
23112726.01746774,224.48136176340083,15:38:55,-1
41202225.06873227,251.9229297324281,15:34:11,-1
56892372.181725934,250.6801015102861,16:02:06,-1
25582813.31159904,194.00066909912545,16:08:03,-1
26450499.160687,30.72359030356662,16:24:37,-1
80650868.65236817,212.2441794114227,16:18:55,-1
49047345.76349077,100.1830507235442,15:44:08,-1
80696628.49731201,279.6822547924082,16:18:26,-1
89126440.56552464,252.7889815768009,15:48:17,-1
76338518.98249955,61.82555983287577,16:04:42,-1
55703135.79697055,64.38158389842073,15:26:48,-1
32422205.611804284,239.98249967140464,16:13:13,-1
1036082.938376486,336.7509985898531,15:44:29,-1
78787629.20972565,333.33329351007364,16:19:55,-1
89725070.34462562,236.1435869208812,15:33:02,-1
51117536.07935808,320.37016915459856,15:41:56,-1
85823002.25812012,132.91887713399348,16:11:33,-1
53320768.56892226,142.21463539685487,15:39:04,-1
51047560.919750586,132.8435514839397,16:21:29,-1
15381058.533011662,4.822510294824611,16:07:07,-1
3882631.205474722,59.092217900213946,16:11:48,-1
65466593.60612231,225.34968726289017,16:10:23,-1
41547115.88613855,296.4160292888348,15:46:02,-1
64364886.56859581,161.56275973831265,15:28:35,-1
74073152.5613295,240.8690587453193,16:24:22,-1
40767139.84566333,223.64800932812537,16:02:11,-1
16315867.12817491,80.4218693512027,15:56:07,-1
10821968.256842602,6.099569610677293,15:55:05,-1
30655533.778416883,255.5852340326412,15:46:48,-1
20941204.59007315,101.81522717552102,15:28:02,-1
27172234.83358199,35.24644656601973,16:16:29,-1
5707389.987420102,197.5291762242669,16:14:24,-1
76999797.4104995,18.54746672792335,16:09:51,-1
60965281.26301401,291.71999282192974,15:39:36,-1
30370505.0884244,290.06108490704065,15:45:26,-1
66796579.75800069,166.26932645759194,15:46:02,-1
1514213.2380325063,288.3505618583831,15:34:19,-1
14051437.36190872,15.39288441545251,16:14:58,-1
86163389.49239053,153.83613231995946,15:51:42,-1
7987743.462967863,127.58265501923182,15:50:20,-1
37874810.95483088,102.18913058792845,15:32:14,-1
57508965.31416605,193.89871692161068,16:23:21,-1
21477836.480205663,343.8757933944818,16:18:15,-1
2863407.7123473613,281.33558774816515,15:27:46,-1
30332819.640541814,85.87563135581418,16:02:26,-1
28308857.47997396,68.67565254700841,15:29:26,-1
14155443.960709805,242.4938558937932,16:13:54,-1
24004538.087681625,340.22563191373456,16:10:57,-1
62088032.05205452,164.7635107704232,15:58:14,-1
62149840.63904683,252.45987612375356,16:03:44,-1
16175008.722115854,190.3407662943566,16:19:42,-1
49051182.69743003,137.6099030495534,15:44:33,-1
20703066.29405873,0.583793652059974,15:55:36,-1
77214514.95111379,308.3376521702355,15:41:31,-1
59778660.22655806,91.26537275195484,15:33:38,-1
31792916.94489768,316.32213972019093,15:52:34,-1
17905885.097613614,16.95264230822579,15:38:29,-1
26072861.6652142,36.815405500089,16:14:49,-1
18567058.58403157,238.87947790651447,16:06:09,-1
50917125.46641183,273.6736023609477,15:48:44,-1
10976216.608666375,186.45894229409345,16:09:07,-1
68120821.80479443,278.6820911402856,16:01:40,-1
42378134.81729382,92.52130038775404,15:51:47,-1
2376030.3176291184,50.05313271201191,16:18:18,-1
35547055.29262333,12.0956982552494,15:49:22,-1
11445001.754886692,291.6178931349032,15:29:48,-1
76948863.8722801,63.949174574388586,15:44:31,-1
65709011.52330625,203.38234023883496,16:21:24,-1
72263024.20674445,158.57472820158483,16:01:46,-1
32993421.61465911,9.652831188753508,15:31:57,-1
79559843.28634885,162.5568810897448,15:34:06,-1
38556579.55372205,261.9773808385646,16:17:42,-1
64274494.84171343,328.22262140265974,16:10:24,-1
3644747.907782182,328.84017388636755,15:29:02,-1
75084678.54275079,115.64615105552647,15:31:17,-1
56823513.78123488,246.50261895298704,16:11:36,-1
18331217.351981465,156.05189646209325,15:27:52,-1
40398876.4447164,137.74300381235724,16:06:07,-1
20216561.422278877,268.4285302663369,15:41:12,-1
74410293.61177881,315.79456098113315,15:38:17,-1
66619061.3967966,93.68252369785024,16:15:25,-1
79891668.15771121,354.4321531029514,15:40:04,-1
77008969.99247868,259.74393217973494,16:15:54,-1
67460697.21894176,316.83392190414014,15:55:32,-1
5882490.96669189,17.85771639333657,15:53:18,-1
1215647.5676272155,13.561573033174582,15:56:00,-1
63474950.65157759,207.5882200433286,15:59:38,-1
85686212.9168059,214.82119575628352,15:58:12,-1
85511577.94614334,41.76030242895524,16:23:24,-1
67602634.81157391,231.78140407019825,15:40:43,-1
3644706.9498632113,144.40477859698163,16:04:00,-1
71686113.64705682,231.3211601012947,15:48:37,-1
11122651.3636894,16.96192031932899,16:14:51,-1
5540384.3802284375,323.4352259909368,15:30:01,-1
10511214.57360608,57.65083598787447,16:10:44,-1
67372558.17069575,200.52898374772724,15:55:09,-1
26913558.630957693,112.68965010284316,16:12:31,-1
64660479.41263043,354.6655463925773,16:14:31,-1
39763820.2399216,283.9003037236977,15:49:27,-1
50098893.49885314,119.1638810659494,16:11:14,-1
75477936.66564438,157.79524221212006,16:05:55,-1
7215878.569239749,2.433896594163265,16:17:23,-1
59848510.8852005,271.2209929292996,15:47:28,-1
590828.7341010753,194.99682672618027,16:20:11,-1
303393.94147692394,334.3773219268566,15:50:49,-1
40248842.95804111,279.7102014978996,16:25:15,-1
38437096.176787175,219.53379024471928,15:43:38,-1
16951175.60866271,175.87710312280657,16:15:06,-1
13884135.055403467,237.1918334060085,15:47:09,-1
67841368.8550418,24.023723311330617,15:57:24,-1
59530486.65644259,94.7314191259743,15:55:30,-1
30745201.960656792,66.85959449328975,15:37:25,-1
66087177.56296864,42.24728720825201,15:31:31,-1
66511516.936001375,296.6987668122533,16:11:04,-1
38524113.019420944,134.418966940403,16:20:05,-1
70861819.36229815,299.8362778086204,16:07:54,-1
17646679.286946565,248.5252154940944,16:15:35,-1
20515268.87173047,64.83607761446555,15:31:24,-1
27884004.460394464,138.69374016182468,15:43:00,-1
72886512.716156,340.7213274980054,16:08:34,-1
55177978.7706183,274.46845828660474,16:16:31,-1
28031505.865065545,121.96340690574064,16:10:32,-1
50694463.00885576,256.6332187141488,16:07:28,-1
74347387.3922247,126.061323341067,15:57:12,-1
42609578.51312315,135.19106120110624,16:23:00,-1
16135824.66669715,80.94983204873245,15:25:34,-1
30901292.74789876,22.79980695677017,16:20:17,-1
49580022.5934181,158.9786196342144,15:44:48,-1
10634159.431787768,252.08208609312032,15:56:32,-1
58674376.762550704,280.3963573525021,15:36:32,-1
49990010.882840805,121.50645562793906,15:50:53,-1
68069819.20673071,86.4787728691647,16:00:14,-1
49211284.2686423,230.62515801162343,16:06:08,-1
65073469.34558659,240.308478588666,15:33:45,-1
64527815.39792205,98.17601800217793,16:21:47,-1
74816660.57759033,58.950467220138,15:26:25,-1
88370963.09834214,134.51433607517265,16:01:25,-1
80698306.81356634,145.5295834809537,16:09:04,-1
44229465.87056781,84.65741198453789,16:00:25,-1
6090668.841483972,221.31054684192475,16:04:02,-1
46601174.14104381,247.16494327182767,16:19:17,-1
17630312.733969156,111.10742901081106,16:20:13,-1
47108790.38752661,237.8302737170079,16:11:12,-1
7680546.765725713,331.7977095018487,16:16:15,-1
77156415.31165446,90.35752894328024,15:31:55,-1
58412830.26890621,306.8219125985772,15:55:16,-1
38807460.58468727,6.445659886095103,16:00:17,-1
2133591.084585839,189.5605925240692,15:42:51,-1
46890149.34517085,301.75079168351675,15:40:54,-1
71102936.34720106,341.9275648363798,16:07:09,-1
40562518.331048414,66.34447942704277,15:43:26,-1
9911899.612995092,110.07004401358368,15:30:30,-1
31295038.21111246,121.65144812660466,16:15:33,-1
74187085.30718724,150.8294707260096,15:26:23,-1
37727979.15100216,1.1710608288817292,16:17:54,-1
62185437.64981043,246.4431245034812,16:15:34,-1
62908958.70407996,184.7785341247109,15:51:15,-1
24398529.915331293,126.1202397891299,16:16:33,-1
64930437.800152704,322.8196086135093,15:32:36,-1
27512435.75809132,200.3283051363035,16:02:04,-1
40271494.268894166,166.84601570113367,15:55:51,-1
17408543.444160525,186.3663350431432,15:58:46,-1
19283744.337255217,283.78748208666025,15:39:56,-1
43552370.80672972,233.61070701928804,15:34:54,-1
38271506.26933714,63.010929316522656,15:40:26,-1
47641951.4029481,42.886931913765096,15:32:19,-1
81195007.15652288,110.44732616249668,15:53:22,-1
3814231.064695656,329.3644040567155,16:21:00,-1
5144803.545211203,148.23814229409834,16:05:30,-1
44238378.223916925,199.87878048078196,16:21:10,-1
26343398.709329784,251.3824558549691,15:31:15,-1
50090205.95381618,132.33908934444435,15:47:57,-1
33441298.91361164,60.385452537125445,16:14:37,-1
42330630.13036312,223.10951363842324,15:54:06,-1
42494706.52818959,322.8960516956481,16:24:34,-1
73924942.82056372,181.1404416112692,15:41:05,-1
19049863.58724708,176.91290907035338,15:48:47,-1
18144355.448611435,309.3419526578735,16:09:31,-1
46365566.87673133,251.29454267511625,16:17:27,-1
54181730.95554104,52.818522246001145,16:04:25,-1
89667361.804705,343.66929665842144,16:12:45,-1
11394315.6417344,252.773736270035,15:46:26,-1
7921942.837363896,253.55996960016208,16:14:15,-1
72496694.7203639,269.6453445266624,16:07:36,-1
2149258.6238287366,324.13987338209006,15:46:49,-1
3611390.362497772,321.26008023524776,15:54:46,-1
22882873.04296453,104.38319922531926,15:51:32,-1
23894831.48970411,184.08882396046715,16:16:10,-1
45407740.30712865,73.37952821836943,16:19:00,-1
9216093.832231462,196.03415868603912,15:40:10,-1
56883622.72229427,156.6460961329343,16:18:13,-1
69594966.44434541,61.8629662468062,15:45:25,-1
12393490.074895168,357.1070403823685,15:37:28,-1
85200562.65734692,129.35998988824386,15:27:07,-1
15255767.711514862,69.53068880701179,15:33:18,-1
51959955.691941164,335.5791362863051,15:32:24,-1
72684937.16302374,276.2723825814516,15:27:36,-1
42973698.59207627,65.04796741065482,15:28:14,-1
60772862.874090366,78.1150717850943,15:33:38,-1
78337520.50231569,237.06489475575927,15:34:22,-1
66577040.29877578,29.03780726333188,15:43:41,-1
67635711.22675318,155.690668446348,16:05:18,-1
24094804.0791392,101.6088291464467,16:00:23,-1
60087475.98475081,114.34158324609672,16:10:02,-1
32506423.205788057,98.51569729407876,15:39:15,-1
36838662.570121884,206.2217934857244,15:37:02,-1
70222003.6841404,77.40203286919404,15:47:01,-1
87677003.3025799,251.1679299476002,15:52:12,-1
749262.7729903647,357.18914974369807,15:50:18,-1
45148047.10653532,84.95254099366797,15:27:16,-1
3416093.9843772734,332.09565277526315,15:35:17,-1
43173177.17023249,225.07706839987503,15:53:17,-1
11674735.414250389,340.2427150875443,15:32:12,-1
84407347.4628627,318.2874478577806,15:48:27,-1
16468868.279636618,63.56585869661278,15:53:02,-1
54450631.95969194,269.9295087591975,16:01:33,-1
46032326.34554761,257.6076376116937,15:51:23,-1
76764427.0511156,53.48976140776202,16:06:54,-1
11721139.725984374,246.19615326058565,15:26:31,-1
86701238.73911734,220.73581839039383,15:36:55,-1
43731962.23017393,318.4057715485821,16:00:13,-1
45542444.48370588,244.00763009344988,15:37:05,-1
3593967.4093857,274.2502885670964,15:59:33,-1
24687178.3022396,32.722656195137006,15:48:00,-1
20794275.615147788,333.20242334478405,16:22:05,-1
22938291.388069183,160.2362145058721,16:14:55,-1
60268724.815576725,320.42356886148025,15:36:39,-1
16352815.750002518,307.8628026162143,15:54:05,-1
55079717.6980859,276.5060680730569,16:14:38,-1
10352680.311716344,70.54987252403525,15:47:17,-1
5374499.58772552,320.02209435691555,16:17:18,-1
53251015.59991106,359.89245204976,15:41:02,-1
21052171.35790161,349.03794769042054,15:54:56,-1
13213965.076734563,272.79660039872294,16:13:08,-1
68006405.42102838,111.26434349676713,15:56:37,-1
21355066.28556019,9.107055140291642,16:21:56,-1
10388413.069092711,211.4071626834313,16:10:17,-1
31985658.486478493,278.0306282464226,15:26:37,-1
21668866.104355734,26.14576030867624,15:44:49,-1
49838935.00852042,241.82444073695507,15:36:22,-1
30097824.013859745,141.36200380328268,16:25:07,-1
74532469.8257842,245.55921089473736,16:19:42,-1
83111168.63046429,273.3106036860148,15:51:04,-1
25858727.44730382,235.53044976479288,16:01:39,-1
78284027.42320485,132.03380303196334,16:24:14,-1
55996079.23549287,262.203025526414,15:57:10,-1
1877572.520232682,115.80949789312136,15:36:28,-1
5976842.999756111,154.23341509619593,15:36:49,-1
16681543.228021484,169.20613117842214,15:39:28,-1
84713517.34976922,40.02163110363327,15:41:19,-1
60456816.68536746,102.31640212249675,15:27:37,-1
84101957.10425845,314.2310902254718,15:38:11,-1
80218336.87911244,121.41447993903004,15:53:32,-1
2707588.3893435434,122.14708189031798,16:16:02,-1
10882080.39068473,56.87697725087177,15:31:14,-1
24420558.16063937,280.4080277034666,16:23:57,-1
47543089.107824944,47.36849081525416,15:27:30,-1
89918588.11202012,18.94412801714389,16:03:57,-1
40914623.61462738,211.28393350226168,16:07:02,-1
66730223.244249545,136.34328298218998,15:56:13,-1
65303186.34515582,329.2685151573248,16:24:51,-1
64423256.72298268,132.13869746942012,15:56:48,-1
73496495.18777607,317.64619591389595,15:37:59,-1
39757488.837780185,301.01404325469963,15:41:50,-1
42650441.881956846,14.151246882288511,15:43:44,-1
10990488.26620466,209.28486532036,15:26:58,-1
77383696.91225785,71.14593457094693,15:45:34,-1
27796434.36131808,147.56542907627326,16:11:22,-1
68865321.4516986,41.18684243678644,16:16:11,-1
18339614.830988865,8.902615487712321,15:46:27,-1
57241161.27646928,50.30133992262668,16:06:44,-1
12498741.972878648,256.14321462042244,15:26:50,-1
67238339.52077386,314.9472308368462,16:02:58,-1
21680155.48960721,176.4004567220289,16:13:45,-1
62082890.20259992,51.460144734719165,16:04:11,-1
86978037.97077219,144.25414030274916,15:38:06,-1
19831129.49558444,106.74681078416752,15:51:12,-1
11106286.823698446,266.833436620962,15:38:06,-1
21576094.263772577,110.97406110812967,15:26:52,-1
76246328.50988042,308.30602582631366,16:00:48,-1
31558793.39908679,227.63838398662205,16:07:34,-1
60131197.134618856,192.43520913419115,15:52:19,-1
53150885.17482451,247.78097174196364,15:41:55,-1
56879936.183022425,345.46380167064194,15:47:40,-1
6962161.804702747,230.96047139071413,15:31:09,-1
84952548.53163485,88.38073209961115,16:15:10,-1
59588846.50562079,179.27359858423983,15:56:14,-1
5410171.026908306,79.50636033220663,16:13:07,-1
67571522.11438958,237.8897130572246,16:04:45,-1
26041870.43196904,282.28053441763484,15:58:52,-1
85198425.1066962,296.2170137932351,15:47:37,-1
49709456.6143594,166.56321226061218,15:43:30,-1
69120452.76541503,106.54422700570916,16:14:03,-1
39478884.76099731,263.7313242590416,15:49:54,-1
85007663.48760884,212.67834022118527,16:02:25,-1
51344872.73010649,195.8149106937176,16:22:05,-1
52790731.64041101,188.30870172113111,16:05:00,-1
9563814.02907645,18.079038385569135,15:32:55,-1
71019965.70952958,275.8733027948701,16:01:38,-1
89653859.31048949,124.4197336059989,15:29:12,-1
58543543.64623228,261.3653967037469,15:48:35,-1
29449870.084244,333.5919508003312,15:25:48,-1
62461857.71617877,56.6465444094737,15:42:19,-1
16480583.988150775,20.030103435934183,15:50:51,-1
80249380.53406511,41.89355671001024,16:09:47,-1
7417988.609209236,344.79891483919846,15:39:18,-1
68319787.87038875,206.8968476600864,15:48:59,-1
42680919.20719319,303.66952433548005,16:00:25,-1
35977467.09657085,355.02175080190705,16:06:51,-1
52411135.136460505,22.619262471138725,16:14:51,-1
22403671.37516045,107.6155841997822,16:22:29,-1
37681707.59061263,245.58683416661935,15:54:11,-1
68880260.01176149,242.3238537664543,15:33:56,-1
11170262.94022555,184.93513017332532,16:03:15,-1
51803949.13327853,272.2407686923383,16:24:55,-1
37238073.48483621,177.98401523113606,15:59:01,-1
14121395.808342744,246.3134565852048,16:15:49,-1
44677039.90345987,172.85759791514485,16:13:52,-1
37317827.41600867,155.46390572034417,16:13:26,-1
87071464.89259449,262.95252079040245,15:36:23,-1
30396634.98321698,190.6545902164017,16:23:24,-1
60051703.45479319,334.1450932928195,16:14:53,-1
38600722.41667195,153.36623939106494,15:32:21,-1
50917262.02004702,256.51394576231087,16:06:08,-1
80443961.91574027,1.816190693400257,15:34:31,-1
59651789.72250453,336.8387646718359,15:52:11,-1
1769767.0240889622,27.807615287069968,15:32:22,-1
5881075.121367882,350.0010363867392,15:40:02,-1
80361542.45473619,191.43173959913784,15:55:20,-1
6225892.331891722,264.73142090437386,15:55:36,-1
39042413.36299331,73.07091690406882,15:31:30,-1
67516257.05419055,171.66150646473548,16:15:16,-1
15920243.591549622,217.3816828878069,16:05:45,-1
38470571.26910162,60.12802779426647,16:07:58,-1
66887788.39323808,256.93151653283417,15:59:17,-1
41408859.48501495,58.99586484172407,15:33:28,-1
26227728.77077012,80.38982142438658,15:51:16,-1
12402747.870363263,320.271905942794,15:57:30,-1
78755624.13543828,249.98219006062345,15:25:39,-1
78667307.20588723,296.5346529946357,16:11:53,-1
20000860.345419664,211.6134049811729,15:28:03,-1
83096165.82548268,66.01431031693976,16:17:54,-1
14477895.140418371,313.7635912362745,15:38:52,-1
2649182.9751412123,154.07425830497874,16:23:36,-1
73939869.91613783,274.0234657058804,15:58:56,-1
87218733.42385359,350.7674352660293,16:03:35,-1
5744207.155139442,40.35553630235843,16:10:26,-1
34776618.93152192,12.403672142644822,15:44:41,-1
56932455.08711699,36.16321812599301,15:54:43,-1
53962853.55757268,206.18012280630185,15:33:28,-1
12185535.334082488,289.3430315708924,15:59:39,-1
1802490.397381015,35.64437495932688,15:38:53,-1
73998182.0964857,88.5504976896312,16:13:21,-1
44863534.11343838,68.96630579449102,15:28:16,-1
16272092.242906775,173.0853571023225,15:45:57,-1
65374691.30093178,179.85405385672917,15:27:59,-1
54430847.84895577,21.649062031089088,15:34:06,-1
53386024.07693408,124.76847866542558,16:20:45,-1
20942296.55498269,223.3597022282095,16:02:30,-1
56098518.07906656,98.37835449457178,15:34:39,-1
15658658.573479658,192.72709659996312,15:49:49,-1
2411618.3850069623,45.49483304224575,15:43:38,-1
16820120.744326945,126.43585994975892,15:38:52,-1
68823119.03941424,232.8032634271656,16:13:34,-1
11892412.306747517,332.608493031095,16:04:56,-1
1547009.2060676382,311.6294623984016,15:29:46,-1
1491379.8145591554,133.04450437362124,16:09:35,-1
26371817.07699065,89.42093071786937,15:47:30,-1
36433790.54503555,313.05832387552977,15:25:30,-1
21373314.020832013,70.04850905502089,15:27:57,-1
46318145.27832301,175.27802782496022,16:23:10,-1
59196942.70426403,151.7651643226073,15:34:23,-1
15777762.150202826,127.1004029178401,16:15:54,-1
54267736.81059264,56.70718141750382,15:44:29,-1
45541072.07763001,329.33317713061007,15:44:11,-1
79261790.56278133,254.74400655265637,15:40:10,-1
69081233.53363131,359.44454904426544,16:20:08,-1
57269635.58702129,127.1881257175326,15:50:15,-1
87401726.07444416,142.39703940277434,16:25:06,-1
24499486.71670719,115.3036549222222,15:36:51,-1
62422910.71988708,206.81028494193183,15:43:46,-1
87294380.04366738,223.98958280300184,16:17:25,-1
33712597.422649935,256.1753093195463,16:02:07,-1
46920845.61335098,312.5896028168432,16:19:08,-1
44579904.71682338,26.761682205401467,15:45:28,-1
89181841.3769219,194.4148091178363,15:58:07,-1
35077254.52874164,257.95374498015724,15:54:22,-1
33293124.96665702,324.91852370564345,16:06:10,-1
17617678.126729257,51.84874361578517,16:25:25,-1
12284192.41561391,282.26213357701465,16:04:22,-1
24088658.9778416,57.97272949133523,16:00:38,-1
64914690.43518854,207.1944247925161,15:40:25,-1
69802073.38328253,122.4251582017678,15:45:37,-1
58013679.93435258,267.73009926406047,16:03:09,-1
3783129.272692368,336.2224901339049,15:52:02,-1
44671436.891126126,157.74191156978097,16:16:32,-1
80080841.49070363,163.04271227588296,16:20:15,-1
87568209.566731,282.5037959422032,15:46:40,-1
70050485.40794419,144.12503061131488,15:26:42,-1
26035877.55219005,171.78575931916671,16:11:31,-1
16897898.591186006,351.12117557379025,16:13:24,-1
63631679.769724935,149.41181879628203,15:58:16,-1
19461022.012805942,148.60669343549483,16:18:28,-1
56747473.85383152,178.22959518837118,15:34:57,-1
60698009.702947445,236.2334762065531,15:54:57,-1
54526948.08088825,45.71072141840391,15:49:26,-1
6548490.939950768,224.61236520694,16:10:56,-1
84025004.38567036,64.74144724752264,15:36:53,-1
59021153.049400926,48.52680394363778,15:55:53,-1
89811415.71538083,233.20220360855535,16:04:35,-1
33682069.08734165,4.329699185703397,15:31:58,-1
26801910.91173772,206.9621098875364,15:54:46,-1
39157448.24799261,232.8551709108688,16:10:53,-1
86468944.1513582,166.2226259840632,16:03:05,-1
5504510.314074703,110.39879471347372,15:27:35,-1
6959710.890303459,27.56442706235804,15:57:27,-1
42873059.88744735,22.60963982128191,15:57:36,-1
75610538.42573117,309.0376451125248,15:35:32,-1
22803551.03404118,232.18359466637276,15:30:39,-1
10257508.85002817,274.58657361097346,15:56:22,-1
42609117.50880729,157.8410085325581,15:51:36,-1
8504104.322852867,34.70360839579028,15:59:46,-1
8064289.370715887,233.39151141615892,15:35:31,-1
19007058.17006425,19.22302665659005,15:30:27,-1
50786652.98041158,78.82350416340134,16:00:04,-1
28399221.942940675,253.19406022679308,16:20:15,-1
3199788.138114912,105.79879593749502,15:33:44,-1
62977451.86222685,316.24252027604655,16:00:49,-1
32786943.703051005,245.040296500275,15:37:37,-1
35979746.855714776,114.81000186746516,16:02:34,-1
5636441.410546121,284.8274249008289,15:57:23,-1
45068170.33444376,135.18618172296462,16:08:06,-1
61516574.49393976,225.41161261827037,16:13:48,-1
6496197.512389772,313.43464899208783,16:19:40,-1
36286203.4769489,210.3241724238761,16:15:36,-1
75478336.55784899,146.7917041888447,16:07:10,-1
16797828.842291914,346.49987338887445,16:02:35,-1
89451673.78229363,203.1565558057598,15:26:03,-1
38619582.84509061,319.4055779795527,16:18:47,-1
69732791.45979097,184.46565735018095,16:03:06,-1
46629453.587485686,91.5073085435384,16:17:36,-1
46065568.20797296,69.30761761880302,15:47:28,-1
81947351.78347816,61.17813361549965,16:21:31,-1
45232789.46787363,142.5317594107816,16:13:10,-1
26441865.65702333,112.44351474514092,15:42:55,-1
4337568.720414136,229.72023270109463,15:42:28,-1
34215556.17213053,140.75267309422406,16:16:58,-1
79066268.47464475,63.908070858951874,15:38:51,-1
39178521.26058428,73.06753409703765,15:40:56,-1
84801676.81419034,101.64450209630868,15:47:39,-1
54078826.62670923,263.0759986757791,15:45:06,-1
76335398.49300332,63.55495460884734,15:43:00,-1
84867529.13354605,69.78926816050544,15:36:14,-1
3926401.821475177,216.32426014316064,15:50:35,-1
28480070.48689977,151.6162186735813,15:31:55,-1
39563038.057407536,353.0057424000965,16:03:02,-1
53267105.47331207,35.700304316808776,15:58:06,-1
69993804.56682105,298.7019739116096,15:53:33,-1
54347659.286093965,234.12558324327745,15:37:10,-1
24301186.655554544,36.11601681406314,16:22:05,-1
59364750.67968511,334.9186336945642,15:28:01,-1
50920856.57672406,356.27267450211434,15:42:59,-1
58791770.34527283,331.8762413036455,15:57:16,-1
77509215.3218005,334.7999157314519,15:47:17,-1
2042244.9130862264,310.3482715673149,15:42:52,-1
67694895.07156563,174.68691050275766,15:38:11,-1
57970258.72645096,206.4248819365212,15:43:47,-1
36355202.82973747,226.69141812463752,15:37:10,-1
56757229.40739785,299.32424046727454,16:08:27,-1
68942070.48056471,49.87507080503208,16:15:03,-1
31520072.31232553,26.855665946467244,15:42:03,-1
8461052.104323495,338.8201184373543,15:56:37,-1
68636708.06392536,17.57322949542324,15:33:12,-1
78822969.23537277,118.15046445535502,16:07:10,-1
59708527.11597668,158.31408400140296,15:34:10,-1
6688549.939073218,69.64240459752222,15:50:36,-1
37315237.27464109,233.28797219768828,16:15:24,-1
52316002.1380823,1.932981664548916,16:03:15,-1
82781586.23878735,84.31153982525632,15:52:41,-1
19794601.140987057,203.3589419397514,16:24:28,-1
45043159.40826874,300.32137516465303,16:00:51,-1
45694168.16204942,37.077011723336994,15:57:04,-1
1003900.2900390928,329.6594800159923,15:35:01,-1
48027535.31108283,239.9888138958688,16:13:11,-1
81894903.04232378,131.64464065150835,15:28:08,-1
3500110.457187367,93.02089855539693,16:17:46,-1
38770011.67473348,281.65165730839504,16:21:42,-1
39093125.83223244,157.57854448636158,16:21:49,-1
47978269.971454285,173.10275596304805,15:50:45,-1
49224828.30207386,189.58933558246807,15:48:39,-1
78741825.28375858,336.42429138716926,16:24:18,-1
9778974.673939126,106.7770486688848,16:07:11,-1
50491606.60930208,108.7282270496178,15:38:43,-1
46715720.97306503,299.46582087051803,16:04:13,-1
64512791.48031241,226.6928653242152,15:31:04,-1
34434812.09025823,222.5242583146962,15:27:11,-1
83960619.80504364,110.154270645441,15:39:27,-1
14558924.668485137,197.14504513417828,15:25:51,-1
15691776.329680506,100.61699369892348,16:05:10,-1
52910771.37035805,326.2073097602432,16:14:45,-1
47537338.16231004,128.0969247735986,15:39:19,-1
22804001.663242456,31.12495392635353,15:53:32,-1
39396546.49768759,9.983619006381089,16:08:50,-1
40710245.5673825,119.82717699228442,16:16:06,-1
40816503.323377095,100.81156109490112,15:53:19,-1
34717921.78464708,251.6422876934408,15:25:36,-1
38066466.92916885,39.88143857996383,15:33:15,-1
61733758.20147845,14.32540477285048,16:01:47,-1
85855363.49922222,280.9321112838065,15:55:44,-1
20514949.52887509,140.42329402734822,16:11:36,-1
64307814.129635975,320.537614769371,15:54:57,-1
62441119.17781496,348.922988165188,15:30:55,-1
14097238.023807462,104.5119316585321,15:37:23,-1
39395654.62529405,161.67486973495068,16:18:09,-1
3465843.2432323024,146.23701935255735,15:59:53,-1
51958648.475287154,272.3636217460842,15:27:21,-1
76226761.13240728,71.72153234883748,16:18:29,-1
32822573.88535965,359.8490102428859,16:14:06,-1
16836572.440310985,337.99827835651297,15:38:34,-1
41580707.89606082,122.45325425716688,15:46:52,-1
26211020.6383524,34.23456556147223,15:27:09,-1
31074019.568306904,98.41196746683556,16:02:41,-1
44052101.73130503,146.71875751493056,15:59:22,-1
77628195.06757297,173.8583548626895,15:34:51,-1
78483626.39048123,195.0423679877548,15:49:29,-1
16389403.256937224,321.09127761405006,15:26:42,-1
14042919.08141452,42.09043724019837,16:22:16,-1
83075060.7362147,309.68932664300644,16:02:22,-1
83228232.75654219,359.71243135890234,15:31:46,-1
54629391.97157479,85.36677879128683,15:38:42,-1
27071265.814053506,229.98816996677445,15:33:47,-1
17802995.984774668,222.52666488046435,16:18:04,-1
4447256.639971369,50.04402650085718,15:41:33,-1
85233292.20369384,180.6286019057349,15:34:06,-1
55912177.92306831,177.6996828459636,15:28:06,-1
88897153.57622315,190.35521764505447,16:01:12,-1
83765708.46923278,214.58053325105377,15:29:48,-1
34436244.653426394,189.4998897802601,15:26:52,-1
84325829.14521165,6.5133655742706775,16:08:40,-1
11597866.835757555,322.36277573858933,16:23:51,-1
48454705.28867041,134.6683394360643,16:18:43,-1
58958955.36674228,26.92583989489912,15:45:15,-1
40760664.41735876,246.42896378259493,16:03:26,-1
14404436.953624252,264.3145847700987,15:47:52,-1
11393307.211402416,192.7928206052472,16:21:33,-1
12350777.370060058,203.53951117883,15:34:08,-1
53089290.79999114,74.82221363971489,16:19:55,-1
85120371.19691424,28.08520420559933,16:14:23,-1
50804049.39597224,171.68328904148925,16:15:24,-1
51009105.4221373,179.96350295351942,15:36:09,-1
58744441.60226536,225.3666525363924,15:42:59,-1
57735811.11159639,297.97779456488445,16:08:03,-1
19470108.603412595,130.2165059686302,15:54:57,-1
65117853.68042571,328.61101705639044,15:27:49,-1
5817369.450676745,168.26365559663407,15:56:24,-1
14016366.778999448,263.76561300875426,16:15:28,-1
78840023.00439034,212.388066462455,16:14:20,-1
28220529.67108979,162.98646941338183,15:58:23,-1
57211903.40107629,34.388087979864096,15:27:26,-1
7906005.037306466,325.7825871796571,15:27:06,-1
17134749.873547867,234.56213376119945,15:40:42,-1
85591600.97740734,7.910317735985304,16:23:43,-1
31196299.78873329,26.09687145122916,16:17:19,-1
48696500.12946264,255.40095311332095,15:59:46,-1
1292485.0035745888,193.06943044813883,16:09:21,-1
16798914.618408434,138.0186353765164,15:50:49,-1
32691696.730417505,7.331572717528867,16:24:27,-1
59293349.71599118,111.48288687613967,16:13:50,-1
81254914.52034363,53.04279211256359,15:46:27,-1
11565474.30446872,168.89355944938956,16:03:52,-1
44789169.83058206,8.837399235880055,15:45:17,-1
88923217.17597239,289.48734792313337,16:12:46,-1
62475391.71626919,7.5562247471469535,15:33:02,-1
22683756.61236606,203.593802455584,16:10:42,-1
52093254.72333548,107.21874437497594,15:56:52,-1
23217146.68980378,122.62222242942536,15:33:15,-1
89236961.46574862,83.15241896573869,16:05:10,-1
64731824.64641718,337.1500424744555,16:16:16,-1
2302996.957586882,169.00088867854774,16:11:02,-1
6258116.53594708,358.5832387951098,15:29:23,-1
11802113.783712234,69.06849950755205,16:23:49,-1
81849316.1976663,140.65831802063673,15:33:51,-1
51458253.35124924,166.3384369924298,15:48:25,-1
29332035.110202,344.397455035921,16:22:05,-1
13574207.065671831,98.67968554475208,16:02:52,-1
21402375.906787924,68.3085777482732,16:09:35,-1
81003508.88523814,166.76469375924927,15:48:27,-1
82376028.44718565,289.3770926748169,16:24:35,-1
83347099.31455526,33.88354776466514,15:58:46,-1
63656680.26759372,115.2063029352178,15:57:49,-1
69358567.20221816,138.54241091833427,15:27:37,-1
49680243.76042719,164.7787337920028,16:18:35,-1
88674174.1635376,104.74209014657458,15:32:24,-1
50798864.55498142,228.85520603360212,15:49:24,-1
3819884.795340806,11.533173085615056,15:57:58,-1
18594465.562461898,68.52960287585235,16:13:26,-1
8575571.454044746,213.0168725545006,16:14:46,-1
61102162.31116514,153.37267182054302,15:57:27,-1
44449613.4692118,117.51100288920868,15:59:51,-1
19452685.374869768,102.24612776909515,15:55:07,-1
39269130.86301518,327.56998520243457,15:51:59,-1
77633653.55383794,151.97072767824596,16:16:47,-1
46640047.9212362,213.9420713008288,16:15:38,-1
53883726.80442277,121.84999553466211,15:50:03,-1
46816857.64721797,197.9842089860876,15:52:34,-1
23211065.55494796,337.6258269050776,15:49:07,-1
43730619.97307141,0.715761296116475,15:50:02,-1
73168407.7419328,131.70351450043756,16:12:29,-1
48947179.972980864,17.854837149671162,15:49:36,-1
86266471.33766662,109.64464672333864,15:35:47,-1
51526636.88362776,15.444042110228802,16:03:23,-1
62636679.18887706,313.0233000061364,16:03:04,-1
76652383.50119296,209.72974352475111,16:13:06,-1
46473801.76641229,269.90856183913314,16:17:09,-1
54436024.96962114,174.89131133252295,16:12:16,-1
45747352.60629137,262.9453661792225,15:44:09,-1
53731900.78885935,103.0472921949497,16:06:56,-1
61358008.65258635,197.04234766000053,16:02:29,-1
60711181.12688381,209.83788281298635,15:41:57,-1
2551517.380438015,237.78587252297453,15:50:23,-1
58909212.104783446,289.1582539986612,16:20:20,-1
56022730.94317341,157.6215249507606,16:20:33,-1
13879093.400768558,242.35698683939432,16:22:42,-1
75450125.24155788,93.74936261052548,15:53:34,-1
5897056.268910832,23.808126646999305,15:45:10,-1
64082002.65226831,112.72218163886552,16:22:01,-1
29298470.575391624,282.7641701632701,16:15:52,-1
5482805.3022281015,277.65249043123566,15:55:24,-1
21097518.079200827,252.32652453320767,15:33:59,-1
22662802.03566568,208.7226782101744,15:30:51,-1
70496151.8986392,92.78840987481271,16:24:21,-1
43590937.5347724,224.26031393660944,16:09:30,-1
9425232.967891568,322.5337159997501,16:01:52,-1
43379512.13168332,291.3386724097858,16:11:46,-1
18943136.592589334,56.83195124385729,16:10:29,-1
89829655.309585,273.69525302902537,15:56:42,-1
10820194.485384732,113.60271988203256,15:39:32,-1
29057638.497845616,328.3529097970577,15:37:46,-1
23748782.71719717,96.79734395476429,15:55:01,-1
73017749.23717402,335.2644555482438,15:31:33,-1
62157958.70466221,42.2543784273913,15:56:45,-1
66081278.68347055,333.4232128818663,15:58:11,-1
72774951.13642697,243.9051758851805,15:56:41,-1
10106226.537711786,281.7501072379437,15:54:00,-1
14090575.132106844,248.28410088115515,15:59:15,-1
33568169.41745808,46.8465883310256,15:32:25,-1
20399960.07185312,85.53808636883926,15:50:25,-1
88663375.37056223,5.844970718554774,15:48:14,-1
40824332.39305683,40.62626857790952,15:54:36,-1
77171558.5244184,169.3054622626423,15:57:59,-1
13998992.497900546,323.2049550309012,15:44:48,-1
79118554.08791672,142.9127367803623,16:07:38,-1
77879937.68969639,185.8052246416984,15:48:18,-1
41624635.36151583,149.36148492889487,15:42:25,-1
61652959.62841843,308.89840625718534,15:48:53,-1
53201040.29016756,90.33006400164024,15:31:38,-1
76267112.48849489,214.92480615282588,15:34:51,-1
54349875.16830734,126.38754088152534,15:49:35,-1
43637701.02583267,3.963396281005753,15:27:32,-1
11282813.625593828,82.0946021633342,16:18:41,-1
72222141.80780612,259.7844931507861,15:59:48,-1
27072458.54033534,31.481485017752405,16:11:51,-1
81687961.68840998,259.1225445176527,15:49:19,-1
6951191.903509067,233.1714734879447,16:13:54,-1
43062739.03996444,354.5622644340438,16:04:30,-1
73216480.67976822,256.25191591985595,15:50:28,-1
72090273.67146291,174.42801138894598,16:00:13,-1
73893443.59250206,315.0561727203721,15:58:48,-1
83772611.18121365,299.62897232344545,16:12:40,-1
11998964.543294592,102.09571393442609,15:44:52,-1
44528719.95002228,235.20540047042533,15:52:45,-1
34766448.06811146,141.71805166372295,15:45:48,-1
11088250.787097497,108.08783091218164,15:49:55,-1
28380256.798693527,274.0626521463442,15:55:19,-1
9581256.37292466,196.45508122851672,15:27:35,-1
27960187.812209014,311.67413668372694,15:53:11,-1
1504650.6300507612,153.24783401649725,15:37:51,-1
86213839.96296012,36.94724452717159,15:45:59,-1
61412204.87806479,51.723737746495495,15:41:20,-1
16146957.220535891,358.9943552587685,16:13:28,-1
85725592.37686534,169.68478040808816,16:01:10,-1
85120725.02202691,49.58037879554616,15:43:20,-1
33239225.514920533,237.6869273195492,15:39:13,-1
39276121.13269192,358.47171029179685,16:17:15,-1
48272575.93715086,128.97059495161113,15:55:20,-1
12404645.582470028,52.318396271610666,15:34:03,-1
24458802.37508391,341.7401958832692,16:12:26,-1
18390785.596850123,175.50404840906927,15:45:43,-1
88667699.61100174,259.1768285300087,16:17:46,-1
60779988.16090362,200.3549760891246,15:50:07,-1
34886210.69904025,17.420435060828737,15:50:54,-1
53116966.62148719,311.5062229209756,15:32:28,-1
27866044.64441653,216.9121049678593,15:25:34,-1
12941536.570667516,115.25274185826846,15:34:16,-1
64876012.40526252,55.0103463656597,16:17:47,-1
5154539.48971172,247.1147170764636,16:19:28,-1
52984272.59687376,223.70958062027637,15:32:37,-1
85282908.06486177,120.5145345159981,15:38:18,-1
70494767.13258144,116.76038000044088,15:40:54,-1
5954371.97390647,67.90587483639574,15:45:37,-1
29711465.73473565,262.5695973457378,15:50:44,-1
69754756.58859912,181.58645740085237,16:17:57,-1
70799248.6958136,341.0025822166843,16:11:13,-1
1051470.574431609,306.6362564130713,15:57:11,-1
28965323.511529528,334.5691835994758,16:17:13,-1
41178726.72070782,341.0464094322893,15:35:28,-1
18885059.06208238,200.2401338204494,15:56:25,-1
54411615.327271216,131.42126163176366,15:28:50,-1
64548672.73918486,234.0823657701982,15:50:48,-1
61183978.08907241,165.488978039033,16:02:29,-1
62917379.638682745,265.98086840635665,15:43:47,-1
21039398.175972503,105.48033594762504,15:49:39,-1
11228216.28732344,74.79906487024279,15:29:55,-1
11050841.3812879,16.345176679171857,16:24:33,-1
80846109.0490728,45.22690418952246,16:19:37,-1
74685283.66125269,347.9938212468256,16:13:20,-1
56637331.005628936,186.67033471609392,15:55:46,-1
76691860.35603592,44.69088563408619,16:03:41,-1
31915932.835137103,329.7067925397041,16:16:29,-1
36784858.587193735,328.9084919379864,16:21:37,-1
80159814.6675729,209.4257597797921,15:49:24,-1
9523264.850570245,330.5526202232056,15:29:36,-1
54950412.385072485,7.009807033087911,16:12:33,-1
72025543.5567051,256.3936589911251,16:13:37,-1
72446652.38808037,26.53951959194691,16:08:34,-1
88720131.29542106,55.33751311503871,15:49:54,-1
87028657.1735058,73.63131857655046,16:14:24,-1
3995072.752307824,62.37651261350037,16:15:03,-1
40433043.31746818,235.46188673660484,15:48:59,-1
84107656.99555464,128.717384368215,16:15:27,-1
75854695.09179118,41.69535409662016,15:27:34,-1
55892057.0765084,146.18363138602373,15:50:42,-1
7605912.332315905,153.9107097408497,15:32:38,-1
85963123.23213755,333.4792397179124,16:10:21,-1
57866003.48690071,175.2736330632296,15:33:21,-1
6572695.661906547,165.11952493336597,16:20:22,-1
64467040.40303801,218.20336849452704,16:14:54,-1
26431303.964643467,23.5416610152269,15:39:51,-1
39145645.71911804,158.20723939430246,15:26:28,-1
41576496.41390023,245.6069952655582,15:58:08,-1
76637690.01094244,271.84855997887485,15:29:00,-1
5799102.2968095895,303.7936665712094,16:18:49,-1
23115538.52497712,243.243263790019,15:33:16,-1
36599943.50697781,201.34491435499092,15:33:29,-1
79533229.19409887,115.11817028012275,15:48:19,-1
66831673.81086278,212.99330104974317,15:48:21,-1
76856574.55360046,60.34778265901294,16:18:33,-1
72869659.52537034,264.3248002917301,16:05:20,-1
69013176.27857615,236.7570182018339,16:03:11,-1
30203530.6922642,243.10079488068396,15:29:02,-1
21903571.734104585,351.92348869245274,15:30:02,-1
21871970.39595791,203.85423929800777,15:55:10,-1
6121152.690985632,170.55938702433338,15:53:38,-1
68992606.85252817,311.37776001441887,16:19:44,-1
38287567.74308773,76.9033073453623,16:11:27,-1
81565043.61045079,45.37396939556167,15:58:27,-1
70521797.98171686,232.65023825283384,16:17:50,-1
16189076.407772852,143.25667108229737,15:43:07,-1
59482299.736008726,196.70687550313892,15:52:04,-1
77618176.12231041,278.6499290315073,16:22:02,-1
11356059.270074202,165.15418326522993,15:38:20,-1
52220783.70035631,152.3689648716432,16:06:32,-1
17301548.565981366,187.1636222772706,15:47:03,-1
32119353.804108825,142.12528816266644,16:05:50,-1
39214835.59457283,160.7568401230408,16:09:33,-1
18174837.97885509,236.7234998899741,15:52:35,-1
52156428.14743444,152.36400525011737,15:53:36,-1
16196116.813849704,192.72572153563067,16:24:45,-1
44305085.13567501,263.39398816701123,16:24:40,-1
14341969.980944583,284.3523416960548,15:39:19,-1
27467843.67362078,227.74428223939688,15:51:52,-1
3754105.937640676,155.40268716106,16:21:35,-1
70830741.78405212,330.7043536043134,16:17:32,-1
88855143.40048288,37.068506427861,16:22:38,-1
40885188.3179699,345.1137988213097,15:34:07,-1
25648633.667810146,232.41697055276657,15:28:44,-1
1747048.6419051967,182.3327922080341,15:59:24,-1
47227216.69848857,145.32588570613257,15:57:02,-1
11492946.38672181,35.708754530303914,15:38:07,-1
53168115.008792855,75.4478604058653,16:01:21,-1
89886089.16187312,314.8548379500527,15:31:05,-1
31020509.799794324,150.41141708258104,16:24:24,-1
2453877.001217848,328.308719867444,16:17:47,-1
80683990.92454705,48.17863192475396,15:28:45,-1
80043616.19093837,171.376022558787,15:58:26,-1
77709220.44364797,299.46811096421146,15:45:03,-1
19392249.614595003,234.38121841329644,16:12:46,-1
48493902.42656405,107.1984698661706,15:59:09,-1
22058324.76915938,155.3720670575971,15:27:54,-1
29965290.747281834,242.0307720269691,16:07:03,-1
51746374.07566486,133.35632637944357,16:12:25,-1
68117526.39146785,62.52271350582275,16:22:26,-1
21993192.797492728,169.81652189929736,16:20:23,-1
33903383.481906086,187.36772399385177,16:16:13,-1
41829895.75788719,292.72664892156894,16:11:05,-1
17400307.95648951,318.93109153633355,16:15:10,-1
27053438.94924654,19.87216501474172,15:42:53,-1
12986954.262304977,182.6352862541174,15:50:09,-1
49963162.65279006,64.62752767773915,16:08:55,-1
20244895.36614856,157.24687127959658,16:08:20,-1
46313943.10345459,261.420912855168,16:14:21,-1
65196626.07701064,313.28028830412006,15:36:42,-1
60782422.10413165,21.4788279852503,15:25:39,-1
80592148.8901864,198.493788658447,16:06:02,-1
46400688.43208239,160.54969532100088,15:33:19,-1
72943732.18948975,126.6182909988764,15:47:30,-1
26160448.076328773,5.272235187078058,15:44:35,-1
29689695.486009035,185.95017251008215,15:37:55,-1
16666680.677803144,145.05900791399264,16:21:48,-1
37695087.06223583,228.88106901974388,16:22:52,-1
78137569.95117071,356.0635185534611,16:10:07,-1
70144182.28194268,71.50942939775676,16:01:38,-1
42045245.011647165,357.5373186806769,16:04:26,-1
12041508.5437611,147.8948657922126,15:53:39,-1
73842248.21123077,87.51810987883556,16:21:15,-1
46885639.76857263,317.3387820282472,15:53:33,-1
34744898.92035373,39.18043602182661,15:53:31,-1
18234670.300300844,150.73548031246222,15:31:51,-1
78477400.21001384,20.000122325903096,16:05:52,-1
87813329.01126659,159.3742262786374,16:07:55,-1
11045180.413516313,236.07408537125585,15:30:41,-1
39180436.61599472,355.3669432846374,15:57:56,-1
55062071.4162282,129.98979463599647,16:13:05,-1
38498163.30027705,343.2864550097308,15:42:08,-1
86447437.82511823,198.6932465683201,16:09:05,-1
51022895.80906359,357.2988207925344,15:42:19,-1
66277557.821460284,28.033277263711227,16:20:27,-1
31665362.851595208,247.86888489502184,15:48:41,-1
40682087.71179114,174.06448172557356,16:02:19,-1
52824365.64928957,93.51852504973144,16:00:53,-1
70720529.82518,25.76457900646449,15:47:44,-1
48678428.97077081,89.41046264316903,16:09:38,-1
8244380.551187497,339.3695212970812,15:48:29,-1
17222463.628863763,335.8187080374008,15:51:08,-1
56815142.32604211,29.64781917981872,16:17:21,-1
6208732.6885783365,40.32651610761216,16:23:06,-1
14765389.639902886,270.0386934720304,15:54:22,-1
32636054.340248708,195.5448787902385,16:04:52,-1
48924824.067300186,8.344440192308271,15:40:32,-1
71426779.23757364,144.55373630712626,16:00:24,-1
76186773.17771897,98.0353418182125,16:23:21,-1
15499931.05500574,89.2157527704842,15:26:32,-1
30802488.78879677,308.0250204639269,15:53:51,-1
43518121.34765958,231.0388743785721,15:26:56,-1
19823400.888991702,336.54905126424404,15:26:34,-1
81512933.63204502,125.85133343910242,16:11:51,-1
5833631.21194432,164.18170752434204,16:14:13,-1
56349990.11766236,131.55889780600262,15:35:06,-1
77477281.56427363,25.13881817573338,16:03:07,-1
24192236.56177642,1.009555905592614,16:18:59,-1
67194776.53511566,187.31022554981783,15:46:19,-1
39138145.27363945,83.29460632394245,16:02:25,-1
71381358.30493236,41.51376929920903,16:22:31,-1
3691065.5653581847,161.9145158748473,15:45:04,-1
48644805.64715423,118.62156645319357,15:40:06,-1
28483238.539505392,173.63741555125736,16:10:43,-1
27484790.93993824,19.58619957457924,16:23:22,-1
55213416.78136671,12.717792049387494,15:28:42,-1
47147787.31125346,194.46030380949605,16:00:43,-1
47003781.28594395,3.325120536365649,15:33:40,-1
72357809.17027853,10.319241910853286,15:27:59,-1
88791972.23323515,342.7462600481948,15:39:56,-1
32689352.5649922,126.42530808547374,15:38:40,-1
88187374.85853231,182.05756411051783,15:42:37,-1
46589660.05771391,278.71466492973207,15:56:30,-1
55017557.43017553,11.914688500381022,15:37:55,-1
46583801.32304415,52.673236806738366,16:20:59,-1
28192028.30763534,285.14020730931776,16:23:36,-1
74491103.67403913,271.4921455751682,16:07:57,-1
86515670.59472927,148.99879049374707,16:01:36,-1
69608256.66873068,190.67927967496607,15:36:14,-1
82021879.46172762,92.72831964694144,15:58:59,-1
39735587.08932407,319.9717637611762,15:38:37,-1
43365472.22013012,246.05929034016103,15:58:54,-1
67838626.38338187,1.649037203285144,16:12:56,-1
63844042.768369,19.905024493841665,16:19:13,-1
86158367.64490773,165.82691981333173,15:59:05,-1
44484199.063807845,170.8352940448733,16:11:12,-1
42308600.51778088,343.72763741265527,15:28:16,-1
16502741.161974609,250.1874111191028,15:53:02,-1
66823571.40827161,195.08321920201465,15:51:05,-1
20408831.239965525,13.168567282635005,16:22:33,-1
63446171.06325933,295.98824570787906,16:07:32,-1
1929393.1466741008,168.88985625268734,15:29:47,-1
5493267.841645591,236.3284403207396,15:27:30,-1
33310152.83692255,79.81378128790583,16:21:19,-1
40071955.33629816,17.66389621149854,15:31:31,-1
7227088.547259897,108.5039224842874,15:50:33,-1
29114480.046054523,343.2787037968953,16:11:30,-1
67821604.8817017,152.77684130635896,16:24:32,-1
23797805.386328183,280.3402029764963,16:17:04,-1
25301930.77204177,201.59449629825272,15:45:09,-1
42889067.07619669,346.58187457332144,15:32:35,-1
19642204.04915533,162.16468007865305,16:16:23,-1
45112871.35823192,145.5289377770873,15:28:56,-1
21483859.977137625,96.84129506513004,16:00:58,-1
40483113.22189375,254.03263023910296,16:20:36,-1
60103418.768494725,178.50171453156557,16:11:16,-1
60881468.77044495,9.752533231635264,15:32:05,-1
81828739.3560017,124.97346325693808,16:03:31,-1
88915779.00098497,82.30895069922659,15:43:52,-1
34377916.81111185,36.9617988403542,15:31:01,-1
77749442.265481,230.88205018205883,15:52:39,-1
7801518.386751022,356.9817750741212,15:29:52,-1
87251497.42294137,72.90204308236265,16:05:43,-1
28704908.918963104,281.2464127130784,16:22:45,-1
56586910.06983352,291.296830686746,16:15:48,-1
43132136.06498218,172.5575043551619,15:35:34,-1
9210988.199480288,316.05235174959034,15:51:32,-1
89571971.45439214,267.27843317003226,16:17:37,-1
44900121.12379631,180.1636971397934,16:05:17,-1
75656071.193404,214.32705078025103,15:43:14,-1
82179833.4324496,61.31645491336735,15:54:33,-1
17812314.35856387,0.2380756126146899,16:20:44,-1
16425523.007871456,47.19894605590359,15:31:11,-1
51816917.51928292,283.7740521117484,15:33:39,-1
60588133.65868488,178.66770281106008,16:06:29,-1
37008013.74587746,256.1348034951323,15:45:26,-1
81681231.33534244,260.7159694277746,16:10:18,-1
43931880.14537148,112.43662672057788,16:12:41,-1
37665935.22041081,152.79084325775355,16:02:13,-1
28359720.29464268,107.89654894638024,16:05:02,-1
37322430.96795847,292.307871898987,15:42:28,-1
16972872.781372458,147.35231126083946,15:50:29,-1
26786345.639264908,288.47693201063845,16:00:42,-1
41834053.54016291,352.8411571968223,15:37:12,-1
80922564.09930794,319.958316274244,15:57:19,-1
24071715.488778904,305.41276500090606,16:20:12,-1
87591378.49087137,256.36027084694814,16:02:16,-1
8343646.817738073,322.751445090246,15:37:51,-1
74088839.11602555,4.949144584789988,16:05:58,-1
64329183.09616321,321.91001000150214,15:51:26,-1
15226796.249164715,183.6630961297194,15:27:28,-1
30826066.83706572,153.1225809962704,16:07:53,-1
87618368.65700506,354.61273456800075,15:52:55,-1
75326681.62674427,356.2419862927187,15:30:43,-1
87837204.47126631,359.1510358152607,15:47:52,-1
61180608.17947175,161.9909709171786,15:56:24,-1
22879829.216260027,151.34663189875818,16:14:46,-1
88927113.21282719,357.0483131010191,15:42:28,-1
56400384.06892366,191.33780118664947,16:24:50,-1
51266669.97370965,237.02094852866043,16:05:16,-1
67352031.44426398,79.9529346916207,15:55:46,-1
40167082.06470056,353.95099372754987,16:23:55,-1
56567664.560267456,259.44796917574143,15:38:53,-1
68700451.50147168,65.26470377145677,15:38:23,-1
77635503.83789696,225.85361353350524,16:05:10,-1
55709659.49025151,277.64879833630107,15:55:44,-1
54076760.89533597,146.18504923932687,16:20:14,-1
81311314.71838228,84.04849758106873,15:32:44,-1
69734695.87527515,196.91883819409003,16:05:46,-1
38896968.985781096,289.87981384231216,15:31:25,-1
41622389.73332082,20.514397015006928,15:48:45,-1
54401056.1158753,282.33856858053053,15:58:35,-1
4882227.414110625,155.4426712598616,16:23:48,-1
3931250.251625944,188.81112571374496,15:56:11,-1
13790080.465234805,308.8997103966884,16:05:59,-1
29070185.79479757,2.6203662815398365,16:11:09,-1
4611229.279960392,82.09039066964257,15:29:44,-1
83083368.05050743,116.06696665740762,15:43:30,-1
47114628.86970876,340.3165403448264,16:04:53,-1
26955114.614674464,221.91474008961148,15:54:15,-1
44677806.50864602,188.25197967197772,16:17:38,-1
40355268.20991323,151.09743543012914,15:28:11,-1
35785486.43790386,74.6405738133807,16:19:26,-1
59534631.92024746,243.56056543756097,16:03:06,-1
32920611.455992676,87.76054089591901,15:54:26,-1
63956308.23396054,221.45776425550557,15:53:08,-1
57316747.480975375,2.0433833398857093,16:06:54,-1
68437467.5935442,295.8004148078148,16:02:32,-1
76482175.57756709,210.6208883072721,15:27:42,-1
29712144.097176246,100.84134701373692,16:15:35,-1
66686720.92473057,99.71990363616162,15:41:20,-1
63200313.84666827,259.74026944370473,15:32:42,-1
83545640.68538105,264.1423473955301,15:25:47,-1
7917807.256997933,5.8995722687944685,15:59:08,-1
14499796.410974324,218.7628584021358,15:59:31,-1
71123944.68919924,318.43958927319665,15:32:10,-1
52055486.760088496,163.7843198797292,16:01:35,-1
16943279.763562415,117.493644894386,15:50:28,-1
42077440.27103848,353.0280842149378,16:10:58,-1
89877137.50048701,171.88737150204852,15:47:59,-1
81011680.86759122,357.2092977445962,15:49:07,-1
75315126.84136063,73.77098705241339,15:32:53,-1
36459194.34410397,201.27336040274523,15:30:45,-1
18396277.66771327,259.8216219579052,16:15:36,-1
36833420.14340965,175.68023219722144,15:42:52,-1
82867003.0804202,126.5340479389066,15:43:59,-1
35614162.66265608,118.2586349288184,16:09:53,-1
14047963.644383302,137.0575349456338,15:48:06,-1
59852167.620527245,54.835425024817866,16:21:41,-1
12097169.828022055,294.5695011740597,15:55:35,-1
13807607.855281023,235.83139786668565,16:24:49,-1
79105445.9731041,193.6372464157987,16:12:41,-1
75816015.90686168,137.32282118019242,15:38:12,-1
38360252.23565202,80.17065658467997,15:37:16,-1
1860960.3270206507,307.8019869033818,16:01:47,-1
3444747.18899362,329.424721821666,16:25:08,-1
89718454.65913777,206.450518346731,16:17:06,-1
29663944.59313833,222.7928753571309,15:39:28,-1
4525938.271081856,211.83138959643952,15:31:38,-1
80179255.64920123,153.48267645923096,15:37:04,-1
80789271.7609361,276.13998489534447,15:51:08,-1
9303980.18238119,67.41644243489026,15:52:57,-1
2211571.6826307136,121.4685633323072,15:42:06,-1
20732623.986163303,239.4234123654988,15:52:57,-1
52802079.23973783,50.39641859667502,16:10:59,-1
53720506.94681741,12.231485153916992,15:27:33,-1
36869988.057552606,51.70473334898438,16:03:16,-1
26944216.661534872,314.00717471513485,15:27:48,-1
59347947.03521366,116.65406909916211,16:00:50,-1
52300353.22623652,237.7851144230976,15:44:00,-1
16606625.084471662,144.85610851430056,16:18:02,-1
6631398.844296884,164.9291641865051,16:09:26,-1
45941458.62076192,63.404088234208125,16:12:46,-1
15215393.804300588,313.81167225794405,16:10:57,-1
7525035.087866424,229.4806991851755,15:56:42,-1
64382130.38832536,289.14589579293306,15:28:49,-1
78007453.35544819,95.6521259719568,16:09:25,-1
80016514.40393774,330.8828544660517,15:28:06,-1
43514907.42945679,93.89991423361252,15:42:25,-1
18566287.413652472,251.1805763899859,15:44:58,-1
53005555.45507843,192.50288662596452,15:42:28,-1
70747918.7758002,93.08730717835104,15:45:41,-1
61193128.26904102,139.5066403658589,15:59:42,-1
47837650.56854817,307.6194889570426,15:29:55,-1
38728479.002509005,67.15400661411363,15:42:56,-1
19351349.8229306,248.68017233177883,15:57:10,-1
25983981.654000025,232.6036762858653,15:25:57,-1
66783295.74313754,57.47651873538472,16:10:46,-1
42093540.40592926,209.1929823595642,16:25:00,-1
52762185.14819602,250.56872679220115,15:52:18,-1
67572735.98063956,79.08916651540481,15:28:18,-1
12395004.792393385,86.57621706896431,16:19:52,-1
24551710.929659717,272.81209451429504,15:40:28,-1
2805060.186979512,282.04932238041545,15:34:25,-1
73465171.47795026,70.67415707652827,16:11:25,-1
60308275.97801875,38.307200478177975,16:13:41,-1
13784888.396670263,33.512357683085426,16:22:46,-1
8893527.522832712,258.0798999854879,15:59:25,-1
35082999.202617995,74.2060924947975,16:24:54,-1
10432977.71359093,250.7553697891292,15:36:01,-1
11587628.87993709,177.97575591824332,16:12:56,-1
66750083.93482699,139.46939367349034,16:10:23,-1
24148465.467230555,126.5200916136597,16:04:13,-1
26692346.789072007,249.23193749809403,16:09:45,-1
61034649.86487194,41.989724800771896,15:46:29,-1
34115724.43774047,262.8090115454744,16:07:41,-1
2023951.0509528888,163.6644925577217,16:09:12,-1
4933136.74048392,104.96274669683844,16:03:58,-1
20727819.639390837,287.2537913570634,15:59:13,-1
38406701.13996855,269.06918762795954,15:38:44,-1
85942149.2910028,331.550813160222,16:02:32,-1
45085974.14531746,223.60641543056573,15:29:25,-1
35380876.75666513,244.20317135183183,15:51:23,-1
33341994.479722105,7.070148293960186,15:39:34,-1
67474753.58231647,299.42722438682733,16:11:07,-1
85885171.56478293,67.81720950556458,16:01:55,-1
75672166.53345954,216.6428696683454,15:46:17,-1
41002049.58796425,283.9879250016521,15:41:49,-1
51090511.77896656,129.32851491570682,16:18:05,-1
3243786.351044449,267.21016743331364,15:34:10,-1
39352710.33905387,162.80543526448892,15:35:25,-1
30186960.82112904,104.18462464178307,15:46:50,-1
35681797.81767901,204.03565154833927,15:41:56,-1
87456561.24734782,113.46355588515162,15:34:15,-1
26648210.027210794,329.78780114008424,15:46:15,-1
73638935.78359202,350.3129878989405,15:29:21,-1
80944412.25342794,100.00905714680108,15:46:04,-1
23101370.57895504,345.2642537211137,15:45:53,-1
28668302.974181235,244.51575051491872,16:11:35,-1
71773467.7420491,339.1558857526593,15:28:03,-1
11977659.584386688,296.19657181972093,16:02:17,-1
73288650.68303719,145.20637994218114,15:33:46,-1
21721240.317735776,274.3510451570554,15:47:53,-1
5367547.541588821,150.24101311044194,15:32:11,-1
87695715.09200406,346.2595531721886,15:44:01,-1
44333474.95925046,138.98281871682133,16:13:17,-1
36374697.39428973,7.352634082483163,15:51:43,-1
32410531.405221675,277.6546447244529,15:27:52,-1
12678859.106055852,119.52314018334042,16:14:24,-1
64167426.09664086,129.55744128811975,16:23:19,-1
7237182.200439882,266.1195609720494,15:49:25,-1
74104498.09769951,186.3736887840205,15:29:02,-1
38018097.36015803,226.19776027029565,16:16:25,-1
967948.4272337016,143.88060444631438,15:28:56,-1
30155881.77424693,66.29761096013624,16:21:59,-1
10118915.02663672,279.8027477690791,15:42:48,-1
33036234.306754768,292.9077797728423,16:07:27,-1
45397249.47027646,209.25601089924612,16:18:12,-1
87963958.55420111,218.40176282044527,15:36:04,-1
22302638.787929256,149.50004204475638,16:20:21,-1
74661943.62391917,151.63283279600188,15:55:29,-1
71729070.11306,38.70300039757549,15:38:17,-1
76624126.71193412,61.33562431042685,16:11:42,-1
25664313.122742165,143.87569971927795,15:35:48,-1
70367974.07142077,121.95559241203428,15:27:32,-1
33767151.84829942,57.86547097297005,16:16:07,-1
37537168.82807101,172.3944252315689,15:53:56,-1
15560509.882146811,250.97402404363237,15:30:31,-1
70575306.6839945,28.93800235064665,15:54:47,-1
13404123.785809388,40.11116780344493,15:45:41,-1
26346797.85479918,228.3962030766365,15:51:01,-1
79088328.82336709,255.1247730056681,16:04:39,-1
46967894.40482627,202.86390851128465,16:25:22,-1
88423309.0841386,75.89052828527181,15:53:57,-1
32850841.332681,197.87230367662173,15:27:22,-1
74106979.43602286,144.11106212880668,15:33:01,-1
59780220.24302279,182.95786906620327,16:18:37,-1
87256740.71114324,196.39942959387108,15:38:49,-1
43753030.79559398,309.06842929155016,16:20:50,-1
67463263.20311275,122.15064308220092,16:18:47,-1
11990588.941564327,105.24522753532877,16:04:50,-1
33659149.38762821,294.0782109331782,16:16:27,-1
7933863.770700407,68.2342632145716,15:39:53,-1
54810619.32678178,162.39362593509088,16:22:11,-1
55551113.29122604,77.87484942040582,16:19:06,-1
26564994.84116333,34.78160950511374,16:10:31,-1
33960597.22805075,310.26506057368897,15:45:30,-1
77069144.78204556,21.18010114065268,15:26:20,-1
73100804.64500575,123.01684924313967,15:27:49,-1
1581950.1129476975,346.8967125365373,15:38:36,-1
69960049.0874819,87.11389637247176,16:16:44,-1
31790039.708044745,117.46925681151652,15:57:43,-1
64145907.6784513,286.6879752551557,16:10:30,-1
45364554.1541999,30.004954524195565,15:33:04,-1
28845593.303820487,208.21135227111253,15:54:22,-1
42483703.24134684,41.18288061848378,16:22:13,-1
71578099.1984143,239.73967316571176,15:42:16,-1
80931391.3999629,219.8675187510705,15:46:33,-1
33016658.285356108,209.9058457128492,16:14:47,-1
43997042.80477399,178.32874185506685,15:36:11,-1
36998653.822223045,280.46157283499576,16:15:52,-1
85565911.7813642,25.044172007145487,15:38:57,-1
73530820.12297618,309.8372370298217,15:30:47,-1
82780288.1964567,83.4110222492337,16:22:57,-1
55769814.95721695,357.97850289877834,15:27:28,-1
76669056.52471171,191.3484177324185,16:04:25,-1
29156888.998928107,304.6820499863078,16:05:05,-1
30353225.958081603,230.73421153419068,15:56:31,-1
64537300.676934,223.30514285936133,16:04:07,-1
85637528.41252553,281.48328523695665,16:04:15,-1
39150438.89287478,197.9814213042274,15:25:34,-1
50555153.03665104,17.55584182604377,15:55:22,-1
42304336.4476016,213.978641989948,15:50:40,-1
29133210.578285176,15.957119662319474,16:19:37,-1
57263305.9052291,99.441381582556,16:19:35,-1
87763042.3742355,218.77716033902888,15:45:28,-1
20022907.36695284,307.74681845217475,15:35:15,-1
27423391.731009062,57.1364034879224,16:20:37,-1
5716081.375964801,296.7683042276438,16:14:29,-1
77844424.73911284,299.6779183298642,16:16:51,-1
60332649.8755291,52.65070161080609,15:43:14,-1
67447734.93423215,207.90963447458464,16:05:08,-1
28532924.32783837,10.052402199384945,15:27:38,-1
14251485.11142668,49.51277482986953,16:20:27,-1
1416256.994873128,255.4555169848377,16:16:30,-1
7522648.325684191,180.32718495895023,16:02:15,-1
28181426.893283304,121.99021566710589,15:44:13,-1
16936656.770212345,269.12987858574223,15:33:43,-1
58395417.41982143,140.40030530259202,16:23:09,-1
67762323.56551218,323.8426116176656,15:52:13,-1
23917612.908436857,66.41071385139537,15:54:17,-1
51940687.25704241,237.1762998212443,16:00:27,-1
935366.0658052173,68.66668965040107,15:40:16,-1
41980640.01816297,282.537327340958,15:51:19,-1
33857043.33910454,205.47971807204576,15:40:13,-1
74864058.35530712,239.04667221479173,16:05:15,-1
73041069.4877797,318.8217467338794,16:14:26,-1
51139712.203740776,330.1989061935944,15:59:00,-1
67511257.30456935,19.558704858273018,16:02:37,-1
75359959.35554524,228.8374715024992,16:16:16,-1
38789532.19077597,187.88544574369604,16:07:26,-1
84684148.80980575,316.91157042750694,15:52:04,-1
12031042.411320005,1.1640153992865176,15:33:18,-1
63054213.25741809,273.83957505181166,16:18:50,-1
8930402.508327907,10.09715575493567,16:20:00,-1
35675589.2876012,78.75793112336878,16:12:58,-1
53856044.880630895,270.2734961117821,15:59:57,-1
84604230.4668986,198.96323333206496,16:24:34,-1
88371193.45905292,241.43236218491083,16:17:27,-1
41191828.26828364,117.8061237738203,16:23:44,-1
1360052.1104849435,327.05126267738143,15:30:33,-1
79584058.36415224,47.11831697270617,16:16:40,-1
5098524.987481177,90.3355441454048,15:55:54,-1
26667018.82718885,214.65151669609236,16:16:20,-1
73497067.72003093,289.5357318411,15:33:22,-1
48475632.881279744,1.3886540481575738,15:59:43,-1
33017634.2490106,171.27777335092694,16:14:36,-1
69225905.86436687,218.8493982660957,15:50:54,-1
89393270.5004713,302.08369131677614,16:05:39,-1
109363.1933246794,153.72919806000073,15:53:41,-1
46374546.11588312,169.2057418716138,15:55:39,-1
33408825.544008505,295.70116437139944,15:43:24,-1
88280896.42926465,46.96129507158874,16:11:09,-1
74031912.80905575,323.27116177393214,15:48:42,-1
15557489.84695709,61.92469189770237,15:37:44,-1
15427710.72063214,133.18570245254332,15:52:55,-1
48303107.4568634,46.53791502794921,15:33:10,-1
58057931.831645,177.0735105032594,15:34:29,-1
34232563.01255905,73.74776746391437,16:15:19,-1
60958533.09644107,306.9449051947985,15:26:59,-1
12554519.810693337,192.12120504814465,16:03:17,-1
53051052.81522126,117.7524183876952,15:50:26,-1
24980292.823294256,245.9596049646516,16:05:52,-1
22296326.216849275,214.73713740488117,16:14:51,-1
30035611.90657262,279.44437066611414,15:31:11,-1
44305860.73416025,357.16742284599235,16:14:53,-1
9335557.765095787,299.1509867345555,16:10:32,-1
33314456.8348972,146.17484810430764,15:50:16,-1
42889232.36820398,322.1517586100292,15:36:53,-1
32101284.31860256,214.69756526206257,15:47:03,-1
58132545.06980418,146.37818168277366,15:35:53,-1
51229276.52593649,62.53405060350175,16:18:10,-1
70397161.61984564,175.02729118159127,16:20:52,-1
3228454.4462292693,151.27674799919686,15:26:45,-1
80689468.43774755,195.73366965676132,16:11:18,-1
19689002.852556583,201.88937866899457,16:08:46,-1
53064308.3418761,217.478187233687,15:37:17,-1
88873914.86394222,305.98442398857776,16:08:32,-1
88196878.94718455,290.0859584419112,16:21:21,-1
71121826.64101797,131.5315225455171,15:54:50,-1
49610064.610459074,35.455431585402714,15:28:05,-1
57325696.20222871,7.088077728161499,16:21:29,-1
85335843.33368199,278.73788575468075,16:09:53,-1
85118552.93186213,262.42021088619657,16:17:39,-1
8471159.513135511,321.9643175282592,16:13:49,-1
66476832.302888654,261.4326967522296,15:49:47,-1
88483585.60384323,338.28770744470216,15:41:05,-1
26088025.186443944,152.05587471481851,16:15:38,-1
63546776.48597796,152.5632810087672,15:26:52,-1
41333053.0447712,219.7425579779349,15:52:08,-1
50928294.90919055,297.34719350568577,16:14:06,-1
61048652.44627036,53.3895602180884,16:21:25,-1
56867311.30253647,141.8291211730308,16:08:10,-1
24975776.79772597,292.29914603418763,16:22:15,-1
11148389.12339278,209.53961934477348,15:30:56,-1
61231607.269242965,174.53666865263412,16:00:23,-1
56433113.3160126,278.4959411377491,16:14:46,-1
42115929.871687084,264.5231708036729,15:57:24,-1
61028640.991526976,198.22950717234892,15:44:01,-1
62153359.23333933,111.49447786765852,15:35:10,-1
66111377.28440587,132.45920927165827,16:22:12,-1
4735129.787599161,342.8515841639273,15:46:12,-1
56648360.05257161,52.02513122492399,16:04:55,-1
76745440.54225047,335.06801862126724,15:58:23,-1
28510052.348308023,332.62463937386707,16:19:22,-1
41974555.7645083,65.51329034075924,16:09:24,-1
66249480.12856003,134.43132390940409,16:23:03,-1
61503528.78725595,285.092159056492,16:18:10,-1
76015126.7080745,179.57845805579686,15:28:20,-1
84558414.14435717,48.234561232579935,16:21:17,-1
18064575.920383647,163.7968820904227,15:29:15,-1
87102705.85738994,244.5510896606524,15:47:33,-1
3349958.736549068,300.05066023424143,15:52:44,-1
46609638.32568891,330.53858498654466,16:10:25,-1
17283948.873306155,178.3162002576537,15:55:26,-1
43285881.9475789,300.6665557697777,15:25:38,-1
1590405.477874652,147.0699807953592,15:27:11,-1
44562023.25927595,164.32758190324276,15:35:36,-1
31268417.829129934,95.99571801186993,16:07:02,-1
45997365.53428114,23.38148000716096,16:05:48,-1
76727817.51380773,46.71711088816647,15:30:55,-1
54030638.121157326,99.82744398190032,16:24:16,-1
67969790.70866099,54.60187457190792,15:43:48,-1
82955648.23625886,175.17442658650637,16:11:28,-1
21549557.72424468,235.50883167086732,16:07:06,-1
7867010.923517963,220.2469371305856,15:56:40,-1
41372547.51189251,281.0890788780641,16:23:06,-1
56768585.16215298,21.670510533410624,15:38:45,-1
64549875.28021306,128.98333117699693,16:16:26,-1
51698889.92238139,184.06680593121635,16:06:58,-1
18137035.49993612,135.72401277590063,15:30:14,-1
87071461.87633723,75.55761156809328,15:55:56,-1
30893816.60225166,224.5777830432337,15:36:03,-1
32782319.250111483,200.3487613828048,16:14:46,-1
46355324.28316265,321.80303478486485,16:06:19,-1
58800591.3920142,68.2043099000506,15:55:37,-1
77967428.0004576,190.11615807595965,16:25:15,-1
60899051.54249927,275.1427103233217,15:55:46,-1
88255158.78340235,320.7598457706138,16:14:44,-1
64013135.29034348,335.6472649930571,15:29:36,-1
37183797.18879926,163.94520387650712,15:28:33,-1
83074805.13157623,251.3709715562505,16:07:11,-1
16561375.156961748,259.0094875756638,16:24:45,-1
78807632.24906695,62.763734955348845,15:56:44,-1
67939230.92429087,195.90039517687023,15:41:57,-1
3133672.0657468326,245.9746633757555,15:32:34,-1
88660847.17435794,97.8440488955179,16:25:04,-1
26174467.1804358,162.01451950571246,16:11:29,-1
37896791.662090704,292.6893162621028,16:06:37,-1
67642063.16538258,187.742162842902,15:42:29,-1
89581667.83503465,31.76816512418061,16:24:56,-1
60349812.30387493,151.18364321194798,16:02:15,-1
69522819.67179817,130.17268097092878,16:13:41,-1
16346371.220164984,78.79594602305994,16:04:50,-1
60176674.37838826,355.52197853604105,16:23:54,-1
17733200.149199337,148.383043813757,16:02:30,-1
83652279.06500366,118.26499426274316,15:51:57,-1
68378249.78563574,274.36462508547,16:22:40,-1
44904549.62358826,337.6460066729574,16:01:15,-1
46195874.03620327,254.67223417791416,16:01:44,-1
75105239.97906955,233.1663345608393,15:27:10,-1
36144393.48047305,19.95929192152533,15:53:52,-1
79778179.69237654,73.94746988515905,15:39:46,-1
20342826.681629043,100.25747047574636,16:09:24,-1
11078363.193536963,41.61557300311016,15:33:42,-1
21311571.112117138,40.48227944048817,16:17:26,-1
47193703.35054013,171.26888989635455,16:22:00,-1
88288416.69375423,257.2633801583057,15:45:53,-1
65780721.14035899,44.74110587515639,16:20:27,-1
20411237.77819592,51.70133699394968,15:52:23,-1
6386444.361778335,235.29743066666865,15:31:41,-1
48298433.78171616,134.94396040989588,15:39:06,-1
71088156.96017715,181.7361144660713,16:14:49,-1
77624669.18483914,63.114882235246704,16:12:23,-1
50569870.93237709,309.29528881667903,16:08:58,-1
69647945.3749066,29.977438073139066,15:36:40,-1
63380195.46636517,140.16643027545356,15:39:19,-1
87262438.89042804,36.66750869362375,16:09:20,-1
61259784.27439375,248.8820598254891,15:30:45,-1
79230108.97378962,17.2548902001769,15:35:20,-1
26316689.857548594,56.35952346587704,15:53:31,-1
50970103.60070991,215.45083461581004,16:24:02,-1
42721795.01842673,74.98275989658288,15:34:05,-1
62234219.81265704,237.29275531967053,16:12:21,-1
18732886.69091466,246.92967523239733,15:29:23,-1
75684232.89760524,238.19295077952327,15:32:07,-1
38951920.05074032,83.92370384826974,15:53:03,-1
33246615.7407503,174.54747715786024,15:40:02,-1
69881134.38750093,285.1456643753819,15:50:23,-1
47989381.01413074,197.91368126216105,16:24:56,-1
61917140.12259361,356.7562011939015,16:01:09,-1
18731121.01981981,62.443419649358624,16:13:22,-1
29448124.866855223,27.361116639072197,15:50:21,-1
88483592.75042337,98.89184168689468,15:53:09,-1
389909.4713392046,163.01864120441965,16:08:11,-1
75336613.09516661,219.2362635158152,15:41:42,-1
85383223.30132087,102.18157337125878,15:27:28,-1
72674961.8014321,304.34070214152723,15:55:29,-1
52939376.844380565,27.72481897331278,15:38:34,-1
26047974.331012093,65.56274493964195,15:56:09,-1
52986518.35626642,150.6664846234307,15:26:46,-1
16193812.927123986,226.15631179044567,15:53:24,-1
7198365.411068548,352.63800203262764,16:22:49,-1
27119503.97148739,82.76705373205797,16:21:26,-1
31977781.278589845,162.4848733256328,15:44:35,-1
15261052.11184526,63.75297018179221,16:14:53,-1
80520756.94465779,308.8561079990104,15:51:52,-1
1661712.599932088,254.2220464223552,15:29:48,-1
2130674.004616109,77.60395291987184,15:54:58,-1
12656429.901402732,254.27896484548828,15:52:11,-1
10422485.06465093,329.74269520747407,15:53:49,-1
42308723.787212856,283.34103712246485,15:59:56,-1
83243924.69875164,339.7597459015419,15:36:20,-1
4814878.939356688,163.61537495957563,15:30:10,-1
65406399.36134646,67.70904314906318,15:28:16,-1
44863184.08588114,290.0364994211753,16:12:31,-1
43909987.567587934,10.539172154221138,15:40:18,-1
72544922.3923007,304.42072559493926,16:25:10,-1
60720427.65923213,181.0963890075155,15:30:41,-1
80190316.62683581,248.28052569575533,15:30:11,-1
58269378.29622469,9.939696279865489,15:30:07,-1
48852360.84836234,203.2913242843356,15:33:34,-1
73486626.29314981,171.19548299243465,16:12:26,-1
43608707.347289845,239.5552061631633,15:27:27,-1
24580807.00993772,260.7684678290897,15:32:56,-1
9143337.266076757,136.433948082617,16:18:15,-1
47209323.04730763,316.9379184990471,16:10:09,-1
60103393.624461256,144.5243979247691,15:40:25,-1
219498.67233387532,139.61861589786355,16:08:18,-1
31974196.64526728,94.472841212262,16:09:13,-1
75396105.18751717,153.08302172095415,16:11:36,-1
45078112.50807531,358.5429797316464,15:36:01,-1
60531383.64399029,159.68432308061406,16:25:08,-1
4832248.675684662,210.79642517245136,15:46:09,-1
2126930.5226028627,272.6323293397553,15:58:36,-1
28138964.930039868,23.036336411844218,16:18:12,-1
12096128.881098146,261.6681494221842,15:37:14,-1
23491577.19557571,37.48731895705479,15:37:18,-1
55202133.21394104,4.080276810022614,15:40:15,-1
24686186.098223854,275.2965370275627,16:11:39,-1
87486777.66208735,283.7388268167525,16:23:20,-1
52897259.963630565,342.67242466405725,15:25:44,-1
79617488.9386499,191.51025254477167,16:17:35,-1
57798064.859473206,220.0666485351352,15:43:58,-1
78938640.48380192,146.01139918777395,15:26:40,-1
50763872.55264297,356.6750970445928,16:10:28,-1
27421177.79147795,357.115635815709,15:55:52,-1
78645015.164945,108.7018339408073,15:55:25,-1
65691615.44674731,214.96675538947565,15:39:20,-1
52877066.18621708,312.2418574649078,16:14:43,-1
42492797.45172431,0.97647458494734,16:12:12,-1
56467393.59706867,258.891047322694,15:36:51,-1
74004797.04423486,82.54412714936367,16:04:06,-1
51512963.882816486,282.3784114436183,15:52:47,-1
31807093.735814903,188.58116667352175,15:45:45,-1
80009715.87711643,250.8482341511157,16:20:22,-1
48995240.59388624,127.3331674125832,16:18:11,-1
18321332.7970011,131.85566016857007,15:25:53,-1
54690180.53765102,267.12750444719484,16:00:21,-1
76416011.02089213,329.7848604433126,15:34:42,-1
47446024.998009294,173.47920975933587,16:20:39,-1
85571895.1947508,327.70340468131377,15:53:28,-1
12179825.324762965,51.9678232601373,15:39:33,-1
51510622.529403806,36.03162533155014,15:36:58,-1
82949593.86084634,243.56115349939748,15:26:09,-1
10295171.206593044,231.5425953953553,16:23:57,-1
10942441.907254253,117.78162617592795,15:37:39,-1
35593416.46203237,177.64507229285326,15:37:21,-1
8789844.028363734,98.89050095062822,15:46:09,-1
15616210.222887466,75.33681526910108,16:13:04,-1
40321886.41499344,49.2140063217946,15:26:07,-1
32874865.216973186,128.99870171044407,15:48:39,-1
26124564.90186859,123.28144871714014,15:30:18,-1
40269643.00935575,301.5217548254953,15:33:20,-1
40849926.04050252,179.8306563325403,15:54:18,-1
29472995.790787,78.60149824561371,15:54:57,-1
3594597.838067908,288.9718837937486,16:08:27,-1
50660100.34607437,243.90791588796608,15:59:16,-1
58943.96552751626,357.980187131367,16:15:29,-1
76384509.53090902,17.352572000399892,16:02:44,-1
61757125.772907086,286.1813377394305,15:42:22,-1
34694959.29306552,92.72157398969294,16:00:57,-1
86863559.72801183,157.19326649347948,16:20:32,-1
23159431.531136595,318.4028078283725,16:03:43,-1
34556429.91815672,198.5433382085424,15:54:26,-1
70259486.28572443,96.96072706369772,16:05:05,-1
33970227.8815629,174.4148716127137,16:16:42,-1
35383433.75709668,88.31409696775717,16:07:13,-1
55126790.623327285,282.6775621054754,15:30:08,-1
45030843.25780764,225.6283785234119,16:22:35,-1
44160827.2756918,127.25714424213666,16:20:13,-1
66975178.090798914,271.1542416451861,16:23:25,-1
25911481.590290863,105.5252615071266,15:33:24,-1
87553954.91117266,76.46917674250108,15:31:14,-1
39856895.3750167,17.273205142397437,15:37:17,-1
24388633.00149032,159.36644120094385,15:38:57,-1
20035125.574684817,0.7333878867170718,15:43:06,-1
28199862.735047445,30.730415105508207,16:24:27,-1
30542562.203093126,177.17796730282373,15:50:33,-1
5654603.372029673,79.92296717136624,16:21:54,-1
39834519.096847534,45.7434030751273,15:34:27,-1
51700576.979614295,205.25058321919192,15:59:23,-1
65742031.99985831,291.84103928826545,16:06:38,-1
28323583.55995354,143.2843877413816,15:51:51,-1
87824875.69217962,56.72805112387335,15:57:47,-1
35362165.83972795,78.36796635745578,15:41:26,-1
12149172.794553386,195.22889561438697,16:03:38,-1
23746058.61675801,200.2076488006903,16:18:22,-1
84737370.09129402,68.4237900893679,16:23:16,-1
46925119.5419396,123.87766544394418,15:29:46,-1
56104239.35495492,321.2690661011571,15:58:21,-1
51051837.93609779,338.23064492920014,15:46:11,-1
23855923.75638759,306.11382433017496,15:39:32,-1
72289980.74283487,298.5276773437786,16:15:40,-1
25156639.25873524,42.70403993044909,15:35:51,-1
62985609.17507259,231.2485496015504,15:52:50,-1
5563866.963272468,91.86340150847283,15:41:17,-1
58042718.3208175,38.4432409906532,16:11:06,-1
49652201.34777865,110.49626198777987,16:23:36,-1
83641285.27974996,299.3624228709834,16:16:20,-1
9028891.538505925,57.90013721871009,16:23:30,-1
75331590.54489377,134.9211853569601,15:32:38,-1
71996775.2373504,85.95877967679762,16:21:58,-1
71065080.57950668,102.94461029353218,16:15:44,-1
51490522.16010212,318.57031466559505,15:34:40,-1
80082797.61354484,321.8471435395483,15:59:06,-1
9457558.523930931,333.406784654307,15:52:20,-1
18434089.90651411,66.15544466243429,15:42:35,-1
26063028.300866663,141.73719253741953,16:24:41,-1
24330741.071007397,23.258138265415248,16:07:46,-1
56266921.45106867,60.33088156732221,16:20:19,-1
58475761.64666093,80.38421292067385,15:41:35,-1
39609214.75917243,342.8594979551376,16:24:42,-1
53838513.33201677,309.2551339685231,16:21:18,-1
39603348.64762606,358.1058218476477,16:04:09,-1
65849512.72070933,262.57072899235374,15:53:40,-1
60095484.841823176,58.51527231831946,15:29:51,-1
85027784.17421588,247.6302744214228,15:54:12,-1
63152391.75415257,217.1765181852337,16:09:31,-1
77266881.13106582,73.68157430928525,15:53:26,-1
39791115.64486767,67.38980524367709,15:42:34,-1
78803947.79957199,37.76878138176224,15:57:58,-1
54159904.501287214,48.71956881434105,16:05:36,-1
86644327.43579186,338.86275589561603,15:47:02,-1
46390457.61630575,89.26980052335122,15:28:37,-1
33628726.43170339,110.94091677743698,15:56:27,-1
20108508.712969717,217.343539208504,15:50:44,-1
65305468.77004792,208.0673666684569,16:08:26,-1
14567045.516419664,52.18523291465363,15:37:55,-1
45243261.219343446,70.38980232766166,15:42:46,-1
23819324.805408534,355.1157963000188,16:20:26,-1
48171507.035661,216.1771318010396,15:49:09,-1
33340992.474260118,164.1773674451936,15:57:22,-1
75981804.52782646,277.9456386682157,15:40:25,-1
26936904.848876387,112.4215904060694,16:17:30,-1
37050819.5899535,281.4074809431392,16:14:53,-1
38018269.569192044,344.3888584255396,15:49:23,-1
75558515.44954237,112.97632454511816,16:23:59,-1
55080995.67105579,5.420829533457301,15:29:49,-1
22830666.27259668,166.85400368978853,16:03:40,-1
39445858.88950965,215.55782973975883,15:25:41,-1
1852197.8978380184,184.68399244944925,15:28:20,-1
42029147.9209459,56.008334065163545,15:32:13,-1
12718542.494685045,80.40567095383906,15:58:42,-1
52590840.95013429,281.3668691676255,15:33:13,-1
6089398.540495449,256.74354113677174,16:09:17,-1
50197431.10395368,79.88199834267358,15:56:16,-1
63600437.81743248,18.836376435594477,15:27:08,-1
75808188.55295317,42.60259810235792,15:47:50,-1
60116772.83211133,281.4099515055976,15:33:15,-1
5445495.094491531,315.8848639486796,16:07:35,-1
34710443.087099805,57.36378672907391,16:07:32,-1
71228174.71192053,250.16123543440816,15:31:50,-1
24723897.81504005,151.12696116879889,15:45:35,-1
8887143.63264951,255.86905622698876,16:00:14,-1
18099408.942252133,151.03990725926744,15:40:03,-1
35876395.07295598,64.8116167415857,15:50:20,-1
17623274.35171932,12.002856894224308,16:19:29,-1
39279230.91601364,51.46673712049532,15:33:32,-1
9607712.576077605,184.20213861193164,15:48:50,-1
57621520.2853118,108.1373848742984,16:19:04,-1
25644293.67563005,5.303993076488012,15:54:50,-1
13234039.961970266,288.85854039775955,15:51:31,-1
17903294.138905585,68.29398194638893,16:06:11,-1
48798087.8819881,235.514332849716,15:58:59,-1
29318686.00841752,295.70793640389763,15:51:37,-1
71084080.7602205,183.0210216625763,16:25:02,-1
52526137.67973876,13.953341921454552,16:01:27,-1
11294333.544135258,213.34782525047305,16:07:46,-1
16035979.919747503,29.316766199897057,16:21:18,-1
83813603.17300782,229.54647552152497,15:54:14,-1
18686727.792771317,278.1520887012397,15:54:10,-1
36762247.15985964,57.80233513346703,16:08:34,-1
83321874.6639393,125.42800378630758,15:53:54,-1
82198528.8916882,143.10255570036432,15:59:00,-1
13392550.9940256,346.41982845798503,15:39:05,-1
56163220.447752215,348.3882747505711,16:03:28,-1
32159302.078992784,30.66742105794054,16:11:03,-1
1459584.8662612534,106.21148619307066,16:15:58,-1
87983793.7417909,72.61378994897383,16:06:14,-1
5040188.133221616,59.1596059056839,16:02:02,-1
15175891.34276502,214.88855608456737,16:15:45,-1
80849667.56805433,342.5042981909842,16:09:50,-1
26997689.709460057,40.00356541353835,15:40:47,-1
86792570.1704647,308.1164899683744,16:07:03,-1
85349763.30669436,34.467926405457725,16:04:01,-1
73643174.26123361,197.488511850486,16:15:12,-1
40570009.000207625,34.45739056254026,16:17:16,-1
68980096.12691255,316.19127133159094,16:20:30,-1
77865765.06133832,65.38282062569067,15:56:40,-1
24085334.3999386,120.84223103319356,15:51:49,-1
58779420.74264937,93.27762201228664,15:26:45,-1
39939022.89049331,150.11376205834983,16:21:44,-1
2926096.558481442,134.36928793021005,16:06:11,-1
19913545.54810187,319.41948898630704,15:50:11,-1
34126119.46854274,37.23879574312994,15:48:48,-1
69088994.90449283,272.5318965879957,15:50:05,-1
60258936.87529406,265.0057427793328,16:03:26,-1
35661780.427228026,166.77450657900383,15:31:36,-1
60658805.376198255,267.1912042230243,16:00:34,-1
2907972.276026438,40.84523740156588,16:10:10,-1
77781525.73150782,332.2228982604602,15:35:02,-1
53086194.82148656,335.71347166808783,16:22:44,-1
24823960.37530444,52.24351771846307,15:59:51,-1
19270593.97743363,4.276928704369363,15:44:45,-1
83712293.85749598,318.0858811341129,15:51:20,-1
56935804.90941212,261.8737967888346,16:06:03,-1
28014062.82234559,168.2236486985938,15:31:35,-1
9725720.117554376,21.171936415757063,16:06:04,-1
82206747.69039989,358.38336759458383,15:56:27,-1
57820369.11100558,8.06616777648383,16:23:18,-1
29251301.57588282,29.95777841043796,16:13:02,-1
47307505.05377418,173.3584283174747,15:48:35,-1
34156132.67259172,45.17356060379248,16:16:40,-1
78733690.02598375,79.57019827558753,16:25:18,-1
52557937.94654525,284.3124973828307,15:47:06,-1
9212860.758316245,291.9754242852013,15:52:02,-1
80884984.9399122,217.0220365608609,15:58:43,-1
54830070.78889444,38.57244263475646,15:48:28,-1
70647572.15992957,271.8517798655402,15:54:02,-1
21421010.84600401,205.91890585542043,15:55:27,-1
60161344.9502834,292.0370303017342,16:17:03,-1
12567452.554265345,291.2845737971508,16:21:26,-1
45201351.81830715,104.08599565267312,15:34:47,-1
32865665.08862628,14.27242521075554,15:56:08,-1
84990325.66049704,299.15124408989595,15:57:20,-1
48153967.06205415,257.6604202794732,15:41:02,-1
69503606.38768433,69.96588004411063,15:57:58,-1
47510953.37045951,304.29733816085064,16:23:52,-1
89737739.0394145,238.29599329707276,15:58:18,-1
9360925.565366572,70.91478968233044,16:11:55,-1
85323197.86215675,270.3130883854783,15:55:18,-1
56688086.00375763,105.6621753088247,15:47:13,-1
892537.7060477654,25.98739258232383,16:06:51,-1
25916471.02080167,105.3443672107412,16:17:18,-1
7542308.332827025,242.4121946302356,15:52:33,-1
71855778.49977747,19.95164978030509,15:34:44,-1
19439245.29932426,37.78620376208067,16:00:22,-1
78709461.80727375,134.39334571375755,16:09:44,-1
80027255.68695785,23.960850329648306,15:29:52,-1
4517921.305972295,268.29967063765616,15:41:48,-1
44890946.50383512,281.3826329437943,15:54:52,-1
70600189.76228082,38.419540300758506,15:50:18,-1
78973778.49105951,329.7434048378513,15:44:51,-1
79391817.52326116,213.79739160672787,15:43:52,-1
72950434.80188027,95.40756771266496,15:54:28,-1
10440826.194189152,110.43687498904517,16:11:29,-1
4322435.892927455,321.2253164780669,16:07:03,-1
39980894.51080344,114.3399520473614,15:50:42,-1
72869862.11250173,20.8515180540112,16:10:28,-1
88654796.37384,285.58463383771584,16:01:06,-1
25728783.5969961,94.65501057836217,16:16:11,-1
626190.8882317619,105.81901349626062,15:54:58,-1
41989810.20584368,123.31134259910596,16:07:39,-1
15784107.54078571,167.4472818606605,16:23:34,-1
44570420.79678519,21.948037606548137,16:18:17,-1
66301907.85229887,272.78317846650924,15:49:34,-1
19761362.750552297,40.279180641791214,15:27:46,-1
20965976.905821025,344.76246618717005,16:09:00,-1
35660182.07681362,354.1077388197311,16:17:14,-1
72636538.00908016,258.57229546514395,15:56:21,-1
87337283.94835322,324.0797567445474,16:11:45,-1
52735270.57198164,212.7430069166566,15:46:02,-1
37643158.054425,186.62323749840357,15:42:25,-1
65893230.43501055,108.28428454975088,16:25:15,-1
40723990.24067989,324.3288386993525,16:14:49,-1
46003984.8498108,270.630667155011,16:24:10,-1
84332057.08358629,192.2565030806769,15:40:56,-1
2252957.422290857,321.345093949152,16:17:41,-1
57986909.68229943,66.14708548151204,16:22:44,-1
25853829.62955771,137.4939754866582,16:04:04,-1
8585484.654454522,160.0894800756276,15:27:27,-1
81354257.61766304,354.88317612303393,15:30:05,-1
52738913.69770053,355.2409931446064,15:53:46,-1
88752967.36694255,240.97470772349703,15:36:46,-1
20469274.453055747,31.96431185005391,15:29:09,-1
3561356.806784559,322.68595386109195,16:11:54,-1
23903411.625173826,68.96661913060947,15:45:03,-1
60599900.79326543,304.30023260213824,15:43:03,-1
53235986.9226252,246.83954273297388,16:22:31,-1
43268039.865460336,159.27863468669818,15:47:43,-1
48025877.98278327,265.4600478913921,15:47:46,-1
2686237.778078624,63.88978376693512,15:44:50,-1
72825936.47675239,66.01476975483021,15:29:49,-1
39130229.49561829,8.048931293736334,16:18:08,-1
55759000.18717089,83.33407371831375,16:22:09,-1
3142665.8767113467,88.82458882532116,16:16:40,-1
62049357.82482414,315.2164271998525,16:03:45,-1
64443815.85732051,234.9478111596883,16:00:48,-1
27472883.44763798,318.4770826479149,16:10:35,-1
24839891.33739988,258.1442665343372,15:43:50,-1
56909541.03922953,198.07640300797112,16:22:52,-1
87305052.11826915,226.2937872634149,16:08:57,-1
65400575.39754017,248.43882463398023,15:40:58,-1
8032226.40223303,245.11417638350628,16:09:09,-1
72127990.24943288,306.56719687821806,16:12:11,-1
48485396.94825479,284.9291311931711,16:24:10,-1
57161449.39287272,285.6496657258316,16:24:21,-1
39862566.61117854,292.4208092619367,16:21:01,-1
3847627.864639812,92.40650516265592,16:25:02,-1
38058656.31046648,136.85252517244348,16:10:23,-1
23504770.550055843,255.43935857126087,16:15:17,-1
16788837.53817751,340.9237448464102,15:51:50,-1
39043016.24793658,255.84207517153973,15:55:27,-1
61617455.16777244,79.68494053195872,15:57:23,-1
44322736.62068904,222.52675034557132,15:52:52,-1
11199168.961825777,184.7293182401253,16:23:30,-1
34486579.588982955,253.43202717877276,15:38:31,-1
34686806.97793464,143.92008576674087,16:07:28,-1
89661540.07910758,333.0410685679886,15:51:23,-1
11067422.142045652,218.4974919044738,15:41:44,-1
39901171.66900473,41.005312416091165,15:41:14,-1
49457110.90458829,21.46874818766957,15:41:34,-1
36794686.441058464,105.16116281196268,15:27:57,-1
88598663.31199527,215.49501048693108,15:42:16,-1
73941531.99887168,221.3716564721649,15:53:43,-1
18988267.992114987,325.4613026400098,16:21:27,-1
54177554.93850252,279.1304275561016,16:09:22,-1
58825998.57032346,174.17364205734717,15:50:59,-1
58737314.41249335,269.27626070628946,15:51:36,-1
19252483.27796814,287.2113231504003,15:42:23,-1
42822838.98990948,105.4653799089447,15:47:53,-1
84184217.47507192,118.4068568978566,15:45:32,-1
3131592.2601220687,95.2040882529101,15:42:36,-1
80884537.04513843,208.5229559846485,15:53:01,-1
1834856.6008082144,24.226683616515352,16:11:03,-1
60716473.01303307,308.2767766811921,15:48:32,-1
14202467.80050025,146.98942831542752,15:43:29,-1
77793648.47963166,246.7102673482017,15:46:25,-1
78832017.66990727,1.6551988650075522,15:55:08,-1
46332693.23758657,50.25695572315664,16:25:09,-1
58794924.77898527,233.30434200560995,16:07:12,-1
25147715.410226226,56.69811935385725,15:55:21,-1
35767733.08745588,289.3332255060619,16:02:45,-1
87930515.36596414,277.64602377651545,15:46:42,-1
21633805.931603312,59.674281939935845,15:52:49,-1
70337054.35757625,322.4506345017214,16:04:07,-1
61649289.52374754,257.5387534816335,16:04:11,-1
20763749.194219496,188.78143983979936,16:13:17,-1
81661062.66409063,23.434440391323733,15:31:40,-1
21090197.703412503,48.94286958755429,16:20:49,-1
61557432.31289884,25.125114365619865,15:59:18,-1
32751296.1550785,287.0953063846057,15:48:47,-1
19759474.89922077,113.62619669021682,16:24:35,-1
7338367.168472978,154.78223227833055,16:15:12,-1
78534289.70654505,193.60771649208888,16:24:45,-1
39148305.07155192,291.66502610599974,16:14:11,-1
26054149.94255107,144.7284994892545,15:47:33,-1
11312050.923965542,213.532251867399,15:44:42,-1
70351998.11423096,323.80121192476054,16:22:41,-1
79919045.15950039,250.71145658808703,15:47:17,-1
68907767.98776363,44.83000225216102,15:34:35,-1
63629019.44441369,227.73562372587307,15:42:50,-1
66147602.9995842,194.2331533492923,15:58:51,-1
54076995.54304046,255.27505230240536,16:02:40,-1
8446319.224037414,18.355062956764264,15:25:36,-1
89761814.63647221,158.3750885507717,15:45:01,-1
64184204.53729568,281.27264230497525,15:44:32,-1
12062095.125003388,254.7687758079468,15:41:24,-1
63136863.54305709,156.6383920343939,15:30:43,-1
69881219.55774768,316.813354871874,15:32:07,-1
22985762.7654612,211.735486481188,15:45:46,-1
59317680.93421014,46.02373774027206,16:06:50,-1
51840368.44754972,94.72715181626728,16:01:53,-1
10455110.552805176,296.8515030930652,15:40:56,-1
40189407.5430468,255.0902479590177,16:18:44,-1
22983491.31091714,14.23099793596636,15:44:23,-1
40355174.61146133,72.67792544735174,15:57:27,-1
44947299.451474704,112.20609267503797,15:38:08,-1
26876235.879703406,279.1810243154837,16:15:48,-1
76596987.35622773,248.2969829442557,15:27:15,-1
39651080.66522352,292.8267352023955,15:32:03,-1
57678334.98216612,234.1393365782191,15:56:11,-1
21198077.109380063,304.57460744222595,15:42:29,-1
30197403.907474983,189.5800649123168,16:13:09,-1
59347736.91269162,28.554742674519616,15:25:40,-1
4974554.977293084,99.40827835138946,16:11:36,-1
63824918.10397279,176.67307811594995,15:47:34,-1
85952433.22210784,87.62635894933341,15:57:25,-1
35692531.430387825,278.5545169579035,16:07:18,-1
22734543.452795383,31.06263944926991,15:41:38,-1
88848568.60856871,83.072722245418,16:24:39,-1
37203493.91017906,306.1270536264483,16:12:56,-1
82873390.03486165,189.72103416274032,15:47:34,-1
39328024.14841119,76.56061828643689,15:56:42,-1
77206007.24244866,260.5033076971432,15:39:08,-1
5329359.559811219,325.46371797217853,15:25:58,-1
88002234.58702557,178.3671229135995,15:45:13,-1
5311445.088719955,129.22643331109842,15:37:02,-1
19704690.981387388,188.94373915188305,16:09:32,-1
15649056.451179996,209.19963597819117,16:22:26,-1
5710848.438732206,268.6968792973673,16:12:27,-1
43470359.51368081,109.58684648550158,16:12:27,-1
66113739.97386475,233.10490272441052,16:00:12,-1
19299868.412744675,64.05441516635607,16:08:40,-1
27552194.8907915,343.66501985972883,16:03:40,-1
6311821.044815966,111.08475882185309,15:33:53,-1
8458485.728882434,183.8278114854772,16:04:50,-1
55081077.62009745,214.6762649374108,15:50:30,-1
88558668.10569572,237.5982411205008,16:07:24,-1
84974688.99314465,180.4428467224864,15:33:09,-1
44272926.41428263,331.2235233336031,15:32:56,-1
83937524.92341565,61.29627369903352,15:56:33,-1
74615943.41278885,254.7299593915577,15:44:47,-1
20515134.128076226,252.87515114544425,15:43:26,-1
18190166.85209969,1.6462878807231718,15:48:41,-1
309331.4909213309,299.2354006818866,15:55:05,-1
6273671.706484317,15.5978915031295,16:13:21,-1
40834997.36129503,177.56198519125724,16:25:21,-1
83943479.0416111,256.5693947587072,15:55:42,-1
76428499.47640386,68.96295417215451,16:00:48,-1
12280894.552217243,3.625711859328691,15:51:54,-1
64608044.19898833,310.0874334814744,16:24:56,-1
73471771.1787024,49.49819583118588,15:46:09,-1
20082005.604048613,336.8745487485586,16:08:01,-1
24254073.252331853,210.52163430281647,15:51:28,-1
89627756.1783822,266.4469818677753,15:44:09,-1
75417906.4495053,311.3524762284422,15:34:31,-1
87814767.62774113,136.21093459447036,15:31:39,-1
80603734.09544018,87.01254624150351,15:46:51,-1
67711395.47510009,298.9106448006975,15:40:45,-1
67304332.83294265,56.17519350092995,16:12:14,-1
71010455.14634767,198.97875993376653,15:32:08,-1
44676551.68200512,162.34608109747512,15:56:27,-1
74965872.73211864,138.65919936510485,16:10:24,-1
27680943.12720496,77.67685364050293,15:35:47,-1
77299190.32757767,294.7887516859624,15:33:20,-1
6052126.2060092725,1.1349458420865677,16:21:35,-1
30836529.748749997,37.0891760731637,16:06:35,-1
78516423.82195948,215.9654642816461,16:01:22,-1
31759415.25929658,336.046160719642,16:20:13,-1
10911481.847417925,167.49380219891776,15:36:50,-1
73284640.80263259,239.83081376557172,15:56:12,-1
61570682.0150313,191.12722026616487,16:14:44,-1
41067901.13610038,44.58446414890738,15:48:14,-1
63386286.92530605,291.3006850482543,15:32:16,-1
72421524.924812,88.28304452426937,15:49:23,-1
17761775.379939616,52.81337721151517,15:33:13,-1
82386567.32697262,5.290898640030552,16:16:18,-1
83163877.91055152,263.09736851179525,16:19:30,-1
6445700.338782329,14.409119556255929,16:05:18,-1
53723411.8296556,18.958799219560667,16:14:14,-1
32950623.10230709,119.73200684757111,16:05:10,-1
89932374.6157979,160.55513937398695,15:26:12,-1
4282603.921404246,238.53204024998016,15:42:26,-1
82642221.91043909,144.8512115053152,15:33:07,-1
22667670.285059653,320.5930636980987,15:57:29,-1
14607668.270974817,256.0409462506454,15:57:33,-1
43141534.16900825,301.9696301493064,16:06:46,-1
58718886.75125216,228.85448822680775,15:30:09,-1
53638215.51390527,210.16667415759,15:32:01,-1
46085091.87568229,287.0426662851688,16:11:20,-1
32452618.598145712,27.85497515055149,15:52:24,-1
8255238.117166695,324.2968322220401,16:00:08,-1
39764250.64277703,0.7654013519325442,16:13:49,-1
71449990.20837216,212.09500874711185,15:49:32,-1
1269445.792388336,193.79966658830224,15:45:03,-1
89939786.76114012,173.80660234637438,15:54:05,-1
59718488.855650485,235.24521421808765,15:29:27,-1
13675397.853077767,126.35499730718524,15:41:12,-1
72575191.52314071,273.702370501764,15:58:32,-1
25921306.66533112,99.4265299318164,15:58:52,-1
87433254.50611107,214.81159832871992,16:07:15,-1
39463682.52246763,263.410571465304,15:32:12,-1
20146278.71969833,10.54318558484258,16:23:28,-1
38646406.14640893,254.70738596843756,16:02:51,-1
60836301.192909785,74.05528305122404,15:57:06,-1
42638878.86445716,17.611713447537873,16:03:51,-1
14575560.84849485,57.877277870940524,16:15:51,-1
37752366.50053413,194.6459319071528,16:20:09,-1
33330044.54940733,324.9058019907711,15:56:27,-1
61066366.52229057,119.40272001230043,16:08:03,-1
60767570.15303002,305.6245825064268,16:06:45,-1
64846176.64166261,104.92799319710684,15:44:07,-1
23640931.927880924,317.7881627808524,15:34:31,-1
87401708.79292147,281.1373513594935,15:29:55,-1
40963137.563487306,304.84028237008664,16:01:37,-1
50173559.66504586,200.53914771132327,15:49:51,-1
51442874.97953104,72.03899286818826,16:22:01,-1
68191765.97077356,358.4986370127703,15:55:12,-1
18460846.83176405,108.5600105012934,15:51:02,-1
64586519.32731976,123.42847903356602,15:35:34,-1
81801656.93035962,2.9598474095148,16:03:07,-1
57311582.96779669,252.14761952180933,16:04:55,-1
14482020.983154042,149.49571175419587,15:36:39,-1
88497949.8986368,48.706110858909554,16:18:43,-1
66479145.22043443,234.82034078653035,16:11:22,-1
50580874.65526281,295.17986047521043,16:17:26,-1
77957644.15190487,258.97691096402275,16:01:35,-1
76625611.22183196,91.96177624465648,16:11:06,-1
26045049.19398752,356.0428525166081,15:58:06,-1
57624947.14874356,87.64613548406874,16:21:49,-1
71058743.70187856,353.23244670659034,15:43:22,-1
30694757.38141533,139.7296663118289,16:06:37,-1
29896085.927637555,268.5600745641868,15:33:16,-1
32162326.514857672,251.7878123896209,15:45:31,-1
28340981.589429043,124.07004352481036,15:49:34,-1
63383173.33204918,100.5649381288736,15:36:51,-1
70806198.78990462,221.40709447372708,16:18:19,-1
12949913.674893113,188.3726762874849,16:04:20,-1
61875908.96363169,51.19264840812762,16:04:05,-1
54207414.12498886,315.8747089362078,16:03:50,-1
48137313.029004194,93.60868992706408,15:56:34,-1
13584885.965748494,129.860126207435,15:52:52,-1
67495493.07788752,181.0466904614695,16:18:51,-1
2505574.907382631,169.5710904724585,15:53:42,-1
10570352.923940388,202.877273502138,15:38:47,-1
68068186.11237393,358.68052545018213,15:59:03,-1
56250455.15976148,188.95602542588315,15:44:33,-1
10037449.293337112,106.44575763746064,15:40:49,-1
43908676.35615534,156.7373962277105,15:50:42,-1
38408151.63048092,136.346507608823,16:22:38,-1
82748837.76953824,90.65320842205438,16:21:35,-1
38438119.230680935,136.05360837567108,15:25:41,-1
75115179.67394891,272.23601353414045,16:09:27,-1
57473698.775503546,179.9965266589737,16:16:18,-1
26149425.362487227,116.275679615294,15:43:02,-1
16710213.764696626,146.4499941874967,15:54:09,-1
20161437.728074968,189.32307636666727,15:53:55,-1
5730756.078114181,170.65026424806078,15:33:35,-1
34151148.41500606,72.56794685278959,15:50:01,-1
16514183.061662327,123.70803770950872,15:34:41,-1
10126973.448328048,258.82811965946047,16:08:58,-1
88291097.2021726,184.1274279051667,15:31:23,-1
23783472.325669084,69.21157800050635,15:55:36,-1
72088072.81963931,162.02160136979455,15:32:34,-1
55540348.9643504,297.228221109227,15:26:24,-1
68142027.2308866,191.0482636422593,15:41:57,-1
37643718.516679935,326.9189955983359,15:34:32,-1
75174510.55143294,310.4742840454074,16:11:31,-1
59351435.38606111,82.39421754404395,16:16:09,-1
80936593.04867812,278.0433534712102,15:28:40,-1
16821211.151085787,156.6565026989725,15:59:23,-1
83133481.17410928,58.88920163633805,16:07:19,-1
72538070.12154725,225.3325272090113,15:42:43,-1
76786385.97285509,349.3933723169772,16:01:42,-1
43784100.50692933,46.86985400616636,15:30:48,-1
89578655.35512562,30.1725983283845,15:35:23,-1
10267503.4895178,293.03471412349114,16:19:49,-1
84455777.79302219,152.35575298098368,16:02:20,-1
63594070.70060407,245.05766762214503,16:09:27,-1
85298499.01651463,208.30724227601505,15:32:27,-1
44513091.68712472,315.08045816310573,16:15:12,-1
7968299.345122957,216.0212809043884,15:42:11,-1
20776810.68883519,61.39185259086518,15:26:02,-1
21527368.46618104,322.68800454000285,15:47:06,-1
10973700.644051569,348.9460965034117,16:25:03,-1
69141608.25954509,269.03462824974656,16:23:29,-1
45069563.26659335,197.42981278696607,16:12:43,-1
16518601.49504914,257.4544064227968,15:45:45,-1
81742166.15370278,230.73347179531785,16:09:01,-1
23355692.00551933,87.14753894879328,15:33:35,-1
14922871.295564417,44.05601976726835,15:52:00,-1
35512857.49705399,197.5039214169338,16:03:52,-1
7116300.591764267,2.1029158722752017,15:35:12,-1
16593506.09695328,245.27992635340567,15:51:32,-1
50472619.40308263,311.1478562739811,15:34:16,-1
22920786.76233865,257.7726510637469,15:28:47,-1
70389833.61662005,17.52589679752642,15:50:30,-1
36955464.51044949,317.0306234510929,15:34:46,-1
3022007.159393423,99.47870536464676,15:35:53,-1
43496186.63677665,103.49902104163718,15:57:01,-1
48014952.064286746,100.60231939577538,16:22:42,-1
21915639.955465395,61.74605651675547,15:45:24,-1
8318296.770999527,225.46980717121627,15:27:19,-1
21136510.82269019,296.03080268403505,16:05:55,-1
77909978.64658685,177.62310087636476,15:56:37,-1
60293675.057090364,38.71916595701211,15:32:46,-1
48617332.79372048,196.31210370361288,15:59:53,-1
24152862.627876725,211.09603276488124,15:35:55,-1
13831976.918312924,230.13668372838373,15:38:23,-1
22872256.564290185,347.71426535759576,15:44:49,-1
62553280.40115699,159.29212614279152,15:44:05,-1
51659469.94736628,226.3257415717109,15:49:00,-1
53269330.96612877,81.1184808359939,15:25:52,-1
81690986.59221588,349.898105052309,15:40:28,-1
193011.0950638781,134.46947953430794,15:37:38,-1
72476439.35665967,252.79544221452508,16:00:03,-1
20334510.58576752,116.82007982724366,16:12:34,-1
44018253.80409244,40.794795247161225,16:15:04,-1
29371627.49163801,216.9191554758505,15:49:35,-1
7738139.159444838,345.0377341009544,16:04:03,-1
28179178.09376471,274.7416333117403,15:48:22,-1
59600837.83541058,156.97174695787032,16:10:05,-1
82813706.74348816,102.71688692333376,15:50:36,-1
82463289.5393922,333.27323253141896,16:23:57,-1
1824500.5151323231,164.51623382011758,16:01:24,-1
47013530.29284864,164.3818045118752,15:42:03,-1
85297070.35251546,155.9437213733856,15:39:03,-1
89683825.29920825,262.8610833947069,15:32:05,-1
34844914.73567942,133.70082993871625,15:30:34,-1
66827890.16897952,57.65268388537288,15:30:17,-1
23592625.30356512,57.52621531614648,16:25:13,-1
56871205.47264239,109.17727746200842,15:52:36,-1
27567026.31274697,196.46009516338455,15:44:29,-1
52187662.70713793,132.95593440778725,16:03:12,-1
35331989.96838281,225.75542896886785,16:21:29,-1
42904707.2363916,87.75796831573354,15:39:37,-1
36326605.80861016,188.31194085640035,16:12:15,-1
65086575.87499655,178.6057945904348,16:10:43,-1
84721583.81234127,13.982681572579128,16:03:50,-1
14974333.13608501,86.84183586129107,15:54:15,-1
40607113.85144984,156.2714413925789,15:40:39,-1
48552367.49911919,310.4300242350914,16:16:33,-1
74946096.03787503,135.1063451136392,15:57:58,-1
13295622.694137176,188.0261247545436,15:51:29,-1
64654768.77696887,246.64481534231624,16:12:49,-1
34717224.6679625,30.72065675418437,15:43:08,-1
14830314.00472858,135.84871326277724,16:21:13,-1
47786140.1326436,217.47362191529947,15:39:42,-1
29762469.09423657,282.0182685512227,15:51:34,-1
4498737.020625267,299.8118934425294,16:04:15,-1
50686736.958037145,96.0772673333298,16:07:46,-1
15609137.591833577,245.76923557758,15:51:40,-1
40085614.59550763,151.08400193170868,16:08:40,-1
84525046.29723845,176.1526518327916,15:37:15,-1
11838864.13366287,30.568127147274208,15:36:59,-1
27881297.21894842,347.5598072310684,16:04:45,-1
1618135.0973101945,42.4698155278256,16:22:18,-1
65290239.383183286,33.810227333470564,16:20:56,-1
82677340.46195926,327.8679098683103,15:58:56,-1
44191220.74287888,40.53197148073092,15:54:36,-1
38212672.08767428,87.50238152420309,16:20:49,-1
30322856.72012649,93.4043478218883,15:47:56,-1
17628463.58331378,35.50942315745821,16:07:56,-1
20008102.756243408,99.16021945025062,15:36:21,-1
80204620.46312201,148.55093697719812,16:04:37,-1
73864950.78527355,122.02248727772697,16:23:05,-1
25427743.269086663,140.12983554491277,16:18:16,-1
33859925.92259647,96.85623131405974,16:02:15,-1
19449575.144553367,317.75167848613626,16:01:08,-1
49243272.85240816,212.82005536179855,15:53:07,-1
28445144.02035507,357.985233617147,15:36:52,-1
60470769.02086702,215.68780375267116,15:31:05,-1
76971898.45338231,45.29736945506189,16:15:51,-1
49723500.0242725,12.981144291837667,15:35:40,-1
46569066.92535935,240.24162978525675,15:59:39,-1
12180250.725240257,71.42446669830261,15:32:58,-1
1429005.9741543834,85.26123061104823,15:52:53,-1
22725984.762628723,308.07369160512434,15:56:14,-1
46109842.45518516,257.7886040392281,16:18:48,-1
8468569.341438537,250.0610860520836,15:49:41,-1
56597631.88013111,297.4700163995949,16:16:38,-1
81329456.14243728,233.3396391037983,16:07:54,-1
67982462.98721611,165.8947277994692,15:45:46,-1
32647560.183755107,321.15627307471124,16:06:24,-1
82740803.31830746,35.63673582607792,16:18:56,-1
18262815.561780576,259.2591524613366,16:15:07,-1
65414466.29645784,12.654795004574575,16:08:20,-1
12201648.64474055,24.59662085794292,16:17:19,-1
73293185.35119438,265.51372425930384,15:40:03,-1
52716973.707923375,77.28065204966562,16:19:27,-1
86120279.46341726,256.5119945946328,15:45:49,-1
72828438.21054018,302.04572058101365,16:04:05,-1
46539591.983295575,315.6580961673058,16:01:56,-1
38133546.55901213,124.4901817842844,15:43:52,-1
87811790.77754915,51.87381948265436,15:51:52,-1
14354608.334474811,127.42057394425406,16:18:19,-1
54188055.92038228,108.44557695239912,16:10:17,-1
2332855.23423599,319.9575955644942,16:11:28,-1
28149678.98433804,101.45204179344265,15:40:51,-1
2152159.576915397,49.74813210326949,15:52:57,-1
65717417.546661794,294.3652669754983,15:33:58,-1
35340253.6056392,245.94124877703032,16:22:45,-1
785069.8512616438,343.99186566107664,15:27:44,-1
10045263.666731644,177.48773821600557,15:58:38,-1
45612577.62005282,323.8487919219584,16:04:05,-1
42670709.53367249,50.352631696392365,16:15:22,-1
36372503.456213295,127.65788472180832,16:09:53,-1
15735589.486114684,61.62664588645025,16:20:33,-1
85843379.55734454,175.7310235880039,15:50:00,-1
86663034.82989633,222.64376221588452,16:23:58,-1
29401071.77640453,198.2572337410754,16:23:26,-1
82861263.46232937,50.695859345102456,15:44:53,-1
59679410.38732365,161.34679894753228,15:42:59,-1
64637087.41775256,120.28585748010757,15:30:25,-1
62176204.2041866,330.26190800379743,15:26:51,-1
31608843.47819259,352.4132846614549,15:43:22,-1
40521706.722176045,329.295407344552,15:49:00,-1
37575723.54647552,144.28159164307246,15:34:19,-1
89302980.47119857,337.51784940765594,16:19:03,-1
86425320.29878572,182.678609065462,15:35:31,-1
9693395.087380717,351.7388370893905,16:06:56,-1
54410792.7731589,87.74245748976311,16:21:12,-1
42820041.24432995,339.0560942056652,15:47:51,-1
18843187.807802048,234.57524379760693,16:06:30,-1
39911544.20137218,343.1402882368115,15:35:11,-1
5297166.931566825,278.5943809212283,16:01:33,-1
80445784.79585072,157.03651636577342,15:35:01,-1
88434417.89470118,222.3769540990293,16:17:27,-1
1067578.1349743898,272.3449913961112,15:55:08,-1
47438806.6624885,179.22719095444518,16:14:48,-1
37816222.05995577,21.269218347380544,16:06:05,-1
42763994.50047273,208.6445358881332,15:40:37,-1
37503947.9945365,121.7555000532379,15:29:42,-1
25716263.50254492,356.3303728253568,15:41:35,-1
60420694.280314304,200.7174150032854,16:01:48,-1
18372025.0198802,72.90813744245015,15:33:52,-1
69694578.45425299,22.873747028385598,15:48:39,-1
43963123.83566848,310.625099702887,16:07:21,-1
13679510.0543476,78.08497804560578,16:19:57,-1
54073305.481140144,151.02705916081402,15:44:12,-1
44058460.392343886,64.07699407614435,16:04:59,-1
52549779.35543046,62.55719359256669,16:00:45,-1
68686856.50437735,150.94175372406167,16:00:41,-1
89332004.29703633,300.4293456903305,15:33:30,-1
14115612.353282103,129.11894205250067,16:01:01,-1
28149378.475116502,303.7032651793021,16:18:37,-1
73249208.6681796,11.926904587393585,15:59:11,-1
25574660.11766265,113.48968231357172,16:10:11,-1
61182010.95677296,40.75584946279231,15:58:33,-1
74023944.6428509,238.40965810291772,15:41:46,-1
14021480.91710466,55.82975705962671,16:18:42,-1
87195796.42214514,153.3339733952033,15:56:21,-1
32320706.8980673,180.3324546258561,16:08:06,-1
37009216.75320156,199.8382215536986,16:16:14,-1
16453876.195542952,32.47837421586072,16:16:22,-1
37759215.343817234,275.4012535885501,15:45:52,-1
24078459.72659916,69.71627293340289,15:25:33,-1
12783760.621736435,247.31319999253935,16:02:15,-1
735516.5394375668,107.4159484490221,16:10:19,-1
55377335.28732313,231.53295653732624,15:39:06,-1
66480780.75664439,78.27095169662724,16:18:59,-1
65874999.24082136,275.1651833857441,16:05:49,-1
61871286.29449616,252.8777223609175,16:08:04,-1
71145551.82603128,311.4947863252757,16:05:35,-1
47758662.6500567,352.7690030042013,15:38:49,-1
34111508.448395394,54.279695004766936,15:39:59,-1
79408137.51832682,210.5608844689152,16:21:40,-1
35481864.10855632,303.5553627075335,15:41:17,-1
54885778.06392197,258.905714808494,16:16:47,-1
25547258.95205948,347.8220397645515,16:09:31,-1
84075969.5336606,287.93786625044385,15:35:52,-1
28412328.91109273,200.30721235834343,16:03:51,-1
66913513.13051412,106.52678367601892,15:36:40,-1
35820900.66894791,238.5537230695449,15:57:04,-1
21438656.352663085,57.79603874461617,15:34:34,-1
25225656.431221157,347.8745913881384,15:32:48,-1
4388672.345391747,139.3468621258139,16:02:06,-1
30396509.69250745,106.1870962760471,16:05:03,-1
22603288.137553345,340.4515732953624,16:14:58,-1
28422860.98335577,192.3669472216569,16:15:31,-1
6049785.510619838,353.68098043205947,15:37:37,-1
76178274.36508676,353.01022534387,15:52:50,-1
32149283.82065233,329.02432915290007,16:14:37,-1
75851713.2308333,62.9763619675103,16:24:24,-1
16242955.977888072,70.44274921327175,16:09:53,-1
57387075.03734925,105.63217344354338,16:17:43,-1
45946431.362373255,165.361025803121,15:57:12,-1
88368349.21197285,331.64736150522475,15:47:58,-1
20156024.28692468,150.61174603918866,16:10:53,-1
7340729.494225133,205.88187353482036,16:08:00,-1
57915906.90017222,13.584644574766184,16:14:39,-1
45304270.70873755,186.93687819923545,16:01:31,-1
71750748.85012624,315.96330905716627,15:54:33,-1
45278809.63500537,20.18949747310536,16:17:24,-1
16892603.92710844,206.55508669383332,16:12:17,-1
22575701.907226823,43.04564078423242,15:33:11,-1
56867528.69808319,69.27838099496228,15:45:15,-1
6994134.077123392,47.21650299577048,16:07:13,-1
7145873.849335634,159.04937422739008,16:15:42,-1
12318299.289851025,39.23490605798863,16:04:58,-1
20379988.89539842,307.0196703538494,16:02:15,-1
12233991.753081352,209.4162264725321,16:19:52,-1
54317706.3715438,137.79676660300362,15:30:40,-1
42872124.12098752,227.60310434191865,15:38:02,-1
54338895.69214795,253.3563754032149,16:08:38,-1
20406648.450976588,236.13188172757845,16:18:27,-1
58376074.02182017,216.94020551008435,15:48:57,-1
19287435.37040076,41.45732534425235,15:53:59,-1
17699892.58363619,146.8046124909201,15:25:47,-1
22958592.690774847,25.052614164781804,15:35:22,-1
5558224.884461805,140.4814526453664,15:54:56,-1
44781574.046230055,62.466376900685454,16:02:53,-1
22967757.29972432,175.46712074194645,15:46:11,-1
73518068.69524576,187.2168956661197,16:09:48,-1
5901041.509829804,359.84320380214854,16:24:57,-1
35590232.97578344,120.9018590265514,15:43:23,-1
63662289.8031133,203.1133339214212,15:41:19,-1
5070390.052757239,141.52779025526146,15:28:06,-1
75171806.36290397,178.91438770810427,16:01:24,-1
23236585.51097047,329.33512957024107,15:41:07,-1
84763780.7654699,335.96028124635046,16:22:16,-1
84597754.22068691,228.57060009788688,15:58:23,-1
74311559.51051623,312.6424620670199,15:27:01,-1
88987291.30975264,212.0020535660716,15:37:51,-1
58554468.04867657,281.93823831971343,15:53:06,-1
41306893.57772824,54.72639405136826,15:56:30,-1
31786695.50006789,245.06528918105005,16:22:22,-1
8045580.046028091,300.30432616977214,16:04:00,-1
6626994.084288129,44.20018735814495,15:42:15,-1
70592331.908106,114.6694973849866,15:50:45,-1
32536134.16097807,100.46927103457588,15:42:33,-1
66125521.0262207,350.2208683815925,15:43:41,-1
57443069.06016649,20.481165004446787,15:30:46,-1
54454457.82283194,237.97593815394697,16:11:45,-1
45766126.71800335,315.9120181428475,15:56:38,-1
88215861.68301202,352.93141433264447,15:57:14,-1
68961141.1303675,181.94774703984928,15:42:19,-1
3604801.3186087576,309.14138608051746,16:03:33,-1
23561228.340004858,85.85780549805062,16:07:53,-1
51440330.17288476,111.51959329692008,15:52:08,-1
12437907.300744615,35.52062613415801,15:32:57,-1
26607492.39929709,172.33263108245862,16:14:50,-1
22607017.85817193,217.81570294557025,15:42:09,-1
69096411.26599991,263.72074695663105,15:51:06,-1
87783212.09512895,121.61307750926028,15:54:34,-1
80553496.06132104,262.1286370803912,16:22:03,-1
60253427.20955216,287.6152133310387,15:37:25,-1
20580727.801556736,313.7030072246462,15:45:05,-1
58766555.45941222,337.2674568816955,15:42:26,-1
28255830.475637965,323.6630035365818,16:00:10,-1
37050576.22266968,161.11369778754212,15:53:24,-1
31502979.348466456,252.7633700876708,16:24:25,-1
33514935.59975317,265.83508304321754,15:34:25,-1
3654635.530187977,56.69584260591864,16:21:51,-1
69000509.46518247,90.90075896443273,15:48:04,-1
15514531.352716597,45.37498119493483,16:17:56,-1
85854822.2073708,266.03160506770155,15:43:20,-1
60125118.989107,194.28457668479768,16:01:27,-1
28929975.12245531,354.7803703211836,15:41:16,-1
78897899.4653365,95.20560362813904,16:01:47,-1
87438209.68040815,149.52148686845825,15:47:55,-1
52071543.70056391,94.46592565909124,16:13:52,-1
68138053.68559924,79.93538572070774,15:45:51,-1
88873245.11081065,183.8542497527141,15:32:02,-1
24393886.182842024,116.91791726119128,16:20:30,-1
3107269.5829544733,285.5128979112092,15:53:34,-1
77424843.95288627,331.2829091664979,15:27:54,-1
51079441.80618215,47.60916066275709,15:31:58,-1
53985853.97749367,67.26340184184005,15:48:22,-1
62158818.13554941,14.647825952988397,15:57:14,-1
62843490.86160706,345.52937903049377,16:25:07,-1
81316542.85330975,286.4750171523273,16:02:01,-1
67105130.28532031,303.09555388025154,16:13:07,-1
56600219.99216409,78.15685757289916,16:05:38,-1
69833250.91603711,349.8718857050693,16:00:59,-1
67467391.31603378,170.2643703193286,15:47:12,-1
28509758.662381887,120.72497000796068,15:38:33,-1
66566400.29232721,104.696640241114,15:46:23,-1
54842090.29350087,106.82859028750096,15:41:24,-1
88022578.67928353,329.2252755564079,16:23:47,-1
20966317.04714438,46.04412858010313,16:14:09,-1
17983346.562971544,24.196945710058383,15:49:39,-1
69710607.51779819,182.11389843856765,16:15:57,-1
72599289.24577303,78.14073825346723,16:20:01,-1
29405162.78968476,230.53872031886428,16:07:07,-1
65760193.046703845,249.8372360814739,16:03:17,-1
4087466.441534288,294.9835969159675,15:53:11,-1
83878929.21842048,105.39817104061942,16:01:29,-1
64748985.697936885,175.90023799229894,16:21:51,-1
18984015.776881177,277.88483634279413,15:42:46,-1
23962652.12421074,171.77347312803266,15:41:09,-1
18637461.022609737,355.9226529077458,15:28:15,-1
20251674.16288411,141.88576372452283,16:07:52,-1
61218360.34310155,78.35769542990404,15:43:53,-1
27009133.353343267,11.252583340364149,15:46:39,-1
81738000.63216908,304.49614785010147,15:51:09,-1
53151479.865419485,234.4424249940441,16:25:18,-1
6662322.879831393,137.50748474962552,15:58:21,-1
64963806.66923093,202.53903054833395,16:16:39,-1
10626576.203805886,137.20885176476432,15:35:02,-1
27001450.09221057,124.8817974467967,16:07:09,-1
32386447.74565341,306.88472221357426,16:19:55,-1
35380000.40995267,160.15975289496697,16:03:25,-1
48196872.275644094,110.7147391682027,15:51:28,-1
61305021.320202924,321.9983622754909,15:30:02,-1
29216525.56065441,178.5325661264196,16:03:00,-1
57303817.9364984,108.76064076139306,15:50:11,-1
24618550.737014443,203.3955063673196,16:08:13,-1
69623380.47648853,59.75444123949687,15:46:55,-1
50705576.03827701,352.6579600259239,15:35:10,-1
55242906.36154004,152.21641875148296,15:32:07,-1
38689722.94106125,355.26736472271574,16:01:45,-1
42982767.19431128,130.30567295451831,16:12:11,-1
84842129.59806451,96.00017418360184,15:32:02,-1
4791678.993912868,153.78172929786666,15:35:46,-1
58273692.941867806,189.18926348301255,15:27:31,-1
86837740.63125326,97.52605912421774,16:23:35,-1
13225672.715017928,287.1321878169797,16:02:48,-1
39573351.27146613,89.82388613891533,16:24:14,-1
47979397.3061748,69.9429374524558,16:15:32,-1
75237840.54412664,37.40887214822123,15:58:48,-1
33490093.85489457,64.6076203355335,15:54:46,-1
24365452.342260204,239.54462326659748,16:22:57,-1
79354709.67316423,69.93611111809162,16:03:32,-1
57434093.04891964,259.83330534454694,15:35:36,-1
8935490.400810994,78.54339559215155,15:35:24,-1
8403301.87624854,175.05315098578825,15:29:07,-1
56767532.73752172,159.15160858886492,15:35:31,-1
37119014.57863937,169.52287845012495,15:55:01,-1
45605688.28069896,135.18031019674146,15:52:22,-1
16676884.30567547,153.0101323693692,15:28:59,-1
65434910.520549655,239.41313199934405,15:25:35,-1
68031389.29923733,262.00501272162023,16:01:24,-1
11896397.571650771,284.7128738396722,15:49:23,-1
78939760.43422222,252.9779051833904,16:21:11,-1
14592507.078859445,24.05722141121513,15:27:10,-1
29021317.872195862,90.45710047811934,15:40:24,-1
5151899.793753325,87.86139476261573,16:08:38,-1
44994094.09717497,266.20809622138813,15:40:59,-1
30794895.40857641,237.23027286089172,15:54:12,-1
79155167.78509542,144.48587625746086,16:07:12,-1
63335823.75853097,106.8362935067144,15:47:19,-1
11519545.11329902,181.4551760905202,16:16:12,-1
65897920.016626805,80.63096827152289,15:26:09,-1
78943047.80706988,322.82468648128486,16:14:26,-1
85338835.18640156,185.13335300047615,15:51:27,-1
32637162.81694829,62.42914280067736,15:41:29,-1
26606765.36668008,241.08150112680207,16:25:19,-1
15384402.555674013,20.645733577474243,15:39:57,-1
48550284.50968394,323.230860351778,16:06:05,-1
13768072.04945336,359.7121767637338,16:12:08,-1
49789158.563945234,198.26809973040884,16:01:30,-1
23724088.279479448,231.1537056575002,16:09:31,-1
33642466.46364317,68.92139165358948,15:55:02,-1
70064798.78444001,100.70227119341423,16:12:52,-1
24055970.59143819,58.22409331169607,15:38:59,-1
74310684.87878966,24.90359328714245,15:39:28,-1
34167446.88934672,238.10929533460276,15:34:10,-1
15559991.087541848,274.68124505788086,15:57:20,-1
44195113.89905027,334.17908498311635,15:53:03,-1
81833652.97400586,147.1867140071751,16:06:57,-1
64483181.32597446,7.71032573837978,15:45:52,-1
20067802.88448924,340.2683990363734,16:00:45,-1
79026770.50814298,237.8119004427624,15:35:18,-1
21799946.06669944,1.288545046093903,15:37:51,-1
32694230.738349903,89.9225059504507,15:47:39,-1
18938889.22823113,257.72346869744865,16:06:14,-1
19410572.378627986,291.63058775211294,15:35:03,-1
10205900.877711236,136.87648568746917,15:50:02,-1
49263611.04153895,301.939403680346,15:56:17,-1
66612802.3059171,195.37447152436852,15:44:43,-1
49193583.57204627,37.94704424067376,15:39:34,-1
50858925.005955495,95.41407802980596,15:50:14,-1
83382474.3387392,220.91011740038044,15:26:14,-1
53014981.87217623,312.970301687229,15:34:24,-1
29119815.12778152,271.30521222552613,16:01:53,-1
58641928.71532453,282.09362859877814,16:15:22,-1
48177058.09498355,39.090966985849406,16:07:54,-1
20812158.06568844,268.9188853914965,16:18:10,-1
2694691.5947634308,28.141568455099137,16:20:37,-1
84085417.82557501,191.52916718646756,15:58:03,-1
82592333.99139448,254.003092914882,16:00:53,-1
7984114.83584211,281.0159488947322,15:52:12,-1
65089405.085355245,348.16468661689527,15:38:18,-1
69686386.48755275,212.05423970819692,16:14:38,-1
84159495.56738926,276.26389702377804,16:24:23,-1
73475572.25952701,140.7884537904194,16:18:27,-1
46787896.002981,306.5466194065739,16:11:50,-1
75075276.17563808,146.24968250740935,16:21:39,-1
62127393.93973002,21.01393373413638,16:13:09,-1
31116405.96094311,193.805384743591,16:10:43,-1
28430438.74282951,84.13330036651827,16:05:06,-1
41806345.71179537,353.8801603744964,15:53:10,-1
80629928.35028805,248.42406033148575,16:05:11,-1
561510.2843664243,355.8559192056185,16:09:12,-1
13672522.564268636,9.103940431104594,16:19:37,-1
52645766.13065416,69.39867170621369,15:40:33,-1
26040485.997789808,333.46261969626744,16:10:43,-1
77719491.90444301,18.491906484702856,15:36:59,-1
29864314.753202803,349.8831580011677,16:05:21,-1
10708666.981613029,182.80287137748653,15:42:08,-1
29700071.728243604,277.94886346116374,16:09:22,-1
22593717.69798363,118.10461950519776,16:21:46,-1
36359209.10711845,58.58393389858508,15:43:08,-1
54389120.4879904,81.2801990446434,16:14:45,-1
47284860.2358774,145.41564226780864,15:32:49,-1
38620674.97897934,132.8862817773512,15:40:14,-1
74374496.74788475,41.0131459475792,16:24:21,-1
81672430.64865117,144.40718721304498,16:04:31,-1
9225560.908680225,77.73477315564968,16:22:56,-1
46004507.31818212,49.13926874702429,15:59:43,-1
68572051.23064482,103.78990031728505,16:05:22,-1
5989906.059358655,139.79988905039488,15:58:10,-1
9061864.23267204,33.01791870277401,15:26:09,-1
18573040.11535191,60.64747338832233,15:38:19,-1
57934256.83068953,102.05839756127612,15:57:33,-1
83660899.79083687,1.07311420601504,15:39:16,-1
45324698.2546815,53.517079126633845,16:01:18,-1
57074007.84290057,75.60595506844774,16:18:20,-1
34049038.45387297,214.50802475525236,16:20:45,-1
73542140.75048779,302.85643908156084,16:21:52,-1
54700247.7951887,239.7196165350135,16:10:00,-1
58157313.68155668,33.940757891536734,15:33:59,-1
82618852.88427618,343.1482818136164,15:27:15,-1
36293386.16365728,338.6930818428282,16:12:23,-1
74179960.2470168,108.09933974626928,16:24:46,-1
8276369.560607973,133.53742338756277,15:41:57,-1
76037671.0179407,278.46836288928864,16:10:36,-1
19109877.49624121,21.098546903089066,15:27:46,-1
78828258.02151597,352.35961443771254,15:40:46,-1
68021891.01955433,179.73163086564512,16:20:55,-1
46447231.38367006,333.1479175499589,15:29:39,-1
83422192.1658583,111.66352952844284,16:19:14,-1
14007088.062994111,226.18608870514845,15:29:26,-1
14185284.75234614,242.13740070292948,16:11:36,-1
71167486.10499938,230.72615605122505,15:40:13,-1
1736248.0493934287,196.4495608296251,16:23:28,-1
14678366.044324908,53.72437756139123,15:48:37,-1
86594296.11382064,90.50936475418516,16:19:42,-1
2955052.0658452013,305.7202328300674,15:27:16,-1
34913521.68779205,86.76113586503571,16:00:47,-1
55960984.73489752,119.97024537234226,16:05:15,-1
17556855.600097645,53.12393220969565,15:33:02,-1
36256706.88803636,351.0472078805612,15:59:49,-1
1747406.5445038744,292.42191683205874,15:35:29,-1
78064622.69175227,83.65073617180269,15:40:38,-1
43666241.06150893,65.42590310182992,15:47:10,-1
61645751.57242961,217.66813279084104,15:33:24,-1
79575220.98213609,113.9583746467163,15:58:57,-1
2944747.6503459024,240.07480186440455,15:42:51,-1
78014057.28903255,231.7899566411255,15:44:33,-1
24501055.57605315,28.34578608356968,16:05:04,-1
57883046.819277145,295.2477520443262,16:18:19,-1
14528474.421779398,121.35509417747168,15:31:12,-1
55485929.34540812,225.6953010337253,15:42:36,-1
30202968.652546316,114.13594161058354,15:46:16,-1
51455023.73762545,350.97319660038465,16:21:54,-1
77167414.72317977,139.93776521258957,15:41:20,-1
32783088.999624424,355.2752853633781,15:31:36,-1
2854857.3378384416,59.09585197635544,16:24:10,-1
63538228.84192686,353.93986958431776,15:53:41,-1
69966481.34477012,302.3523062610409,15:56:07,-1
82506063.40348908,42.85812316966714,16:04:11,-1
74467563.47113289,106.95800779611642,16:19:33,-1
54002800.53334813,31.57267251569749,16:03:44,-1
35128432.98807944,152.09631724632857,16:23:36,-1
34871577.60330007,269.4680604162211,16:00:16,-1
38312231.05978882,16.925086891422065,16:00:03,-1
27182870.069719717,97.09383305718082,15:27:09,-1
14500570.57180271,2.957611018473205,15:56:19,-1
84965499.26359844,164.46805010067118,15:27:00,-1
13529275.775255367,339.4147239282182,15:25:52,-1
61585595.4436488,82.25570292606182,16:23:02,-1
44121753.96321718,200.31098486812067,16:22:03,-1
88002810.84041521,311.1951223594234,15:43:36,-1
66739814.21207255,65.94116511195632,15:25:54,-1
11144171.39628711,44.772995694178974,15:39:21,-1
75295390.14466657,58.72507319360796,16:18:23,-1
10174211.137612255,141.3310792905354,16:19:05,-1
28196947.931507237,202.22394832136763,16:23:37,-1
19925043.268297505,41.87254320837177,15:59:46,-1
81516024.59870845,21.426670960169623,15:55:52,-1
34231172.747292235,150.81369126574373,16:20:04,-1
81219445.18002544,218.5647624490738,15:25:42,-1
85420607.90766178,10.288141418208395,16:14:26,-1
86572637.33751269,251.06011545339996,16:06:41,-1
46264519.85918012,22.098411412507826,16:03:57,-1
27853374.36679329,283.43168110365593,15:37:55,-1
44872110.3747523,106.9969151920521,15:43:59,-1
61409978.18110628,1.1016200861395742,15:57:57,-1
45965795.06696164,211.84953513249815,16:17:02,-1
4195732.954929785,201.9709635338968,15:38:38,-1
61583103.03616462,197.64134861005493,16:08:51,-1
73559319.3112634,136.49888225663034,15:36:38,-1
2202607.609487435,38.488923239987,16:12:13,-1
63709218.242108464,30.08577670674333,15:35:11,-1
35729618.270149134,259.6239085707384,15:48:16,-1
66219132.81623481,192.63665609872865,15:33:27,-1
50976609.79017967,127.8885572561215,15:45:09,-1
17075106.908717964,239.1931629512955,16:20:51,-1
75810231.35893951,351.965434365933,16:16:53,-1
5286556.22452998,341.9649404670505,15:39:06,-1
24838640.88872683,113.45991257938392,15:56:41,-1
197153.59925167976,235.1762217340661,16:23:49,-1
39424347.645326,348.5795868737173,15:34:02,-1
50100196.041120805,140.28737623382256,15:34:45,-1
14563292.422173416,336.0978625387309,15:57:36,-1
22594571.17101425,128.52585950159352,16:00:20,-1
70211612.25119768,308.0655149126747,15:57:34,-1
33910192.826140545,59.209208178741086,15:46:25,-1
64948488.23676195,82.82320553348582,15:55:06,-1
4968327.605832803,19.463406720689896,15:59:30,-1
86819207.71994494,292.4428516361328,15:59:07,-1
68524060.80621736,129.62528572456904,15:29:30,-1
8939062.714768825,303.05392635772023,15:29:04,-1
27483382.0996798,46.00814309739506,16:09:38,-1
51752090.18043164,93.75856778290022,15:57:23,-1
88387484.15623194,0.7062763444380815,16:15:06,-1
87246606.39293961,67.44878372880507,15:56:18,-1
81727522.43494168,2.3759129329020467,16:11:31,-1
4946524.607381472,180.6977425514562,15:54:55,-1
85665343.71332048,326.7128592460912,16:24:50,-1
52492452.7756468,135.91712884131644,15:41:09,-1
48696898.55030908,241.58026739431344,15:56:53,-1
64929261.15010351,0.3807081252914157,15:50:42,-1
44951983.13841322,243.92119936354143,15:57:03,-1
31150408.84425097,62.35372458595581,16:03:11,-1
84883048.66645497,261.1129714347814,15:34:11,-1
17001431.633611273,101.53274719341044,16:11:23,-1
76000278.7396697,329.0268500125322,16:18:58,-1
62278009.8127759,336.0520266699997,15:41:37,-1
57814519.441398166,228.45332175441203,16:20:31,-1
83551625.78654888,64.79396296065259,16:23:50,-1
30135764.39034302,312.2189212403689,16:14:18,-1
24837719.5491635,285.8276261453734,16:07:08,-1
3859202.021254122,14.710911878388924,16:01:41,-1
62884231.51622787,37.9205573582692,15:44:03,-1
17091011.809735127,95.45169490244476,16:10:37,-1
62732782.95497493,300.827533093361,16:02:55,-1
28105031.353402857,55.51320822252607,15:46:05,-1
943860.555046345,40.87770048114757,16:15:34,-1
78103179.15757017,171.49533535024804,15:51:08,-1
39634647.31605227,334.9258802205508,15:56:56,-1
6749543.134523629,110.0717578863054,15:28:35,-1
45487563.74191621,227.6754707149656,15:47:44,-1
30429840.148511376,254.578478215952,15:59:29,-1
48161923.57499776,251.3573599158227,15:56:11,-1
27279315.50123583,115.169554512666,15:41:43,-1
23103941.30410393,292.9750066735928,16:11:43,-1
24498505.74246348,29.074511156402707,15:31:07,-1
25752645.4848068,293.20288835100706,16:19:27,-1
35830864.749834016,89.08507380590555,15:30:38,-1
59559684.12127865,330.4664411129248,16:17:10,-1
37236861.01622821,31.84372566986645,15:53:09,-1
84924808.61821412,27.22981342373525,16:11:44,-1
72844949.43394534,120.08996086878544,15:37:18,-1
58264391.26631626,314.68327567759434,15:33:46,-1
67237998.98526041,185.0885103057044,16:16:50,-1
78455437.33756767,28.294521540462284,16:10:40,-1
4541638.564446704,151.43897948743736,15:49:21,-1
32895311.953437343,19.28843195044815,15:25:51,-1
72073377.92032705,198.9319486700861,15:31:26,-1
75827004.72876373,126.6497129961735,15:56:38,-1
34074918.3236407,20.188229857135926,15:51:32,-1
25470118.36931008,52.69025855536038,16:03:12,-1
7676704.902115451,359.91556115118067,15:29:39,-1
12004490.863238478,160.53231677441403,16:18:45,-1
48916224.19449216,323.8932197435452,15:48:22,-1
29059969.50603321,317.714767735128,16:13:29,-1
43038585.13890376,279.97686757718884,16:00:33,-1
88287792.48198523,74.61363049840597,16:09:54,-1
45075293.79904487,82.94246006806857,16:23:30,-1
79604446.49335708,241.3460915806638,16:04:20,-1
54994527.867130406,289.09491585132906,16:07:12,-1
9015486.85718938,359.8769865718445,15:44:27,-1
24715501.36805524,264.2485580943147,16:20:00,-1
16975004.091549013,16.27050562611613,15:32:54,-1
25433623.99121514,104.05141112240553,16:03:50,-1
27110241.79550202,347.5232557486591,15:52:51,-1
60736287.02229927,167.4098255710701,16:16:03,-1
54208032.41915565,114.81807420758504,15:47:23,-1
82395270.7342584,62.39367048059052,15:34:10,-1
86030614.16793686,273.19220804198017,15:59:23,-1
70325478.90912668,90.6247879322202,15:26:57,-1
75416574.47287457,23.64943070050376,15:57:09,-1
40576965.82060134,311.76535430037285,15:38:56,-1
7432388.500254478,347.02107962732765,15:51:59,-1
53951517.84198951,230.02250929477788,15:59:49,-1
33887458.537495255,78.96954134663711,16:07:52,-1
12534944.160518086,324.5479077209059,15:42:55,-1
33764644.212653205,74.79012151322368,15:36:20,-1
30241642.082063265,226.5679492576241,16:01:55,-1
80655268.78167129,236.2165676559544,16:17:46,-1
79984138.1955927,39.50200364715381,15:56:17,-1
45253249.70111434,189.69548105168585,15:57:49,-1
28333872.42535976,281.89198944666225,15:55:00,-1
1954987.061390488,283.58484894514504,16:19:21,-1
75372416.49182926,327.6522535627676,16:12:24,-1
65785876.24927232,324.7783354162116,15:53:54,-1
79413835.4436657,298.42779994094514,16:02:13,-1
10913885.838271284,188.88712551632184,15:42:39,-1
82495166.6314154,171.04181737073048,15:51:06,-1
7246582.180277615,85.54190460770923,15:51:40,-1
28426139.53907824,209.3300654290624,16:14:45,-1
29475069.41042092,34.96392021872153,16:11:39,-1
36412753.7409863,98.11267630832424,15:51:21,-1
8366105.296582239,62.14206214259758,15:42:29,-1
70516339.76255363,196.1832748739185,15:53:13,-1
89546979.72646245,288.2501687726258,16:04:35,-1
14067807.218740504,5.5615651017825485,15:26:25,-1
8022057.290383331,245.9147109276089,15:53:06,-1
60261806.457304366,109.3119534522068,15:50:09,-1
23068985.48103325,336.7494618602047,16:02:02,-1
71212441.73594993,38.28205826619934,15:59:40,-1
70926609.43543741,327.20613746495616,16:01:09,-1
43246369.87807725,211.73342177027965,15:32:45,-1
60514465.1396831,103.28869664207257,15:37:39,-1
70362804.7208091,212.1221454823326,15:33:57,-1
57489415.59816561,99.28523890986816,16:15:50,-1
57151300.644850686,125.7604663082502,15:25:31,-1
79916461.7937891,187.41634893839569,15:41:51,-1
11431102.683945788,224.3045316880632,16:03:17,-1
86275790.03262508,62.496836315926345,15:57:30,-1
86267203.71629928,281.3808357342351,15:28:03,-1
69470544.55488186,177.62204750598116,16:12:08,-1
17784601.754144713,328.39179244387765,15:48:51,-1
83305610.0589275,183.5791042350656,15:49:07,-1
82334963.92614834,325.434274893569,15:26:39,-1
58553052.78797682,256.995425885009,15:58:07,-1
53377669.80982388,203.67042100768535,15:39:57,-1
65353616.4599149,78.43350857209892,16:24:36,-1
64628469.72630768,130.2394775536596,15:50:49,-1
57801868.400925934,307.99462522846164,15:51:16,-1
86287278.61227493,198.7017953729386,15:28:48,-1
47196267.299284175,167.89957286967595,16:15:57,-1
4392781.921216797,64.69756165217842,16:22:19,-1
88592825.60760742,166.88315064906138,16:08:59,-1
27119136.595235497,137.5650258903736,16:01:14,-1
74760710.52136783,26.688209869679373,15:57:33,-1
70463842.6721259,243.6716818527857,16:22:20,-1
3881747.8051300505,13.365902826067174,15:29:22,-1
21060001.738160346,275.9993115128913,15:44:12,-1
38869578.17408045,18.913441937813783,15:55:13,-1
12262119.998823669,47.05593021133943,16:11:52,-1
65297293.667047,256.4107500676721,15:37:46,-1
35610617.6677861,68.20427748752302,16:01:20,-1
88197412.70112494,18.876910485510827,16:07:47,-1
40264334.164496325,35.767210061621164,16:25:19,-1
80627554.84521662,168.91378932039444,15:51:42,-1
32986828.23893528,320.4845626568173,15:37:21,-1
23570943.34245961,193.03738358610747,15:32:56,-1
4593047.355454267,324.31967180353934,16:10:07,-1
65457228.459977575,224.0727460516368,16:05:58,-1
25314789.231526844,297.7296071655092,15:47:50,-1
60269215.62069147,323.81124948979016,15:26:06,-1
45176299.47540554,321.9507516697917,16:15:33,-1
39230667.74835945,75.95533187879448,16:20:51,-1
5324490.345949611,163.60589331358705,16:20:34,-1
4220987.865147179,110.1429635318954,15:41:56,-1
11334340.926601017,92.2669246074432,16:12:16,-1
37110348.16257466,315.5289159063678,15:37:03,-1
71887530.18899228,199.70812883558085,15:33:21,-1
75132270.98860818,235.83383634975772,16:20:38,-1
46261631.98630624,157.5163806610488,16:01:39,-1
43532389.60449936,170.4729936591571,15:28:17,-1
24563014.86007736,312.7837293125287,16:24:04,-1
11815135.841193786,28.72965106649232,16:04:15,-1
77563308.9275388,205.33266536002893,15:51:49,-1
80038856.33922412,36.81503116302434,15:46:59,-1
75645409.7155312,250.7633111519199,15:45:23,-1
47338401.56530633,352.64521014037547,16:19:06,-1
82771799.52709067,45.2979422164873,15:57:08,-1
31863607.93314155,349.4200008789293,15:28:01,-1
32747758.016252704,43.656452780148,16:05:13,-1
67873291.50788143,200.4259941884833,15:33:02,-1
87281036.41618687,131.0421032276665,15:47:14,-1
26113421.042954687,68.8716678210277,16:00:39,-1
28481.774114437096,8.82995960339727,16:01:18,-1
66231915.91337438,305.457067368007,16:09:02,-1
33567198.08585449,159.5774649429645,16:07:00,-1
38649802.5934975,218.79689777406668,16:07:11,-1
48199810.18232333,255.88671487080703,16:19:52,-1
9223128.304259766,204.54264726167096,16:04:46,-1
73173457.5669438,71.1592334559707,15:40:17,-1
28570997.76454263,0.7039343130890252,15:56:41,-1
53176777.89053942,311.2058451683814,15:37:08,-1
1871680.3599971216,187.077606204373,15:48:16,-1
52086050.30221114,46.06999501579437,16:25:13,-1
3422363.246651196,71.50262803830236,16:00:21,-1
32504316.363057338,119.96005788346748,16:15:06,-1
9034699.70706966,178.2882191230658,15:46:27,-1
22966548.87784905,171.27316806516671,15:51:03,-1
7353980.981690234,235.5072849220273,16:05:32,-1
25604024.02708066,156.03315850547585,16:04:36,-1
30452287.206857283,12.395474630674313,15:25:46,-1
68639183.90083285,340.6028555745774,15:39:40,-1
68442501.74984466,11.523726850971642,16:19:04,-1
87590664.1712763,219.39534235024928,15:56:38,-1
24785456.676443037,25.6210387038059,15:58:33,-1
22767223.048674427,5.615494255436833,15:59:46,-1
37973795.48478677,114.5922658885612,15:58:34,-1
15009368.02965908,197.11438412321635,15:27:58,-1
84956804.17848566,341.3143824065687,15:36:55,-1
47380111.890320696,30.30712384797606,15:41:41,-1
44699818.1873086,309.5031665158958,16:00:49,-1
57684528.28702085,273.44730153341754,16:00:15,-1
24083694.025837388,326.3008253404506,16:09:51,-1
24915901.81990105,181.3239366887976,15:35:56,-1
67862134.09843826,112.77916582007302,15:51:32,-1
796300.0117410119,192.47513157319764,15:57:50,-1
64576204.06683455,127.33414361792669,15:30:14,-1
51601580.424303725,109.63499148675724,16:11:47,-1
57816526.39213703,323.7762863463582,16:12:07,-1
45265635.40022681,140.7336482982023,15:53:40,-1
77595583.86316785,282.9910540416792,15:36:29,-1
16758557.259857018,229.1454885933485,16:05:20,-1
68812033.6653694,199.29373823105985,15:48:02,-1
54724330.07143785,68.67249622232971,16:15:26,-1
26865238.38398625,238.5135451174553,15:53:47,-1
41789289.264877625,257.04254518464046,16:04:28,-1
46706051.4406336,101.58893622895306,15:53:54,-1
58423120.84289565,230.1100713005931,15:28:35,-1
46053823.59265912,124.11718578234532,16:00:31,-1
33812246.585169,130.20812651380825,16:08:16,-1
60625941.2911764,81.39432151390076,15:56:21,-1
72991451.24878567,256.68463222967245,15:26:11,-1
79280145.72854516,199.3438456426792,15:39:40,-1
68614636.9413238,325.4031311220406,15:46:38,-1
57883785.47043421,41.73634965749992,15:53:25,-1
71706204.63619922,315.04249400126497,15:48:41,-1
6227885.886174426,249.6938702616058,15:59:58,-1
45152524.84906817,166.92455163596478,15:54:40,-1
77076075.48906517,158.87766355360952,15:39:32,-1
69969729.94250114,328.2681035680744,15:55:39,-1
34097981.244872384,172.38759498368222,16:15:52,-1
67547853.49895318,267.12973308121343,15:36:44,-1
23265562.12461689,186.6652822182351,15:26:20,-1
48500692.04261814,125.92826304360322,16:19:24,-1
65164352.33503339,260.1509197708924,16:24:23,-1
85955265.66092414,228.4849961481648,16:04:48,-1
3531045.7340825745,40.65534982747994,16:07:52,-1
67077359.23542305,342.33040034491734,15:46:24,-1
26708490.351204976,330.69623286500945,16:23:45,-1
25431688.005805083,251.4850021386236,15:27:36,-1
48743355.50355679,294.7876741017407,15:47:06,-1
43683612.43963616,150.81735130421842,16:04:32,-1
13482447.909713872,47.08766108751677,15:51:26,-1
54836194.78723311,38.817319407618335,16:09:03,-1
63784268.92795362,285.4829253421248,15:49:07,-1
36816679.07401769,224.9868472012514,16:19:57,-1
34862070.294935964,87.22320946370202,15:31:44,-1
30706471.86223701,358.84733951670654,16:18:33,-1
19810400.26643008,112.42022419747934,16:20:01,-1
68769205.903366,97.7683016568326,16:06:54,-1
86023299.62741677,265.541932299624,15:41:06,-1
2903904.634476633,118.32762266013656,16:13:34,-1
87114190.61214966,153.57155342186778,15:31:25,-1
67756009.31675397,315.65032335451,15:27:10,-1
25458518.21867936,33.0962176101088,16:20:20,-1
67548160.87670352,186.3791196303199,15:28:11,-1
55078851.10191818,193.23261594447223,16:07:19,-1
72919904.58185291,306.6990117540105,16:12:31,-1
2927551.889310716,2.5493750918600844,15:58:03,-1
22447703.288540594,1.5520249162669852,16:22:10,-1
9023832.368582,194.47358212855423,15:49:54,-1
49612466.482602365,354.79283108671166,15:39:17,-1
21360662.815151267,208.678946376997,15:38:52,-1
38830142.443462186,271.0199560337513,16:07:42,-1
13559865.011540186,335.4937859244894,15:46:43,-1
22646476.0085566,120.2909829173133,16:10:22,-1
42621381.97961298,258.205030619494,15:26:15,-1
24115212.88876549,335.2379574585649,15:37:49,-1
3693394.975662429,90.19454999523472,15:56:11,-1
77499753.43365207,146.1433571501793,15:50:54,-1
66703241.48485248,271.8740798223383,16:13:07,-1
23379528.18375207,257.34033910644723,15:56:03,-1
89407798.56032456,308.40116732121675,15:39:52,-1
45386718.338904254,140.50861179951897,15:35:11,-1
61649867.455996014,151.96497851373846,16:05:51,-1
1655410.9142249776,228.06808811952675,16:17:18,-1
36623781.62549213,109.75527258381469,15:53:46,-1
52334093.97587799,260.48302407748326,16:04:33,-1
30644466.783952408,334.986784067379,15:58:41,-1
56707915.07378862,292.65097731439613,16:08:36,-1
74646039.40180682,262.66582505575207,16:06:58,-1
22865412.336795032,249.4360806751013,15:39:39,-1
18985084.189639702,92.76614606005217,16:04:23,-1
13742027.696233736,122.13353217561756,16:20:24,-1
75354902.55779643,18.678814191971785,15:40:10,-1
15732206.442392465,307.95988632415776,16:04:15,-1
55836142.74995749,332.97070899060145,15:45:06,-1
45739550.90587609,203.3366976133962,16:07:06,-1
34500153.5014042,2.300120228354752,16:00:19,-1
40155984.204789326,182.9254782700868,15:42:21,-1
28598329.809515476,60.33043261682168,16:08:45,-1
24687336.92755096,94.6889668393084,15:29:22,-1
79654996.76960625,138.1327955852391,16:20:41,-1
82020282.955923,312.63775709831674,15:38:14,-1
9434277.159146553,344.1621197086129,16:02:44,-1
84287911.98800482,336.66867248484806,15:57:51,-1
68118511.93202665,128.15388017058171,15:32:53,-1
37563552.22580994,147.0189451215814,15:57:00,-1
85108563.09367119,345.0403245963856,16:13:19,-1
56971517.9306382,315.6895659362615,15:58:24,-1
24782220.341074195,100.31800885027388,16:07:21,-1
81278508.37168333,109.5654990010223,15:48:06,-1
1975532.8796336025,195.48014826736545,15:27:07,-1
64446833.57904405,286.0453569876122,16:19:26,-1
14212475.903353171,9.918302609866313,15:31:09,-1
46146242.52669632,224.11692745017487,15:55:05,-1
32656106.266581904,9.460363806704263,15:45:25,-1
29006060.07329334,91.42085466649851,16:07:03,-1
9239743.082227698,178.7511470130569,16:16:58,-1
29911961.084744014,348.49353243603645,15:50:30,-1
38250343.698121786,142.41875237440425,15:45:22,-1
49452443.26413171,98.98466528573005,15:42:35,-1
87368380.82765442,327.462352881455,16:05:28,-1
47787853.18287817,308.5448446832649,16:14:25,-1
35041239.88546974,300.1984333318797,16:22:12,-1
30405548.825306628,36.893954553489095,16:14:50,-1
21159106.9444006,22.81915130029706,15:33:28,-1
36807465.36499922,1.1849145491498136,16:18:50,-1
66955343.205609314,340.49871986048515,15:59:41,-1
15687483.350308614,144.79902443335143,15:45:59,-1
63043496.19935784,111.20374443092967,16:18:20,-1
6987422.393432697,316.1064361747677,15:26:28,-1
82317053.32708478,230.08942331864608,15:42:40,-1
1345452.648390744,164.16318645872266,15:42:17,-1
89772869.3850964,307.49404792477856,15:50:53,-1
36231100.98039874,342.46429980880146,15:32:11,-1
59898759.64939232,67.73060764004471,15:32:16,-1
65694021.08160083,305.7590258703681,16:21:24,-1
3135979.7399812443,220.05426559531264,16:22:54,-1
36596467.92390802,266.8995598164452,15:29:46,-1
46681786.51423693,268.21433133866043,16:13:35,-1
19996593.421743836,92.63356560378384,15:57:11,-1
25062901.69329472,176.1797755077588,15:40:23,-1
44064995.95260467,61.93979635940788,16:22:10,-1
59660495.9860007,238.0323282144872,16:00:48,-1
53288033.56487504,282.28398434900174,15:47:09,-1
54858729.460931286,116.06742073565034,16:24:59,-1
88123020.45292738,114.80827384215512,15:32:52,-1
26864961.90817139,25.93177308262973,16:18:57,-1
50173928.06485785,155.24579823167386,15:52:16,-1
7864094.98935497,303.3957099846307,16:24:46,-1
39840466.579199605,203.83589594161097,15:41:52,-1
73855598.27014922,18.80592859253996,15:33:23,-1
70387223.36265272,206.3112317635786,15:52:47,-1
14750063.755591637,26.00773101060556,16:00:29,-1
7560792.541360037,336.0042047679978,15:34:16,-1
36560141.40225902,324.09472693412494,16:01:02,-1
57703533.33461677,91.17329667987713,15:33:09,-1
51241147.59466542,22.258964523419262,15:52:45,-1
76246796.9312256,266.33751168655624,15:58:39,-1
6203379.91814748,142.88836313497148,16:20:17,-1
33516722.307807744,56.23141281194634,16:20:17,-1
59567977.88662302,20.896271691208696,16:23:31,-1
78709685.50545283,46.55656355838168,16:03:17,-1
78344809.34978695,307.99071305844285,16:11:02,-1
26698490.160349444,116.20415331675406,15:52:30,-1
12418981.22713513,254.48443280921708,15:29:38,-1
86195618.97595884,169.7858797311844,16:13:39,-1
52560205.121219486,51.60709241508182,15:34:20,-1
41670654.2521698,53.26042248062324,16:20:54,-1
60643470.07942071,230.4904814453718,16:24:29,-1
47181295.61290743,275.6667161371953,15:58:17,-1
32710055.95026136,37.878261265752776,16:07:24,-1
2627244.6193285678,23.664611002513777,15:31:19,-1
76827766.33311406,92.76123253341562,15:39:54,-1
88735484.59556408,253.16048862550605,15:42:48,-1
1056119.6060045531,85.56047780876173,15:54:44,-1
9737274.029557724,218.4607919732709,16:19:15,-1
77279332.74829704,327.32787960410286,15:29:06,-1
49824437.21707318,35.21509987439572,15:34:51,-1
34168452.6727967,322.348003172942,15:34:30,-1
82894004.02284661,149.74881857974876,15:30:38,-1
74431191.53440586,141.067239610961,16:16:31,-1
40621821.16987922,71.96685406426339,16:22:17,-1
58378834.35977843,347.12618576581565,15:45:39,-1
88275154.63243629,258.4020307456417,16:18:04,-1
10148620.35020167,11.146268689180584,16:19:21,-1
40725313.06142971,271.8914676182468,15:46:06,-1
45251810.50778064,67.71198599458188,15:55:44,-1
20719550.6352121,80.6426269177056,16:25:24,-1
67534073.03743546,1.512940964333005,15:31:37,-1
27196119.335823484,166.61952616081007,16:24:39,-1
36875437.80959911,187.3717916480707,16:00:06,-1
23012829.438322704,218.37116646126432,16:14:44,-1
83256397.25232337,38.76283076818123,15:35:00,-1
61860178.04603774,172.14221426326313,15:49:45,-1
89683510.74149582,220.0052811700529,15:58:20,-1
47327672.50964317,38.9110510459256,16:22:13,-1
33795319.37276363,328.0022575245764,16:22:09,-1
70728433.8702238,94.02659474703935,15:27:42,-1
76962231.77466227,96.4002629546634,15:49:46,-1
28587090.59624829,322.617124960207,16:10:57,-1
57545516.39065578,154.19411795672409,15:35:12,-1
26370558.02184707,300.8708695309815,16:01:14,-1
53878853.51509508,46.85879597865577,15:36:17,-1
54441352.89315195,217.96706636746995,15:43:53,-1
4308309.884178549,346.6007207519612,16:11:11,-1
83408290.34733777,128.1287429084228,15:56:23,-1
47799327.78233268,158.09623586893605,16:01:33,-1
86145778.5361099,29.203358680207643,15:39:53,-1
77836674.32887517,130.43319828749168,16:03:53,-1
74709542.74529672,186.21950465158412,15:35:34,-1
36868632.29124602,51.06296569393588,16:03:56,-1
87895732.54068682,98.8598658268003,15:27:39,-1
33334568.62622157,266.7687332269662,15:51:58,-1
10782104.870449835,323.3009226278098,16:23:49,-1
48391969.67262948,183.21079070066708,15:58:15,-1
66012827.43019681,159.62055307821237,15:41:23,-1
37856995.054571696,191.00762066351464,16:02:27,-1
64158923.86845702,50.20419800975663,16:04:16,-1
56236806.90596579,208.12517355019895,15:50:04,-1
86326333.09154966,268.42112123873767,15:36:52,-1
60189868.585344784,337.510516953432,16:04:38,-1
10306453.60351676,85.7854981085666,15:58:10,-1
16051252.234545223,77.40390697929055,16:01:13,-1
78359069.52040471,347.01151538044417,15:45:48,-1
52883901.1103636,134.584039804847,16:00:22,-1
44948486.82357944,236.2841701618057,15:43:18,-1
65897132.67982757,52.24614355441015,15:26:28,-1
32112768.609623283,338.56861488755885,16:21:17,-1
77975346.81810223,315.41099482765685,16:20:24,-1
66478460.94324572,165.16860283060268,16:20:57,-1
81644062.50277399,261.361828331886,16:16:40,-1
35467453.2782101,4.450124107161764,15:36:09,-1
59569006.17227852,264.97633267887386,15:32:09,-1
77152927.31966542,271.3639123733334,15:28:47,-1
29879337.60565156,171.69508999856242,16:22:15,-1
84088123.47216801,294.4164792671124,16:05:25,-1
31344128.307078104,295.2251897051323,15:55:12,-1
60979180.80286159,272.84380200372874,15:45:43,-1
34575738.57143918,110.9977983319438,15:43:23,-1
54765614.2656605,305.08385868972465,15:47:31,-1
40022042.00548022,29.46866326895808,16:06:42,-1
73734419.13493831,276.6921025298646,15:40:50,-1
67350199.6767243,175.80846111553808,15:50:06,-1
68164804.93211947,196.7745181303494,15:53:13,-1
48214170.22797455,136.1637926017523,15:49:26,-1
70682960.55382642,97.94105327446938,16:11:52,-1
44591555.67983204,109.4706516097379,16:16:21,-1
64339603.377758935,353.0714875758455,16:22:10,-1
50877016.93356651,81.44336818465239,16:18:12,-1
19809704.054447845,300.9790774262249,15:33:09,-1
73004062.41050774,119.90480737875237,15:49:14,-1
77449242.14148931,86.38261332691421,15:44:15,-1
61193458.372212455,124.22738386313684,16:16:17,-1
53313348.00997811,283.9101494664444,16:24:29,-1
8771661.911274793,39.51058152184356,15:57:21,-1
47316151.77299954,279.80076458853614,15:47:54,-1
71059868.84638609,347.21154729816345,16:19:21,-1
24299186.765569866,334.31033629866727,15:50:59,-1
60319946.56416473,39.72113034472228,16:23:14,-1
6293474.797830375,237.09153433219737,15:57:09,-1
78261862.40413517,195.23365391866,15:55:11,-1
54600989.03946697,107.01508222949695,15:45:49,-1
38075464.48169349,147.76471892327595,16:01:12,-1
80455227.3476958,241.84156125681668,15:41:36,-1
86386577.74428941,203.1273526177565,15:51:03,-1
51629722.29775834,252.365068265834,15:41:17,-1
15799743.332255729,211.6538854710715,16:23:24,-1
10416471.511239668,18.901107229621704,16:25:17,-1
48252026.99513762,157.61794401140142,15:58:50,-1
46245185.62580711,0.2750379264288005,15:39:01,-1
2524672.437393029,329.5389148718139,16:13:53,-1
36973469.8051396,72.73384057131614,15:47:39,-1
78302652.79893716,298.5674626068838,16:22:10,-1
60748601.72065569,295.8938627054172,15:37:14,-1
26440995.73103328,4.357825031977942,15:27:09,-1
29931415.622095183,165.11886915904262,16:09:11,-1
34519447.993859366,301.0372325675612,15:35:58,-1
36815142.02503458,256.5621179173388,15:25:43,-1
63349410.7402184,250.48656797853667,15:54:35,-1
57227851.34104051,352.76881179703656,16:24:39,-1
7487435.5021874225,181.4307349873082,15:50:50,-1
26041646.104318537,116.10338173670164,15:55:35,-1
15393887.366523948,289.86692665057706,15:42:29,-1
85806155.99607973,310.61334750107704,15:44:33,-1
46876696.83498866,231.3135045174812,16:18:31,-1
85276952.33186749,48.18777102069443,16:04:04,-1
13236353.774303518,312.1527389750564,15:36:52,-1
55302125.86356195,298.1325712339288,15:39:32,-1
56356341.40769056,22.520639906655035,16:09:02,-1
46573516.38784691,328.66568012538056,16:08:07,-1
9715185.455916071,134.42585806636575,15:44:09,-1
85019909.10309958,339.7781301251164,15:41:20,-1
85232234.74857973,14.572240029030832,15:36:07,-1
58856894.277757786,48.31481147607111,15:57:53,-1
49628026.04289068,213.83507440072992,16:17:57,-1
59159341.03118049,38.45819912851882,16:22:48,-1
7773805.834667421,86.76639580660026,15:29:32,-1
12710273.220999358,71.35943227873543,15:28:45,-1
51209319.55754348,67.77050548759858,16:14:51,-1
78807942.66142263,199.5771187802681,16:16:18,-1
9910356.261630686,71.58660288535356,15:25:42,-1
67879274.04730673,175.422725958697,15:31:38,-1
26031160.317072004,47.25448995922809,16:09:23,-1
5682300.799142316,57.35143119797039,15:26:45,-1
48942947.23920076,258.59592748343573,15:56:11,-1
11642991.694040809,80.02365566080852,15:50:26,-1
86297352.41846558,215.6040208833184,16:00:24,-1
23384589.931595188,73.70260198553568,16:03:47,-1
11970736.91861834,275.8916852827901,15:31:49,-1
75920610.65907104,349.87102262463657,16:01:21,-1
33668090.10499537,188.95572383392312,16:17:12,-1
46459975.56478016,37.09009556028115,15:38:58,-1
46051456.351822086,352.98312846638777,16:12:30,-1
59601917.87671255,325.86534370504256,15:44:23,-1
51122148.31531577,223.16552459173585,15:42:31,-1
24242819.600224026,65.30944570646093,16:07:01,-1
6453489.450939948,219.61701216122125,15:52:16,-1
83890772.94338138,62.413208210876746,15:28:53,-1
10157495.601664595,141.33902844314943,16:23:01,-1
60304433.33089118,123.1929782982456,16:03:55,-1
37092565.253722645,305.918942676589,16:20:18,-1
82203748.98900162,359.51800315761176,15:43:59,-1
16868870.14034066,223.48665824477052,15:40:33,-1
8270173.453992507,106.29213273829912,15:31:36,-1
44147476.09684256,359.6786426583106,15:48:31,-1
15208378.436041549,224.11216426145697,16:20:24,-1
48043318.38437292,189.78795189276292,15:29:07,-1
82925669.56749304,12.298541769786985,16:04:50,-1
83853133.55366485,137.33941915102434,15:41:12,-1
48262241.312358834,343.8053649087595,16:01:09,-1
22689507.083186787,87.85754366672643,15:41:59,-1
10462423.429737024,249.77791311460925,15:29:21,-1
70961574.73932005,83.78605218279222,16:01:55,-1
60855669.541974485,68.96864395838284,16:16:56,-1
64691772.59770048,346.54802526026685,16:00:19,-1
43159390.599235184,236.32998859167515,16:05:24,-1
76244328.7330454,200.9816054444348,16:15:52,-1
75101037.71326002,139.62220882706382,15:57:40,-1
82808656.08910204,281.63390342238984,15:34:31,-1
4807179.210718212,297.4728569033759,16:13:07,-1
21802318.626221653,196.7838169413872,16:21:42,-1
59218720.41171404,305.07431062380056,16:05:53,-1
10611671.366313985,344.6765647805924,16:09:06,-1
85179835.13766134,150.21713629590045,15:51:28,-1
34621097.9570395,115.78597756520028,15:53:27,-1
87750623.71151598,187.26729897019644,16:25:00,-1
20363732.569344275,119.80154852895409,16:20:33,-1
60930107.98533914,315.22046295363043,15:53:04,-1
73139281.3531734,123.3069849391737,16:10:45,-1
37186.74954071579,113.03017934219396,16:08:29,-1
2978837.0668621827,282.2535938764217,16:14:34,-1
80817995.67684676,332.3318983679169,16:04:21,-1
76072680.77107641,337.0931657621863,15:57:24,-1
53892023.71105393,344.6040671665596,16:11:09,-1
1929695.9252127656,267.71339568578225,15:41:40,-1
86831098.73181671,149.276686378017,16:05:00,-1
89249887.5264379,44.61085344950415,15:42:03,-1
53872561.77068453,317.8386924530144,15:55:19,-1
77187611.99995354,325.53452561653665,15:30:31,-1
51659092.19797292,270.1840202154246,15:51:40,-1
26985878.40684197,171.01688788939194,16:02:00,-1
12729980.144596132,53.34109401781022,15:40:50,-1
17562198.98051677,135.98469855634625,15:47:53,-1
4915524.993116968,164.72830685558023,15:42:44,-1
89250171.34454224,138.8760474541085,15:40:44,-1
66244813.1310698,23.435279623523066,16:22:37,-1
89580477.39271607,84.18988192735333,15:57:46,-1
14144552.760233812,115.23967255110637,15:35:36,-1
12580044.627225189,122.06810935257784,15:51:10,-1
68821508.99273,26.81034249813559,15:40:19,-1
72656379.77496217,78.6731963772159,16:18:50,-1
63127074.37012231,220.16069174899528,15:54:15,-1
33092552.47004689,41.97605117758415,15:31:54,-1
1950372.867603532,299.5539280015579,15:59:35,-1
32382002.569095157,114.22091378403697,15:28:32,-1
58556819.87468994,358.6636395380577,16:23:20,-1
38238950.65943275,193.11350660048225,15:59:50,-1
16021996.298330808,142.79536774409513,15:38:39,-1
6090989.375278604,194.65690678359096,16:03:57,-1
23158268.91364847,3.207120296974169,15:33:42,-1
24128349.66470996,63.4511145955529,16:19:52,-1
12482882.612353005,142.45319594667149,16:20:46,-1
47457123.77926986,25.9827312369527,15:52:55,-1
6961667.517703063,91.08551692710512,15:26:33,-1
63388048.26169647,54.07629321873116,15:53:13,-1
46404847.02641615,148.1189010143004,16:04:11,-1
44818859.71123213,306.2651749035348,15:46:37,-1
54560264.527412765,321.103282203286,15:28:53,-1
63300025.00144689,145.17463275979122,15:26:08,-1
57587414.96111597,49.69931227697185,16:06:58,-1
29528822.77421602,181.2435208761784,16:06:01,-1
8456043.221184786,70.35165787799485,16:23:15,-1
31913866.23370496,278.22475705173497,15:34:08,-1
56284750.62201824,263.4471866906082,16:09:54,-1
15654923.084314115,91.49991235639328,15:32:48,-1
37397062.89777047,48.61723575337062,16:05:12,-1
57723257.47484381,164.8670965531327,15:45:51,-1
23647327.946938705,336.3071648448767,16:03:00,-1
76000180.0476767,245.502364240179,15:44:42,-1
39050737.349943824,87.94462236280317,15:26:05,-1
9235378.87991708,306.7680194699446,16:14:40,-1
8703920.924809357,44.32039972942394,16:24:37,-1
69078206.49020179,242.10594034633252,16:20:55,-1
66568052.641679294,157.97163773512622,15:52:24,-1
24816477.409116443,319.0280281130163,16:06:09,-1
55606301.77025337,261.09966944342204,15:26:38,-1
6654617.684696283,313.74294298124704,16:10:32,-1
79863502.34491415,281.5546672851413,16:02:58,-1
60792805.82933161,350.0473013652391,15:46:03,-1
38082368.003081135,300.71561472776114,16:14:56,-1
62218230.2138608,150.39408275061464,15:31:26,-1
18663839.88737807,329.6772894560717,16:06:19,-1
52090519.981796384,44.824921184860514,16:12:47,-1
24233612.64150942,78.06442839110237,16:21:04,-1
65691802.18422214,137.42373906555292,15:37:49,-1
16895090.655283894,171.9278364842721,15:49:30,-1
36512584.61481191,108.50709370221612,15:59:55,-1
57354259.82994969,230.3507490075222,16:10:26,-1
55395823.93449279,173.8509441080323,15:35:39,-1
2338439.647677274,261.9847325625806,15:43:15,-1
84906373.24179797,347.76551761383325,16:14:26,-1
24108245.521482464,267.4176161627553,15:30:06,-1
10084533.004847562,156.59178534102546,15:49:00,-1
35629027.57882703,301.6837422870725,16:05:06,-1
77201433.066161,262.23805967540375,15:46:53,-1
59082349.13139354,230.5152022049727,16:17:43,-1
47467112.5181997,113.1610335712826,15:56:27,-1
45701176.82813382,330.27006107553825,16:02:41,-1
66276436.215753295,122.3916795627938,15:30:15,-1
76380978.90651253,191.68660695039264,16:05:41,-1
43905466.14072452,68.42367313892106,16:06:49,-1
85870360.28708534,35.8367990964624,16:10:40,-1
63810440.392954364,46.73531719901919,15:27:53,-1
51982901.324150845,311.66804568108245,16:03:06,-1
40534377.11862778,73.8228760970713,15:57:54,-1
80284665.08048669,43.63447839907584,16:02:24,-1
76784699.07758477,126.14857715084636,15:45:42,-1
84679982.9997331,129.86588589818007,16:20:09,-1
50135261.21706578,142.63597632882224,16:06:12,-1
28306674.9543232,145.87353062744995,16:21:20,-1
17385549.699819516,336.35233369870065,16:06:11,-1
29417732.39984169,156.877871905213,16:10:53,-1
77011254.53859644,244.326169184126,15:50:24,-1
243129.1170048438,289.580954731907,16:18:29,-1
17585451.029878538,7.481782351731727,16:13:43,-1
85761273.90149538,299.30181379032655,16:19:46,-1
5196023.003618344,40.13700763497569,15:26:27,-1
342775.36133114895,130.01817188644318,15:51:01,-1
53323553.80494581,85.24974240468514,15:30:35,-1
448783.84345654177,11.692386021119168,15:27:14,-1
37958316.31979808,33.06593861444836,16:04:33,-1
74205584.04022017,148.87623691521213,16:01:30,-1
8342335.692177701,139.4546755173294,16:19:49,-1
31151683.40666405,256.4221373786177,15:34:43,-1
43605606.92503594,154.9758113928172,16:13:10,-1
10903804.286469294,230.73151366352312,15:59:58,-1
66812350.84657191,350.1957012976634,15:42:33,-1
54836974.94520164,121.69917013225664,15:44:24,-1
15077078.665558944,251.67172175395623,16:04:26,-1
26560620.56961808,167.0360358445404,15:26:14,-1
70405681.9334531,91.04654095294984,16:09:20,-1
21920400.362860154,5.746743887864421,15:56:57,-1
73469650.83621275,91.90006898025528,15:56:02,-1
55914622.61035023,1.5433643131033614,15:57:47,-1
70282262.48495714,29.81694033448616,15:34:58,-1
83651641.98058477,26.72155485349179,15:25:35,-1
13985281.398863971,178.5969582298107,16:17:12,-1
17437628.83591843,34.99095729883369,15:33:23,-1
59199960.44426345,41.61051542603738,16:08:39,-1
38796895.26086609,355.9649718157723,15:35:59,-1
78025387.28110662,316.49375006988566,15:34:42,-1
37118789.63863045,200.4439225575728,15:41:46,-1
36753293.10818811,227.9800821843724,15:41:08,-1
42486357.73463561,256.2130339704259,15:30:54,-1
47024585.67223257,196.70877595486093,16:25:09,-1
64871299.16193765,34.27639276104905,15:37:39,-1
74418275.57482243,280.03176618139344,15:32:55,-1
80331955.75093885,169.31511280525288,16:22:47,-1
29415223.79202918,43.476254808678206,15:41:14,-1
32102364.93988216,145.90943448668307,15:39:26,-1
31087555.849628616,322.56606884327783,16:13:26,-1
75260910.66523147,250.60083075550543,16:07:37,-1
56564787.21130158,291.1612931497756,15:47:04,-1
38546776.55774094,306.66745582925387,15:52:10,-1
18483573.4693426,81.91651094719519,16:08:34,-1
28398718.752727076,7.371742981147693,15:55:23,-1
87376557.82043903,242.5155719896478,16:25:11,-1
8399043.469779175,290.63533805458366,16:10:47,-1
61531810.37022896,295.2345156104513,15:55:50,-1
83099813.59726186,286.23474456627395,16:02:45,-1
32966008.70780493,62.14714344556173,16:06:09,-1
75180801.03373587,348.83507048420154,15:36:31,-1
59545149.69771469,297.7394980080928,15:59:22,-1
69902051.07500933,325.8591842241393,15:49:07,-1
19590292.86643477,298.90209491039354,15:48:52,-1
40764613.16952172,54.55961586508512,16:25:18,-1
11302941.03790959,219.24227828055456,16:23:36,-1
48851857.43200306,142.76833730181676,15:34:16,-1
24977032.10860708,51.377793003451714,16:14:41,-1
11500314.80651742,324.4647586783635,15:54:10,-1
41580479.6514632,211.2573280635928,16:08:07,-1
31027410.75443292,223.3929810642929,16:10:59,-1
21059766.682892635,337.8124753503795,15:28:24,-1
49901989.475273,93.08618645554805,15:58:20,-1
72434630.72843552,43.141294956463945,15:47:00,-1
81397521.91396011,50.68544534835187,15:41:53,-1
66947345.37956511,343.2231232164244,15:48:28,-1
56268459.86053226,217.40163104963992,16:13:56,-1
24836390.174400836,181.930406488728,15:48:48,-1
8219805.149331056,327.10919736104324,15:57:52,-1
87827752.99002217,236.3441643570141,15:39:24,-1
8744877.573226644,68.50995841117243,16:17:37,-1
42546281.71382803,123.2779170910948,16:13:26,-1
36662670.829784304,135.5023546591824,15:47:12,-1
56252863.37698787,1.900552373956872,15:53:23,-1
53050929.013514586,348.2566946853772,15:36:12,-1
25117966.219880708,177.21916560797618,15:38:23,-1
45715966.92583619,162.00874890017212,16:19:00,-1
86704676.34348273,266.72024122808347,15:39:09,-1
4354911.150166483,323.9421173591076,15:36:08,-1
36129520.41861342,129.3764580313693,16:00:30,-1
52517516.75808651,19.11929658136286,16:15:04,-1
33325208.643475983,11.404486525188986,15:58:20,-1
4533315.791486012,222.92489284026823,16:01:35,-1
34516485.4987886,222.56699533541365,15:51:06,-1
84675909.7470129,72.15895629697224,15:47:39,-1
12766464.347243031,210.3983009558423,16:00:26,-1
29541806.920556605,121.70474987557174,15:55:00,-1
39836156.96993519,255.1872138107879,15:48:55,-1
50490278.40879346,135.3812887615873,15:44:21,-1
51869195.68875168,13.85678188152677,15:29:38,-1
79714062.96117114,140.45449835412424,16:03:07,-1
488625.71170213167,112.41876178053391,15:46:56,-1
67361368.7482067,272.8178794128381,16:16:46,-1
77399477.54909468,80.13152338437953,15:25:38,-1
50211627.73057385,10.94327607531296,16:11:34,-1
38845106.14845014,306.2178265595789,15:45:44,-1
21160399.82222654,215.79591736682283,15:44:45,-1
48055848.62677764,115.5098386557308,16:12:43,-1
75059520.92497282,355.58892818062486,15:41:46,-1
78204237.42034462,209.37157148243645,16:00:50,-1
2571930.6860217075,15.994299225048604,16:21:04,-1
44980818.27212728,206.45945562170672,16:11:35,-1
69141056.60282111,80.96518378846157,16:16:01,-1
14621781.20400465,252.2061520224856,15:58:33,-1
83358322.79015638,28.72099471196094,15:55:51,-1
33802477.77907423,335.3730819353813,15:42:06,-1
610576.492683798,159.82476423795225,15:39:50,-1
79536618.34177633,138.66730832618617,16:07:41,-1
75219903.81907919,188.1835507923512,16:01:03,-1
46414393.29388527,106.52536191032227,15:40:27,-1
16145181.643755132,185.48249854306437,15:52:13,-1
36736577.50425416,183.20409936155255,16:14:26,-1
62224152.71353405,232.8167473460787,15:36:01,-1
50161033.34280007,240.3892967422433,16:21:15,-1
69064010.61863948,190.036752793969,15:27:34,-1
21520004.51034287,202.72422772453223,15:44:47,-1
46786455.07335896,142.8890000392741,15:48:27,-1
85555673.1238626,46.78995438365096,16:12:26,-1
39585086.476262346,124.10833938602173,16:10:33,-1
11432358.185704274,296.8900025006392,15:47:39,-1
72667508.05450574,174.6563257408207,15:28:34,-1
3258186.1059781504,250.7477184645539,16:00:13,-1
51292723.70495244,232.8493456730193,15:41:22,-1
20359590.0836344,242.35750639691756,16:23:25,-1
47744677.43020786,185.1345832989436,15:45:20,-1
51981139.79405635,311.8959406262604,16:22:01,-1
63851847.98320687,94.10514928386358,15:34:30,-1
21745125.322528936,266.1921008382818,15:30:44,-1
63113811.78946355,20.579373160560497,15:59:05,-1
45594267.351675056,39.46627946751792,16:03:09,-1
36294921.34279249,232.3343297194056,15:54:49,-1
15450354.167398758,218.40239494595664,15:38:41,-1
22520886.77898503,309.86684136963095,15:47:19,-1
84167625.8765945,1.488275566734627,16:09:11,-1
10609020.095076904,310.0413990767688,15:56:37,-1
83340586.79497361,245.44414344977196,15:27:43,-1
14397476.700386507,267.248901586054,16:19:47,-1
85446468.65990473,200.29140785737715,16:14:32,-1
57121980.68595216,330.75495832873344,15:50:54,-1
42909853.14275893,156.06715471848264,16:03:07,-1
74232109.63864897,334.58801278415456,16:01:33,-1
47400253.45321786,5.784365766824751,15:42:50,-1
740997.1122636993,87.23392511225813,16:12:33,-1
26283466.21708609,167.8390465210955,16:12:59,-1
52361122.59004109,57.89937797321785,15:26:52,-1
56304539.11611653,97.92905629482873,16:16:00,-1
6538856.465307601,183.537821287506,16:08:38,-1
33048194.80973092,39.61415397450527,15:50:20,-1
84154154.37919027,30.14100659412894,16:14:27,-1
49497964.0143315,63.49975891063578,15:36:35,-1
23312854.610585727,286.5051673689496,15:50:28,-1
80086044.33121738,213.0361890454608,15:33:11,-1
47973450.6608058,188.63201031224656,16:15:55,-1
66904729.88865808,27.51743465323206,16:06:50,-1
77372951.58344366,78.87989140158919,16:15:10,-1
65645633.957549565,231.7104252726032,16:11:07,-1
33782777.64943276,10.630402384686706,15:53:24,-1
26668034.765630998,97.43315674581824,16:13:23,-1
63082116.10860633,117.1856191571428,16:20:59,-1
6005977.525776499,57.393206260944055,16:01:33,-1
41722629.91533167,229.15563368705168,16:14:08,-1
18796824.207687624,236.7676933737374,15:46:51,-1
16710853.322804818,168.14900206872434,16:21:33,-1
23431095.402093504,329.4585280755031,15:51:43,-1
5834576.065094744,12.18135283658837,15:44:06,-1
68725614.28946535,112.9786423780584,15:25:47,-1
72530707.8229366,12.4439621492429,15:48:29,-1
29491359.24311788,301.7726624951562,15:33:22,-1
40611742.5102426,182.71889616066863,15:40:25,-1
28456835.047585245,58.91489891623907,15:55:15,-1
10419884.23963403,103.61512481503452,15:53:21,-1
63866704.36705937,100.99065994863628,16:04:16,-1
88466458.36147273,46.532971213982,15:42:28,-1
73893057.57426946,292.84018088976245,15:59:52,-1
56748463.852708496,345.495105662801,15:45:05,-1
45514130.212002,109.87007708426307,16:13:51,-1
74711071.84034097,87.02466578995366,15:30:29,-1
80165179.6320787,172.89912109234592,15:43:27,-1
45742069.088871606,90.36436358187704,16:13:14,-1
53445700.81414693,227.35422919101407,15:31:32,-1
6093212.583534953,272.14623887904685,16:13:45,-1
45339355.03100835,268.08611839785283,16:15:02,-1
46312128.25432161,81.39234721782758,16:01:55,-1
5584233.271304433,266.32387609965645,15:34:25,-1
63564647.69194098,343.2714564712288,15:48:31,-1
3236081.1685572905,27.935700881818416,16:02:08,-1
85516396.51561321,354.2307831975163,15:48:10,-1
53978437.283317216,254.9219594658102,15:59:09,-1
77563986.28235787,331.0091472247397,15:31:16,-1
74218113.77550511,210.2675179492469,15:26:59,-1
79282234.12676404,94.9892928326165,15:44:01,-1
34479633.28982435,201.65768646458503,15:44:06,-1
59137712.11151211,195.8156777660087,15:34:05,-1
24262641.27848001,51.05450675869666,15:36:04,-1
56577056.27905898,213.5552254039968,15:48:13,-1
60575594.93467362,275.4825476339993,15:40:48,-1
58452156.73870558,350.4979364564519,16:00:34,-1
4132258.906755149,280.8011230035536,16:20:32,-1
46755779.40399239,34.5817953988416,16:12:54,-1
50411102.41643471,68.10134677153087,15:53:00,-1
59305766.57305419,46.6069749816583,15:40:19,-1
79070614.69070898,88.64818957488252,15:26:59,-1
89278530.8512078,256.53649727645063,15:51:21,-1
50117550.16939748,153.3941281864153,15:49:39,-1
52365637.57008713,86.13758910472723,16:00:31,-1
12521482.416052382,110.30934515176465,15:36:37,-1
87211087.27339396,47.53799090408578,15:37:33,-1
63327470.91696847,326.10773746161766,16:24:21,-1
81611100.02400571,215.2092886982124,16:01:38,-1
24602002.983998317,147.4974209227278,16:14:57,-1
33219356.19022408,87.67146224687451,15:50:21,-1
73631581.90692548,332.27380214264525,15:26:56,-1
74598834.09137854,251.7778261058221,16:22:37,-1
20083276.995186783,70.4174338565606,15:45:15,-1
67451660.21273366,50.64918766372176,15:39:28,-1
9803203.187010316,233.1663861401077,15:46:48,-1
12258325.072934384,104.27143598480004,15:57:11,-1
64149032.167787775,30.67206488405127,16:08:49,-1
56997832.63897071,99.40829949242934,16:20:53,-1
9477857.302487528,17.70160402248141,15:58:44,-1
39016004.4295958,87.08301458584165,15:41:49,-1
33791373.63121507,201.56596304590596,15:49:37,-1
22660222.32124481,207.58739020427032,16:09:05,-1
37299018.930763096,107.15613889014628,16:23:15,-1
89198813.10956931,48.75145482521484,16:20:17,-1
27147373.385383148,288.81852967255355,16:24:37,-1
8337085.537315345,105.45328776184408,15:58:26,-1
76730822.2098174,137.5893947203243,16:08:16,-1
85713202.91806976,89.12796917080857,16:17:08,-1
35228515.84878907,77.67313931896055,15:53:37,-1
40713702.44813509,143.38226099400953,15:44:14,-1
70825894.11621408,322.4305600984895,15:36:26,-1
19556705.38162308,267.7525274617369,16:18:43,-1
28157404.513688862,341.2918851252997,16:07:15,-1
15337711.960026084,212.14098977299284,16:07:30,-1
37613401.46699201,248.68688632134436,16:21:51,-1
81986514.67782098,71.46648208782682,15:36:04,-1
65270235.297866896,145.06946352799486,16:10:22,-1
27834479.010460053,223.4242954957816,15:39:36,-1
67177499.57608531,212.5540909720126,16:21:34,-1
41795126.67185488,212.41302531444688,15:44:07,-1
21458446.77171465,294.77972565061816,16:12:29,-1
30814202.474806704,118.25439577512768,16:21:17,-1
20714998.879757386,153.27370051877318,15:48:49,-1
21671828.029492885,347.0470259167569,15:34:51,-1
35184195.956808835,220.28410888767323,15:51:11,-1
50619755.78714049,182.03294176201183,15:38:07,-1
89242846.43324082,326.1263083637795,16:18:35,-1
87158576.84758352,69.01997867651328,15:29:35,-1
23451804.634210154,267.6238611948449,15:42:44,-1
42481063.37375062,55.04740629367174,15:44:53,-1
23959981.55136781,76.26237413496585,16:20:35,-1
45378373.01469815,284.8912525104548,15:46:04,-1
18046662.543122057,214.37106023384345,16:23:37,-1
74667983.74767716,4.462333703127106,15:48:52,-1
9131435.807613054,302.3798889386919,16:21:35,-1
85396615.58564247,314.5587091310722,16:07:02,-1
69042201.23331504,342.3767037801676,16:17:05,-1
61283714.04422652,196.36954288217024,15:43:05,-1
81559963.27556257,352.01245880509595,15:30:32,-1
67489843.93493621,215.04342893649428,16:25:13,-1
49837307.13948195,303.23411019451845,16:11:49,-1
38397041.239455655,82.43226084995797,16:08:28,-1
68042220.26083405,50.30444519562646,15:49:49,-1
34058101.29276686,302.03120544643315,16:05:32,-1
16581039.484899284,334.4468455763431,15:48:51,-1
49358664.752691954,139.67690330173383,15:51:44,-1
32217134.65824919,134.6532690647105,15:38:27,-1
55975659.41257427,282.8784394923207,16:15:10,-1
27746002.95146079,313.32965870261575,15:44:37,-1
52368702.44301671,226.01414771976152,15:49:09,-1
43839309.06640892,132.35274349382982,15:40:12,-1
2960545.8902568454,239.51182159712653,15:57:10,-1
82415563.99805063,259.56568654627296,15:38:59,-1
50257503.95902595,168.0883547392228,15:31:36,-1
86190217.49972449,70.10585361511387,15:28:17,-1
77708661.68002708,187.09231340776824,15:47:24,-1
29404825.34329564,214.51261864249557,16:25:17,-1
40648517.284162536,262.42552620758136,16:00:39,-1
56263914.24662793,27.17473630060393,16:03:32,-1
56923170.092216745,114.54730294707628,16:21:08,-1
63649934.91425476,273.5208076254577,15:44:12,-1
63663208.60944258,192.5781042877956,16:01:04,-1
85598471.47755538,117.1717542598128,15:56:05,-1
42011943.96654288,339.11608577638646,15:41:28,-1
64619608.1648572,259.78639327926544,15:55:10,-1
64414633.12926287,343.5695299282345,16:21:51,-1
64324612.83182254,129.08111693313316,15:56:28,-1
67720991.36102447,336.07836820574306,15:45:18,-1
59775769.08586119,138.85216868701002,15:33:59,-1
1103015.45574853,63.83604179226579,15:40:35,-1
26127954.90782811,132.55722102218374,16:08:48,-1
39997520.72869168,358.8662901409032,15:44:32,-1
35298738.54679044,51.308388478285536,15:27:51,-1
82767081.9608363,171.66276660738745,16:01:17,-1
67375880.73527955,244.1044340295,15:35:28,-1
42796511.05757641,221.01944221645863,16:10:53,-1
26235001.13986195,194.2659480662048,15:38:50,-1
52307052.80902361,149.2843106016149,16:15:39,-1
23513378.82101994,186.3546687022316,15:50:59,-1
77779713.04213075,220.95118962392496,15:32:59,-1
43498576.36707972,275.8426782612793,16:01:47,-1
41894237.82715412,130.70848448491836,15:40:44,-1
77039312.79653999,254.6569363453557,16:16:49,-1
603646.7537570202,25.05514615597983,16:24:10,-1
4408352.271424566,51.17774680032396,16:18:10,-1
16288984.69416441,142.6459060952642,15:39:39,-1
87872589.96431905,109.30059315204494,15:50:45,-1
16917924.053878456,153.428941243947,16:00:00,-1
27912228.145416267,317.5874175522049,15:48:59,-1
23115919.099330973,241.30417856048055,15:46:22,-1
87578466.40403205,192.6962812076666,15:42:27,-1
56414665.52163581,201.81712952554065,16:01:46,-1
35666280.48212715,252.50196694073225,15:51:45,-1
48806643.49498007,63.73835456483111,16:12:11,-1
71861220.35121907,33.18361859978432,16:07:39,-1
9088129.701827567,146.49189161569765,15:40:37,-1
17431856.443672534,95.95082649394772,15:34:33,-1
85365325.16755593,2.7701327863295733,15:39:09,-1
61647061.13501796,307.7963187063006,15:34:43,-1
55334831.27139135,249.10415877832813,16:06:20,-1
33652374.71049381,317.8538197695386,15:57:13,-1
6191026.645810326,198.7350133230061,15:58:50,-1
7091958.14256537,1.1983763279792337,15:40:38,-1
14984302.053541042,36.55936989646376,15:33:33,-1
74401271.13723254,187.89612092697865,15:28:11,-1
80468907.86598437,63.19382092439327,15:44:35,-1
80315972.08025466,140.1694567228044,15:54:37,-1
62517519.96601364,306.2851135150103,16:06:27,-1
32354362.47374608,321.27441287404616,15:56:27,-1
87203298.75789312,159.62616295852948,16:04:42,-1
83107324.71035936,97.1332160195031,16:20:45,-1
44570027.36155709,95.36885867081337,16:07:44,-1
69994511.41555299,277.2216283388758,15:43:48,-1
4540813.665515974,209.44531096941856,15:44:57,-1
86599076.75268798,331.1521381496762,15:40:38,-1
48092540.66081193,337.2302728393721,15:39:22,-1
75017934.54250997,73.24276726900686,15:45:10,-1
49274904.95426383,301.5776922267665,16:02:36,-1
57703902.715786286,25.00009910895196,16:11:37,-1
46642752.1346793,335.9329289277481,16:08:59,-1
17497080.42340846,315.956139394235,15:33:24,-1
50019753.86304523,86.12908490946452,16:14:38,-1
41763168.30067603,329.0504839742928,16:10:41,-1
13468942.025061283,18.211650443421483,16:17:37,-1
23586164.6471628,345.08930014215537,15:31:22,-1
16887592.66302114,270.597322843001,16:07:57,-1
62351786.041329205,18.446943752202127,16:05:32,-1
83867545.1844242,183.394073966402,15:49:16,-1
87491658.00119013,141.04960541348444,15:49:57,-1
44123259.56599614,317.25143291032214,16:16:33,-1
43416235.36010416,155.18880186422192,15:56:40,-1
80930168.85503286,82.64753675163341,15:26:09,-1
77259043.64297114,349.25760674660665,16:19:42,-1
8955831.83699994,11.862535682608003,16:01:30,-1
80591061.432633,275.051281806474,15:53:41,-1
20411423.768755563,55.58296129180202,16:21:38,-1
57555735.259318046,193.19598146466484,16:08:44,-1
13994679.003397768,233.07361538127896,16:17:08,-1
2362949.1759778974,22.44696734284723,16:22:04,-1
58013899.734773695,292.93250711652587,15:48:19,-1
7008608.581456963,231.45218994789587,15:52:00,-1
23430959.392895475,273.59093777425494,16:11:21,-1
14881887.75748445,194.4706077674555,16:07:57,-1
7269594.44242065,268.0178733357166,16:05:57,-1
84805502.32378721,223.1732693844365,16:20:48,-1
27389693.53836595,344.8303926905686,16:04:32,-1
9309900.31862638,351.5222119333865,16:19:46,-1
36332841.98613605,33.84830062667436,15:35:36,-1
24453763.275934383,268.34380908085564,16:18:17,-1
74423255.34447964,292.4254746298931,16:01:40,-1
83324904.36154252,4.212509080643496,16:02:07,-1
69204468.26237284,284.8415414463404,15:49:56,-1
73238395.60096428,138.86785673903134,16:05:42,-1
10592419.872747311,48.45199961372454,16:13:57,-1
39140816.9231142,143.13646447679164,15:47:24,-1
41899010.92057982,56.821998203092086,15:41:43,-1
25161833.94610805,234.8539847247274,16:07:05,-1
56955321.95986813,125.75077567470798,16:04:13,-1
48704116.98878679,223.5156744123932,16:14:49,-1
57182932.106061,331.2546170721613,15:37:48,-1
33689133.64133328,275.3007725790608,15:25:50,-1
37455661.64174543,66.05630318471319,16:25:13,-1
82866706.35101897,177.8088911602588,15:40:24,-1
65567924.55656872,88.40339999689354,16:25:16,-1
8905035.836697081,269.53397859745047,15:43:32,-1
58291157.08676541,331.7385211612116,15:26:57,-1
28790068.046603225,206.3077595358266,15:50:48,-1
76035068.22793856,259.93499173815434,16:19:13,-1
52855214.73236316,310.8546939738769,15:57:59,-1
65448360.12484256,334.16987202771907,15:36:53,-1
73627538.75862381,52.89472156760918,15:58:25,-1
57349143.97621973,129.85927095338738,15:47:00,-1
23725587.17363952,321.1333150390843,15:56:13,-1
26454234.46590885,229.52176686608195,16:13:01,-1
17452393.351661295,27.839408795010925,15:47:19,-1
37454777.79941372,303.6975651374182,15:48:05,-1
18725077.739526864,88.35733976498746,15:44:08,-1
2698692.515557558,291.8170384551924,16:08:10,-1
81885901.5045369,92.84514096991576,15:53:34,-1
86319700.93365641,225.50840536192555,15:41:54,-1
82425189.7027627,99.72022624443817,15:50:53,-1
14178119.88280302,216.20322828667017,16:06:13,-1
4783245.150134888,101.67253539440374,16:17:48,-1
35078835.02435582,296.99357210248127,16:19:30,-1
17175452.593507916,100.11085335917812,16:06:42,-1
10965407.228452189,347.7982773941844,16:23:24,-1
30418872.61725269,22.152175525083187,15:47:23,-1
11566421.970844213,16.752647841177975,15:51:17,-1
74080885.2280442,251.69178105275375,15:45:47,-1
12366761.04630234,48.07684282855819,15:31:11,-1
88130013.71715248,322.579163197624,15:49:46,-1
1812616.3763809311,328.5671905260176,15:38:52,-1
73775257.96163164,307.7581592781702,15:39:01,-1
62273420.27258863,36.51253335170983,16:12:27,-1
53152584.76240807,238.548819876581,15:41:12,-1
32185112.12446541,71.25421940498663,15:56:56,-1
68225592.09664713,49.73864482058923,16:14:51,-1
9545489.996787824,145.64946035862917,15:40:36,-1
32830254.253391743,122.09278960481522,16:00:38,-1
85322034.4129939,275.60553445049817,15:58:24,-1
82018436.73985769,152.74903772464992,16:16:49,-1
38112688.48686771,232.8171340249067,15:29:57,-1
29478828.676763687,291.6413500780269,16:17:38,-1
85665262.06738025,134.0135798875855,16:14:44,-1
88236775.80080332,279.28328581559055,15:45:44,-1
2748364.049672437,231.66807027842128,16:11:43,-1
12364547.92562533,145.306807986642,15:52:47,-1
76752658.26887943,246.84581551950717,15:49:01,-1
61388676.51351909,3.3547917932794924,16:18:45,-1
38824460.42561484,26.35854979257856,16:09:00,-1
19708668.911328856,308.30915052633776,16:13:58,-1
54943706.9442297,239.46405435729733,16:13:44,-1
13612476.602454148,357.84837494587214,15:52:26,-1
86043207.86806032,29.205684607889857,16:01:28,-1
54679891.25385358,117.41302142379156,15:26:11,-1
7512651.224177078,306.57394032895127,15:31:26,-1
17460724.857783243,61.32097498956093,16:16:49,-1
36340306.1541127,338.22293687847235,15:41:36,-1
62447551.565225646,120.65103009124722,16:24:37,-1
4143858.529665278,166.37313038913274,16:18:27,-1
60441512.09251429,336.2497831453473,15:53:43,-1
77093732.91464147,331.7560083969689,16:12:34,-1
13827087.737528631,1.4832948459474604,16:06:40,-1
2946624.6823645057,34.751682867135,16:01:24,-1
49001347.94812302,178.50511540924742,15:50:34,-1
31931584.369106755,252.32651945430828,16:17:55,-1
15952839.264396977,237.1309073709258,15:26:21,-1
42628836.20063716,63.58464723305484,16:10:26,-1
14577284.006850392,19.79890717749597,16:03:09,-1
26633063.649845023,74.17107984442053,15:36:10,-1
20935981.22842952,57.9689003216897,15:56:03,-1
32553296.929795936,191.258449297788,15:32:07,-1
76109230.58448327,227.04553272243896,16:16:16,-1
75101863.23754427,94.33533531715814,16:05:28,-1
43244556.295577005,136.1753959667748,16:13:00,-1
82777447.24418835,213.53835423420523,16:10:23,-1
56777276.51836874,172.48626871260635,16:04:07,-1
17213353.154828012,155.5479310672751,15:29:15,-1
83639175.94010268,131.1268607716105,16:20:39,-1
17192171.510810647,192.26782590003887,15:30:16,-1
5739021.065434383,137.5774343626953,16:14:39,-1
77232721.06911404,68.69257329883413,15:25:36,-1
18355580.69710448,48.58836069818021,15:59:55,-1
59720088.0746057,221.0629839082078,15:41:40,-1
32028716.892687727,56.57130451224384,15:41:08,-1
46958302.471542016,284.7666680953968,16:17:37,-1
73226592.54397927,328.05401451657207,16:20:07,-1
25019482.97254754,95.84571377633272,16:18:49,-1
56858112.61543942,267.8180857556302,16:02:22,-1
16240707.976632137,321.9929145010746,16:21:57,-1
29688399.070438866,320.15450735539986,15:45:23,-1
24769032.790164314,84.43942504370501,15:43:55,-1
12296665.528054023,81.60302307844319,15:51:35,-1
46555581.38230204,229.60548613511943,15:49:47,-1
39995522.33386278,110.50907948884492,16:17:06,-1
33061482.511407003,191.34918426637253,15:48:03,-1
46673731.7843803,239.24620978297344,15:29:29,-1
58266633.35786155,174.78844079405755,15:43:01,-1
81920048.60862738,48.96399885328063,16:17:00,-1
71754405.46821032,96.30473415851948,16:03:38,-1
21518108.296905227,341.06734070540074,16:17:23,-1
36315982.09817167,188.08491943920689,16:24:12,-1
69395651.69200833,4.974272560372763,15:57:47,-1
76127477.45326507,221.44853049062343,15:33:30,-1
57110555.15543574,108.66339331037868,15:52:40,-1
41183331.416825056,160.99043252573796,16:05:33,-1
62552931.787156,251.4150716575292,16:05:52,-1
3166211.4177728263,179.26396604618046,15:45:25,-1
58334703.69232905,209.419647577309,15:51:49,-1
41017837.63954122,249.17065030847937,15:40:31,-1
2370071.738916898,268.1474696492917,15:45:00,-1
13182091.473960046,354.2898031204066,16:04:27,-1
33888847.1381138,308.6446848743338,16:21:30,-1
34687002.02679528,345.04083177256075,15:29:10,-1
67193208.7595451,287.3974156143356,15:55:12,-1
73761846.83269088,333.0514747522718,16:24:41,-1
84208027.05496188,316.09348188473984,16:01:02,-1
83631622.52919288,205.93797206799005,15:37:45,-1
37184366.60519432,201.17460544701288,16:07:26,-1
69102537.57922716,277.6693824387424,16:20:03,-1
72758269.09814131,350.4800339805894,16:09:34,-1
36230563.023274496,89.61358562112078,15:37:04,-1
41050596.22382252,200.580627734498,15:51:41,-1
48873584.12599235,78.91781033349943,15:55:16,-1
47727510.14209502,207.5356281591354,15:49:44,-1
15281223.605188807,139.64626754076977,15:57:11,-1
76750545.1819615,209.27483671069945,15:50:02,-1
49447987.07496039,33.91213155590579,15:53:10,-1
42606862.71631294,60.62219764475618,15:37:24,-1
5532674.611886275,281.0648478961441,15:42:43,-1
29456228.867952883,332.7914417091568,15:37:51,-1
557430.65161574,170.6413137541496,16:20:19,-1
25421401.406073447,34.60504593663218,15:45:42,-1
50956984.58169138,142.84002555173728,15:40:22,-1
43619391.786003135,307.36507306479643,15:50:24,-1
87365505.15616685,76.38376701685515,16:23:11,-1
49356654.84669849,214.1800564678317,16:06:41,-1
47736425.73538338,139.35961508040768,15:47:53,-1
43221718.818108834,50.62966366080114,15:49:48,-1
33388011.891637955,235.8290596928491,15:38:08,-1
37995376.90471941,271.2519996864446,16:24:02,-1
82671772.19184512,313.76641942669926,16:05:01,-1
76996137.09446155,218.0549678842833,15:30:50,-1
56136459.23192359,187.11133065631932,16:04:35,-1
42971334.189165466,329.0204008452701,15:39:55,-1
48216616.26548126,105.22526008709096,15:30:43,-1
46719215.40911857,130.02514062497875,16:21:14,-1
18814724.057583965,151.0509389940593,16:04:12,-1
12134575.421519948,209.7517812564344,16:06:51,-1
68286506.08972086,6.055897382850008,15:39:42,-1
13089810.38248559,298.6075972514695,15:55:49,-1
37636911.32372903,32.09821984181716,15:43:20,-1
1740492.8959906294,152.15381150403104,16:13:24,-1
60795270.21549547,291.9098773195756,16:14:34,-1
8715778.594509102,200.0334865599926,15:50:17,-1
24051142.618641607,333.45306113321845,16:08:42,-1
84817028.05961177,337.4714112941043,15:34:11,-1
87782419.02459525,211.2482317199991,16:04:47,-1
51593000.82760811,248.70666966892355,15:29:47,-1
41536064.4509306,271.8427155178576,16:11:17,-1
88898865.79744455,160.74654294637574,15:51:00,-1
27211539.109371565,155.2291940114862,15:35:14,-1
72761743.18409963,151.76297476918236,15:38:53,-1
7813467.830191654,76.4978960133079,15:55:51,-1
89529752.2691812,176.54600347157077,16:15:14,-1
9859003.831744336,163.6990703746712,15:43:37,-1
37433385.662985474,242.73247372528505,15:38:31,-1
24747087.141304918,354.6684844971122,16:16:20,-1
23247299.17705146,164.6965070244262,15:59:40,-1
20703472.88561519,98.1790764213358,15:40:37,-1
78224453.2941525,331.3244442848434,16:24:30,-1
88360349.39767995,93.6922637476918,15:43:35,-1
28301393.826956477,277.57662234556483,15:31:20,-1
24062027.43326825,275.48396651553963,15:55:40,-1
38945525.6258831,136.90185904670028,15:54:47,-1
76741096.27759066,138.8523584602618,15:44:47,-1
3261679.325521293,80.15649928558409,16:14:17,-1
44587737.2630939,14.27265586411643,15:55:15,-1
41043629.20441,182.19138917462348,16:11:08,-1
86602969.42640732,322.9042196848955,16:02:23,-1
45895215.85790027,306.6838919534203,15:41:31,-1
15748041.078038266,350.83044437844126,15:54:52,-1
11338216.132548347,170.25963330740026,15:31:42,-1
83496901.56150457,62.62453025132308,15:59:37,-1
26477410.483515088,133.93008921624005,15:56:04,-1
40169035.10698488,213.27677125450396,16:15:08,-1
33055742.9100441,339.2222196221665,16:14:16,-1
26850227.044285808,2.613036769940704,15:51:55,-1
12649144.761102086,239.30213020053472,15:51:56,-1
17520176.987525538,28.539296039429644,16:13:10,-1
88538937.2043371,356.1225365149592,15:33:26,-1
36826608.17776879,119.1397479733348,16:10:27,-1
81982176.46138047,347.76911339863875,16:13:47,-1
40270695.0543258,205.34199409343464,16:19:44,-1
58014475.65400849,117.84980239072868,15:44:45,-1
56086974.81405292,55.79812913575916,16:05:18,-1
28998086.55667394,253.79009025526625,15:44:44,-1
53463018.38549565,171.6309757534193,16:03:31,-1
68768214.43131343,344.11984294920853,16:20:50,-1
31841068.184665613,127.45087911380472,15:35:59,-1
61886212.392201215,99.6993206129258,15:51:58,-1
88117060.35849543,184.8470526579173,16:18:41,-1
75806501.150163,205.94225026812427,15:39:22,-1
16358108.41711795,147.94186010397996,15:33:22,-1
8499053.19000246,33.14220074874528,15:44:00,-1
48869280.84668952,335.1972208815868,15:38:41,-1
41859658.10417455,191.2404088844976,16:16:36,-1
11043354.83019435,179.65284018871316,15:30:13,-1
41098274.63340031,15.465707321798488,15:39:53,-1
67863923.6023871,79.24786304293973,16:00:19,-1
9713558.70512394,118.61590191092372,15:39:34,-1
38838585.0125011,139.47225113727183,15:43:42,-1
984560.6208292362,103.60230243495212,15:43:18,-1
4078611.6009385614,92.87774355405632,15:44:18,-1
1515806.789845532,288.3552148445101,15:55:14,-1
63766250.267266974,303.711378561098,15:59:08,-1
30015342.32000307,347.55303395943724,15:31:48,-1
64912086.34793609,167.7804434859608,15:43:59,-1
31270940.10662178,218.2052304777052,16:13:06,-1
22352350.36483073,274.3827066575942,15:45:23,-1
49942448.44010639,95.3319581782222,16:23:54,-1
63705301.58934861,18.059369261754732,16:02:33,-1
86625121.86307877,136.95610813070004,15:36:47,-1
770956.6616301631,241.03044719445356,16:16:28,-1
74217479.17402363,10.3614646532357,15:39:35,-1
86636731.09573202,161.01696026032647,15:39:02,-1
48348725.14849265,124.0519921510821,16:02:37,-1
28522863.042301062,355.33947309044584,15:51:12,-1
45898567.507427886,329.96800283774184,16:02:32,-1
87582990.90765375,238.2513773269913,15:29:43,-1
35876091.89251387,30.889245578817363,15:53:07,-1
38831745.71960211,320.86647168943017,15:58:18,-1
85525649.6976219,231.0852379763624,15:46:05,-1
33989080.420916826,129.93057101172548,16:16:13,-1
47724377.26856196,146.8531249653671,16:21:08,-1
35565009.890071586,162.35790232711267,15:36:24,-1
80932831.88498378,55.8375051432964,15:47:14,-1
54078693.03334436,222.77655485644956,15:57:17,-1
49418298.85505169,16.91783054232243,15:44:45,-1
55651719.73844466,83.59674038593286,15:50:14,-1
51142586.25629633,203.85346948882668,15:46:18,-1
14670770.063975306,310.9086317262618,16:11:19,-1
13136389.149330836,57.69495633083791,16:06:44,-1
57210873.56977426,81.19294458035691,16:11:08,-1
23481139.364603925,82.43943406319306,15:46:56,-1
51126098.52185623,221.90723539563533,15:34:28,-1
47733681.66616001,167.00412679013738,15:51:09,-1
16158785.3857516,342.44294859034187,15:53:01,-1
83059871.1666838,319.2736253366169,15:52:00,-1
70031012.02595623,187.10279738330465,15:31:41,-1
70898875.90453553,257.50121664860325,16:12:52,-1
74560969.12562557,251.1326167638951,15:30:12,-1
42090556.20049627,16.74992913087701,15:48:31,-1
36228426.38539136,327.1503602330483,15:38:30,-1
17381751.79526251,296.32030687055527,15:43:44,-1
78398166.79670669,255.32076684035525,15:34:19,-1
13511556.566033594,225.2781909885548,16:04:08,-1
62806355.40324672,313.0619653226008,15:35:37,-1
64035010.28258606,280.61221679898887,15:52:33,-1
69452237.2247431,228.660527673766,16:03:42,-1
2618801.1625815025,178.70337274713674,15:32:08,-1
41943469.31715043,84.98102658533342,16:07:52,-1
49877984.22047806,124.7405327338743,15:47:56,-1
61181534.8082799,97.63973741599608,15:57:16,-1
25435239.69121824,202.4549578847848,16:23:44,-1
57345028.93445554,236.56473223742373,15:38:44,-1
3249105.7204438765,265.1434517698169,15:57:52,-1
24047964.995176747,343.2608338130959,16:22:26,-1
15300250.906470364,213.5970247031938,15:54:06,-1
62079046.61554071,294.88283250939133,15:52:24,-1
67509725.7520243,85.35288385001914,15:40:12,-1
27856788.32067386,346.842817595666,15:52:06,-1
73075759.72966963,321.9510756560376,15:40:02,-1
31140800.45842922,18.00502448230731,15:27:22,-1
46603786.338367015,32.68174188705162,15:47:35,-1
61068562.93493612,60.00515992352884,15:44:52,-1
80991973.8251572,235.9973683066356,15:33:00,-1
20726411.265153043,286.1427679263549,15:56:20,-1
47347771.77960464,343.1950559943388,16:14:42,-1
43629961.88387551,115.55907846450452,15:53:30,-1
21795651.52563928,110.63019153452542,16:00:12,-1
1588525.7012393256,159.1808769899417,15:26:39,-1
31892290.01600371,195.2441141231949,16:04:03,-1
26387920.490558263,270.5901255446184,16:22:18,-1
80461494.4367839,135.65959189757086,16:18:51,-1
17073164.167729925,237.1742007063379,15:35:04,-1
86915407.69584261,174.39865833173647,16:19:35,-1
64652524.285666935,324.8050191458564,15:47:32,-1
46582501.10225865,240.67252275279276,15:52:23,-1
64271159.01504629,81.82641104855253,16:10:26,-1
10756308.864255106,342.33354448801293,15:26:46,-1
54202295.10678429,347.928818385551,15:57:28,-1
8924260.708752893,347.36742420934604,15:57:32,-1
73698812.29421362,215.174538981866,15:58:10,-1
77638035.84754863,123.39780081822356,16:01:55,-1
42677335.28940164,69.4004867825689,16:10:52,-1
56183966.63132955,249.0542756733071,16:06:47,-1
27555937.832308263,251.23660018875688,15:45:35,-1
39031412.20655696,307.665884634489,15:56:30,-1
58066414.95240293,152.43061040888463,15:44:55,-1
83532870.04882427,97.98860624963622,16:15:30,-1
59990646.46130953,73.05457018248735,15:40:21,-1
27756375.308186736,110.53313553582532,15:26:10,-1
66627376.38613485,167.4708193178892,16:02:48,-1
66123350.74261271,125.4348774802432,16:07:45,-1
25964377.2684844,227.60818381563752,16:09:05,-1
21751286.54385813,308.7419435214801,15:44:42,-1
25112597.711323112,60.25429550283489,15:45:01,-1
88505201.55556852,65.66409071481482,15:52:06,-1
81368395.11413482,156.85548291692913,16:17:56,-1
2193483.988950603,0.80167655218077,15:32:22,-1
53217378.1683664,164.49915066517315,16:16:01,-1
53032642.29094401,184.4991866067982,16:20:36,-1
53515638.90585271,349.3776272499682,16:15:17,-1
24663217.45602126,110.72987428688276,15:43:43,-1
14211317.236745488,184.3851793314641,16:24:39,-1
65623075.75439468,246.64444820362348,16:19:09,-1
41212535.382227175,102.27879139161554,15:45:33,-1
46109758.62368853,70.18799741716828,16:16:27,-1
86526378.35010767,194.1053240058784,15:46:40,-1
55049141.094742976,156.75695624826676,15:27:41,-1
48630090.33804127,31.450282501344,15:47:07,-1
57964710.51799506,197.7070768860155,15:33:28,-1
10778497.483213704,19.30571590415573,15:39:59,-1
78102824.69395992,167.72853586068015,15:56:33,-1
53595695.81873859,146.5940558426672,15:46:48,-1
2793913.158385636,238.2327397937475,15:57:19,-1
19377472.699487835,316.494219153622,16:08:29,-1
3502267.2045166334,43.06792444109112,15:33:55,-1
43396669.11463056,123.18457446470298,15:46:30,-1
22617615.94628893,159.7912385829756,15:55:38,-1
386875.2712790514,333.0637021672822,16:06:44,-1
88385810.41280381,151.7212278958173,16:02:56,-1
85945384.81955999,181.56809367364764,15:43:00,-1
48186989.10280478,120.65189804916076,15:49:17,-1
41068442.28355304,255.6422595405374,15:30:42,-1
46519053.6610389,119.07436662039538,16:24:18,-1
24340031.76248443,31.96508555729027,16:19:18,-1
1130432.568664076,83.407394897296,15:29:47,-1
4623671.816585234,62.23811881827156,15:47:01,-1
27495111.768308856,359.2277734355192,16:12:22,-1
85979490.1704259,176.26015657641818,15:45:47,-1
21509242.081896026,252.7999799386876,16:13:24,-1
17580342.43195334,325.9595763246688,16:09:14,-1
1056171.1382324651,50.02801983666915,15:30:59,-1
1954920.5402284188,12.324969030435016,15:58:38,-1
77046926.20117751,126.72865276529086,15:39:08,-1
87516801.79506218,332.8573058015007,16:17:00,-1
86994698.66632071,45.14429884645309,15:29:24,-1
72075209.90346472,307.97400259683275,15:52:51,-1
60696843.43583734,27.94221846327263,16:17:04,-1
50712324.104261726,274.94696090142656,16:04:53,-1
19718662.413280647,83.25664101699907,15:58:11,-1
51593951.908177406,41.50184760704917,16:22:27,-1
73706739.12307133,306.49677605217505,15:46:22,-1
88293890.36996736,79.23652818404285,16:10:46,-1
88600609.19593364,62.74767457520849,16:19:20,-1
66358844.16244947,152.26845520959756,16:25:11,-1
2330542.3087931382,230.1463058910433,16:00:21,-1
85086244.51171486,148.0627482028045,15:47:40,-1
35169636.48403327,70.98758510611542,15:48:00,-1
57958799.97940272,269.63732087763253,16:14:09,-1
27470813.692652717,32.03689142464374,15:43:26,-1
54930469.46159169,281.6201415046275,15:33:51,-1
34422706.243734784,19.37552290796252,15:59:51,-1
34025577.82627262,340.53190720406803,16:04:14,-1
89221095.64545612,340.46305336424035,16:07:28,-1
31589373.78157549,23.99087927550305,15:36:22,-1
71813599.06104761,122.546959589875,15:36:53,-1
27673532.82896165,267.2253177556963,15:53:06,-1
57396930.83637131,308.717773163174,16:21:41,-1
30775352.45688955,302.69691883762243,16:05:52,-1
5718547.713978813,122.87981034417932,15:44:56,-1
11891952.354122374,133.69003587887255,16:19:08,-1
77680582.63521421,317.7229743554318,16:14:07,-1
74886758.28213394,194.5052482061465,16:02:13,-1
64674050.248128064,32.37477090156792,16:12:36,-1
37839428.22871902,203.2431556113049,15:41:57,-1
44651185.4294935,207.91009369374936,16:20:19,-1
43736746.382642165,115.71367169436428,15:33:45,-1
37873635.9707789,148.6106311527551,15:58:54,-1
71371437.16371304,108.17281224840704,15:57:07,-1
47512497.57392916,54.961917499377904,16:10:13,-1
46838925.84190938,300.88332263708946,16:08:52,-1
87547644.50696468,158.7018539576969,15:56:11,-1
8851753.27934603,159.8607094443318,15:52:55,-1
78775253.42665835,225.7538280349405,15:34:15,-1
71655510.7404703,287.7008422776124,15:40:34,-1
28008851.77425355,55.8767045445688,15:52:41,-1
22111862.77862811,38.24054183979111,15:36:23,-1
10121370.667999769,83.71540552634218,15:36:33,-1
78376516.60643315,344.19088893232635,15:27:15,-1
18878610.87927468,72.06798894204915,16:16:54,-1
74329058.3328172,139.49427896724836,15:54:30,-1
15337243.0531754,340.1415389179493,15:27:01,-1
67473073.41970095,87.6770522342346,16:24:03,-1
23138261.99649004,115.34323878284994,15:44:24,-1
27119753.69687822,235.53275990327847,15:29:47,-1
71245137.28526211,350.50820254753955,15:28:28,-1
53594250.22765779,91.91470162714832,16:12:10,-1
18840908.870016888,301.68370001914417,15:55:12,-1
86942432.44721824,97.7200328491136,16:06:53,-1
50835947.35141763,274.68026805602767,16:03:07,-1
78803505.5537075,198.2253941868564,15:48:19,-1
76003601.24663614,265.4357540536975,15:47:19,-1
15379151.121402271,180.96733915657825,15:28:00,-1
56579863.15604548,304.2803754302192,15:51:09,-1
36173075.99519403,107.12795151476794,16:20:02,-1
67888715.086341,124.62157994303602,16:07:00,-1
29252234.032882493,254.30160569251092,16:11:38,-1
21428774.99153385,261.43116462343977,15:48:28,-1
46093102.15200011,358.3069187276803,16:08:23,-1
42061609.94695808,102.39423032963596,15:46:39,-1
66574499.765187785,24.33823947190116,16:01:31,-1
30930028.41848393,260.5209381999516,15:37:43,-1
62980891.0606848,119.77680158192614,15:53:20,-1
73610680.46621573,264.1416126788229,15:55:08,-1
3140728.538121727,5.378357437345023,15:39:37,-1
79253404.04114589,184.1261759364732,15:53:22,-1
42011134.92190138,279.0818554453171,15:38:15,-1
72471902.37522204,159.05367233581322,15:58:26,-1
4311908.105314424,127.29809460381908,15:47:58,-1
59100657.53026019,189.12090136814444,15:41:48,-1
16924101.29497898,336.6262707376022,15:26:43,-1
27761904.19785147,74.85148394952797,15:34:06,-1
68513028.24342322,170.15574619918135,16:20:03,-1
73637257.91422686,178.7352755027125,15:50:02,-1
45279643.51411243,68.84111436329539,16:11:02,-1
76937464.94468543,312.4244840607645,15:36:29,-1
45862959.03388856,347.4067750231658,15:45:48,-1
23626975.52397974,322.94871558895545,15:47:19,-1
2013308.063546315,213.50111268682716,16:25:27,-1
50893019.32731026,65.75262085423452,15:29:08,-1
29365987.53727477,126.47769860823782,15:27:25,-1
89689587.58051674,154.44079072896088,16:24:32,-1
20596613.910777748,309.6477864787751,15:51:13,-1
5994825.291393071,145.25494341429868,16:18:10,-1
3617619.8618674176,243.6381486208012,15:27:54,-1
36601571.17390854,350.38130564232404,16:23:32,-1
1898413.449579729,188.4242216699031,16:17:33,-1
68247969.65169571,145.41833470913303,16:21:18,-1
75381288.5731535,274.27837300993764,15:45:23,-1
71840735.59345685,66.64496251290832,16:17:38,-1
81240834.79926747,1.73376918575749,16:03:12,-1
56183372.67673672,124.78698587692188,15:44:27,-1
86332874.78046346,255.1026454159628,16:00:14,-1
68802746.4423821,317.90439724794305,15:34:08,-1
46971859.80213347,178.47549156002165,15:57:01,-1
30783452.81230797,95.02923948717564,16:20:21,-1
9392363.776209677,91.25901787498678,15:46:56,-1
60533936.83074614,251.17743114340712,15:59:04,-1
60791052.45924234,124.43882505146198,15:38:55,-1
4235394.494376267,127.22066677884564,15:47:22,-1
69837258.65882663,124.86623095139052,15:48:13,-1
15421381.807538848,32.451046914225984,15:47:37,-1
68812882.09259667,6.956351257776272,15:50:57,-1
88838423.26353505,132.55682420455554,15:58:25,-1
23621448.68229064,213.73974048108357,15:28:14,-1
9440519.220197342,144.57400513377766,15:43:32,-1
25052982.300048977,192.6493029017238,16:07:53,-1
36835521.18715368,140.72804675322718,15:57:30,-1
27032841.27587754,357.09064294360024,15:52:28,-1
483850.2213075888,193.8414780304406,16:12:49,-1
73766907.89639832,64.48813759868645,15:43:09,-1
63818321.67497509,53.11709238832649,15:31:53,-1
17903518.31610226,333.92026654742483,15:43:26,-1
68279332.45446399,157.15379069923057,15:37:04,-1
72685624.74418701,112.14292719681612,16:06:16,-1
86061858.19441417,355.556967815354,15:52:43,-1
13976635.98956717,1.9195802734599043,16:02:36,-1
86282031.14126895,181.40344610239976,15:32:46,-1
22170988.91144801,317.0921047077934,15:34:25,-1
37865996.05231604,229.4476559554746,15:28:17,-1
29234337.96630023,243.9402827951144,15:51:46,-1
31495091.053384867,157.4128258424159,16:17:39,-1
44814455.296151735,323.59509137161973,16:00:51,-1
45576518.53835176,285.9130903612504,16:06:32,-1
17968617.515788976,217.6576407969257,15:28:18,-1
81178445.51338667,247.08545923576983,15:34:03,-1
89658014.84909582,333.6876272333132,16:17:41,-1
64092932.56383342,242.65170614839968,15:35:11,-1
60657800.40070128,236.26744837112216,16:10:36,-1
15347605.913058512,86.38826665838454,16:13:51,-1
45046132.9016449,174.82942586498228,15:47:11,-1
33785320.95266691,264.4472925813738,15:53:09,-1
8152795.175126036,169.61940268079042,15:40:25,-1
60711418.513901606,54.70352315363191,16:22:58,-1
57473088.20198273,92.1271173738718,16:06:41,-1
63742149.84107898,52.174911737100736,15:52:12,-1
41524022.03825637,96.54973266499896,15:38:39,-1
11976502.366460592,328.16309057311213,15:46:52,-1
27816266.61122076,104.41248519040242,16:04:13,-1
54064498.01820705,101.73461851105378,15:27:37,-1
73316851.05259287,155.1792668126837,16:20:01,-1
11843954.376919266,165.13586484538533,16:21:40,-1
58410751.4486522,294.613248454379,15:33:11,-1
25343540.19555561,240.82212974832703,15:45:40,-1
73231469.62367406,54.39142524949571,16:03:26,-1
45238656.92282396,237.2222076843557,16:14:14,-1
81910730.69916856,78.75040292503489,15:45:02,-1
1505492.467731695,285.2813282820029,15:38:30,-1
31718755.21699937,32.8579111520167,16:24:25,-1
48845684.48768285,39.64817087535425,16:03:09,-1
59144439.07160217,88.57053180040946,15:45:00,-1
68179902.83098778,299.5475161775488,16:09:40,-1
55373387.749315605,200.09408998505475,15:37:07,-1
12365539.848812807,227.0262039783525,16:13:27,-1
679227.9899187295,85.08682833063466,16:18:09,-1
54803950.62742635,22.51800575314416,15:32:14,-1
11366128.137773195,224.33875051633277,15:52:50,-1
29948366.01822733,273.9042947424631,15:53:06,-1
24941511.21660293,84.29341115893848,16:18:04,-1
16510349.573115408,194.44533671096545,16:24:19,-1
49069836.57848068,182.74257156011325,15:49:02,-1
29522577.13989344,231.4272583669381,15:28:51,-1
28080137.41834654,127.6757742262466,16:01:28,-1
83600966.63811411,163.88450612572086,16:23:25,-1
82854309.90206158,306.9816786597233,15:34:01,-1
88477042.71812433,288.81689951250104,15:55:44,-1
49901139.33702,161.61757373485338,15:59:09,-1
24743677.989878677,309.0839767201029,15:47:44,-1
35940916.9405258,110.36209975293006,15:46:19,-1
86439778.49161063,124.78167634486644,15:27:42,-1
50799195.30913619,267.6038657960766,15:46:20,-1
32995442.12709857,91.39139398686088,15:33:14,-1
83709439.38959593,334.5503707872067,16:18:44,-1
31984082.47673346,7.205321962980635,15:38:45,-1
282578.524288589,275.0338923599051,15:41:37,-1
434279.7806287776,341.6578168751214,15:31:55,-1
54277018.79597526,64.93163679176624,16:00:17,-1
18365512.434542414,177.0971031249212,15:49:59,-1
77396528.90239652,265.4091982608102,15:41:36,-1
25348145.67066735,132.09590140895392,16:22:16,-1
88484685.43461423,237.8118224261036,15:36:19,-1
82758288.44660483,37.344938311084114,16:01:09,-1
39767911.56039422,145.693647803672,15:27:40,-1
81023356.47612293,187.50115235908663,15:33:59,-1
51984035.30584956,344.37243209157714,15:48:03,-1
38768977.1812214,293.6327969693237,15:30:29,-1
45067339.54460547,344.4790302456738,15:36:54,-1
25726523.94997566,333.0997560243983,15:38:32,-1
82394038.96818703,178.38494287265507,15:58:50,-1
7233720.168685355,216.7601058622333,16:17:30,-1
57249449.86812864,92.9627093527161,15:37:47,-1
33255943.803475376,30.650784858772727,15:33:45,-1
1140799.2600938447,225.7224152456247,15:38:41,-1
57878454.80204406,339.3062810392605,16:06:51,-1
1688394.9874381318,267.60891973411384,16:11:12,-1
70447300.76628375,325.03840113584613,15:48:23,-1
22719163.572432343,217.27719407801916,16:19:44,-1
50871753.76867187,104.73403814826104,15:55:10,-1
39394937.99105253,261.4568256579176,16:00:54,-1
7601868.142776943,39.3764301187001,15:51:13,-1
10831990.38693416,253.95246803970144,15:44:46,-1
45851890.70374717,163.75410774390772,16:15:38,-1
27281005.105331708,324.163415233134,15:48:44,-1
60235231.459167264,46.84213422564744,16:08:16,-1
5653018.957528693,64.15971684177872,15:31:11,-1
8718556.930725949,44.49038048336212,16:13:26,-1
41057730.977555774,140.73862281459955,16:06:17,-1
73029062.85299273,140.17603744202194,16:06:23,-1
221482.6523188121,16.572731861977914,15:33:20,-1
45634897.5815256,72.30899577091769,16:16:59,-1
73947898.73465326,93.14158825500542,16:11:07,-1
11564242.813933508,320.3902283860267,15:32:36,-1
28863005.2011176,298.36156309945994,16:23:04,-1
58656333.45505709,321.5066556944091,15:42:30,-1
47233048.84199892,336.46873339486376,15:38:00,-1
76040379.20137341,155.06759720791334,15:57:21,-1
31124845.15507662,210.71202761732675,15:52:36,-1
10968544.489275573,184.9804939534841,16:00:23,-1
15719122.92645495,22.75743215873796,16:13:34,-1
85453724.23952498,45.2446070359545,15:29:20,-1
64511017.31566478,291.69851419332105,16:25:27,-1
80330269.53769587,22.185688989278447,15:36:05,-1
57257501.197277896,143.41244434636965,16:09:32,-1
75691712.14559112,206.1526351702752,15:53:47,-1
84019322.84480408,13.802473472431632,15:30:50,-1
13984163.683725728,221.6448602972846,15:45:35,-1
64181760.1922945,293.3632485966684,16:06:05,-1
67494870.96115087,92.5927124772952,16:14:30,-1
53492017.12768286,191.3329921570728,15:25:53,-1
38387367.68093158,93.06442695680964,15:27:37,-1
18588017.93259812,258.3526268681124,16:11:19,-1
42925618.926304094,321.1447416902377,15:49:12,-1
15878662.577856729,225.0004569049333,16:12:46,-1
25477396.637992486,140.17030374713593,15:49:15,-1
86846299.65686828,273.2335955419387,16:13:53,-1
31900831.05539765,261.6359246344854,15:45:12,-1
44394670.7245626,239.6686215384123,15:51:37,-1
14657303.945300903,169.85837885644244,15:52:44,-1
50838926.362922765,264.33661564274604,15:28:02,-1
55216957.039319225,283.90632567168825,16:18:46,-1
53180269.87383441,44.536950357595295,15:32:11,-1
87268914.88652176,266.7851961169064,16:16:05,-1
4295124.085451866,285.32779253846854,15:32:11,-1
28886769.17253688,191.5980243268828,15:43:12,-1
87303764.71362466,70.01742752975677,16:11:46,-1
25583380.344642643,89.31598289498187,15:26:56,-1
3544717.197109583,220.6073214766547,16:16:54,-1
27454095.48600541,252.69637197459616,16:11:21,-1
18080336.871287636,142.26205811100505,15:26:07,-1
66173975.72756495,25.377226986640228,15:45:22,-1
86667260.50355296,157.72041563520395,15:42:23,-1
41600645.70657567,354.5232214201153,15:54:40,-1
84875343.00096369,202.82515416749476,15:34:05,-1
5991795.786867956,243.180128469436,15:45:23,-1
74884442.26601224,305.96559253197324,16:00:13,-1
67334334.90923008,209.5687422803464,15:46:31,-1
55707911.72185715,11.213427290081835,15:26:59,-1
75789664.8176232,277.41230915934915,15:39:50,-1
61047427.34555283,122.92687424092732,15:46:02,-1
52491721.19238418,140.85126093022367,15:33:36,-1
29329645.240164388,97.42917727320126,16:21:22,-1
84103915.04860692,198.56676446833697,16:03:02,-1
14741954.23269472,5.303228806313465,16:11:00,-1
62499624.79670259,250.16588004692295,15:53:50,-1
44840646.30829972,27.352168138412203,16:15:35,-1
10220447.367089052,136.72356260767094,15:29:05,-1
9302872.618279586,293.66250724327654,15:50:30,-1
29551952.799136925,345.0819785491399,15:58:33,-1
42388155.64815082,329.5658094192008,16:22:14,-1
51190909.87725518,215.86096509564416,16:23:36,-1
15489590.266723558,76.27722660866237,15:37:01,-1
44393185.33882338,292.57820736358843,16:24:26,-1
16751616.033827309,221.2606720989022,16:17:02,-1
87317658.77824545,178.39629901410157,15:31:39,-1
26691255.06858807,87.4067554788003,15:49:30,-1
60675137.81053004,204.07246846920785,15:59:45,-1
89739182.22779508,10.235197462386228,16:14:26,-1
48832773.464762926,232.6131315334569,16:11:21,-1
49757849.3307547,185.2226061386156,15:44:44,-1
79496345.81702738,358.3626471062702,15:56:30,-1
28730369.24074908,108.65864872808528,15:33:23,-1
48332844.03438981,243.3317807795374,16:05:17,-1
48241354.19403231,256.13739919532054,15:26:22,-1
71744082.25834638,27.15636789095487,15:30:44,-1
89423630.5863251,111.90219342627776,15:26:34,-1
20346938.64180311,332.5679727960975,16:13:21,-1
89608853.71432184,242.3586327117241,15:47:18,-1
32857469.778262448,209.0835505199755,15:26:21,-1
27490562.778133184,355.28552132023333,16:09:08,-1
81552963.16888744,149.54297156205516,15:27:52,-1
6540443.704811172,159.41326226114631,15:42:15,-1
87305880.50896525,95.30873943685702,16:14:31,-1
33335501.766469248,196.23509403368325,16:05:15,-1
49704215.0233545,113.01185756647052,16:14:51,-1
56193412.25700949,306.2606719941187,16:18:45,-1
54293567.04193623,128.60988955717195,16:13:06,-1
71558731.00264001,288.4642951532377,16:16:59,-1
85887314.2949886,331.81556116365573,15:25:40,-1
71515487.52261952,285.8809127752634,15:45:44,-1
38472341.02158066,98.13830562447632,15:33:11,-1
49088746.4277457,96.30131977951116,16:13:32,-1
64199115.36283185,277.1580572030652,15:37:11,-1
79637404.65948586,333.5877407164875,15:27:11,-1
47326274.11286992,16.737270123030118,15:37:03,-1
11423898.505838372,114.4996233578086,15:58:04,-1
53621381.315958455,276.054019131748,15:37:14,-1
25546455.956484627,50.59265392800037,15:40:30,-1
72125444.53587691,66.19757082797011,15:58:39,-1
73406978.22535226,248.0871879039736,15:27:09,-1
19388260.690292194,323.10062678920127,16:05:37,-1
13669831.223198758,112.73337737550251,15:27:05,-1
12995042.938781893,53.50943434772182,15:25:37,-1
74824854.50772281,207.1903495647644,16:24:48,-1
24748385.26878896,19.45084049422938,15:35:32,-1
63067694.49042997,139.8821907772241,16:10:57,-1
2850279.2872375776,175.13012681751252,16:20:35,-1
83570351.67725456,6.430065457790626,16:13:54,-1
40619013.87257414,318.0298000834719,16:16:15,-1
73744966.70666522,301.1945928817472,15:44:02,-1
13308564.44700843,293.958660439326,15:59:50,-1
84412742.81443906,125.3860869853348,15:29:52,-1
45098131.65839984,179.24043472035052,16:11:11,-1
44709678.33941706,342.9643756399073,15:29:11,-1
264509.8495883781,166.41855047280532,16:24:52,-1
25012487.717716657,66.52175560359204,16:07:33,-1
55495237.71894056,221.48946972809995,16:11:30,-1
23412666.68181981,46.30959871324808,16:16:09,-1
6326387.536805956,242.8067130188681,15:50:56,-1
54619321.81531876,310.71476785519644,15:36:20,-1
78470238.35119906,309.0901509328756,15:50:43,-1
28555527.97743157,323.58775753200604,16:12:23,-1
38175101.416587554,268.2098601430009,15:42:54,-1
65763056.62379105,228.299350004951,15:40:29,-1
45170151.4063889,159.5978139222281,15:36:26,-1
19102490.24393692,195.3601829750655,15:39:12,-1
67669067.54270136,97.49483343907092,15:38:39,-1
87935284.32648425,284.5382255944297,16:16:35,-1
10548804.100565525,7.799059578031802,15:46:47,-1
40944440.043876834,98.08171434458625,15:31:37,-1
20625402.32403561,37.454482913733486,15:25:41,-1
73395409.23211135,329.1069073243212,15:27:27,-1
24309427.850854147,123.0946164824226,15:33:02,-1
13709020.111117529,19.1348731300938,15:43:29,-1
20663746.070146725,251.12752733945928,15:41:04,-1
34764773.040044606,233.38553352158823,16:21:40,-1
61152999.83684342,4.3519526277917375,15:26:09,-1
34230587.8135849,243.5950804760974,15:26:21,-1
21954805.159491643,118.92493339014712,15:34:37,-1
47764306.75097186,115.81590792903371,15:46:56,-1
5332542.042569773,306.7323825606057,15:37:51,-1
79831119.95756689,309.99838790818643,16:00:09,-1
83519561.19186099,351.2593209387811,16:09:42,-1
70535044.07390414,198.45548521427173,15:34:49,-1
38325002.72884054,14.67248277904034,16:13:02,-1
24572692.30638193,173.8397901455489,15:33:46,-1
37161146.25695768,210.4149297831216,15:32:12,-1
86833523.34532954,239.53036168726447,16:15:55,-1
80493860.48006526,230.05104260346104,15:29:24,-1
17617150.185175493,32.70242308720804,16:20:47,-1
13904300.694392225,12.713295793441691,16:22:44,-1
12588188.782413691,284.1268197257915,16:17:55,-1
1392491.6636178573,139.16059842874435,15:26:58,-1
75227158.29286061,49.01457785210376,16:03:34,-1
67271235.19545841,256.04992838548753,16:01:56,-1
79172953.80007239,38.17274472301117,15:45:12,-1
37701739.23654192,295.2953320754788,16:17:26,-1
60241109.558568895,199.98160176998968,16:22:08,-1
20646192.095081795,322.2278635311337,15:53:19,-1
213044.9277162727,54.71197719668256,16:05:30,-1
66515403.365227066,274.09606987254,16:08:48,-1
84665998.62781082,228.6063713136118,15:44:04,-1
68102579.16760607,17.351101650011408,15:43:16,-1
37409819.8266554,55.08513303747464,16:23:32,-1
22597044.3220866,212.75914141426608,16:10:16,-1
11518514.454022609,53.1223582674972,15:55:12,-1
72143365.50348863,256.7726366735018,15:59:46,-1
55203031.43809676,156.4451422497366,16:19:25,-1
19023603.42415553,270.92672620086694,15:42:20,-1
68905536.00855306,231.3513804324656,16:06:25,-1
861695.4949078255,2.1570197209237163,15:55:38,-1
15970350.004721,23.810732698082354,15:37:57,-1
65150636.63781443,206.3384158571588,16:16:58,-1
25460176.3423213,58.53264710510382,16:17:33,-1
18751329.68130866,3.2717867643875653,15:59:12,-1
67110993.78165855,126.09413863477796,16:23:02,-1
17745863.14901357,206.149058704354,16:06:03,-1
53160926.04171407,225.52324332035064,15:58:32,-1
51823419.546965554,285.1128150367001,16:07:28,-1
79108498.11880344,76.74449065712417,15:56:05,-1
17596512.09549042,295.9872863935624,16:06:58,-1
10662216.556453124,122.3631751492786,15:57:21,-1
57033684.17453635,225.8130280659903,15:58:56,-1
8727741.946604127,350.3906500070932,15:47:03,-1
26666761.578970883,215.42524624931667,15:48:08,-1
56367222.67701788,281.3888764087652,15:43:55,-1
48311590.01535119,288.6006918325191,15:39:45,-1
66517475.56388984,309.7924920038083,16:15:43,-1
75105483.99142164,349.393243033069,16:09:55,-1
49524719.38323359,358.8643348615244,15:37:18,-1
74650079.32245143,195.57466313656383,16:09:53,-1
16963329.56246643,349.2415055940673,15:31:33,-1
38929913.10277834,277.9340105109778,15:40:26,-1
82191464.6770991,284.87185860125106,15:27:16,-1
23696818.74870395,260.7537891513239,16:03:03,-1
19028752.77340355,49.4880555315802,15:48:48,-1
27354280.06399304,232.58498981493543,16:07:58,-1
72940829.37912728,280.7081349338273,15:59:44,-1
408528.9093417759,21.54581249950669,15:46:22,-1
5631082.821355795,228.5157608870648,15:54:42,-1
52618612.68625921,9.902323996461622,15:47:33,-1
57667578.54538287,236.7244766575318,15:45:37,-1
89195284.05196157,195.81309604557904,16:15:17,-1
74568949.85789634,207.06455837267683,16:24:00,-1
82395636.34240687,218.88936751417376,16:01:14,-1
72885955.41705357,15.781949470729067,16:19:14,-1
41926828.15334285,301.4805808826553,16:08:05,-1
57434712.46605919,118.65898360629856,15:52:23,-1
61577386.43655212,337.6043150238611,15:46:36,-1
82951771.98183216,32.463195047035086,16:13:23,-1
28230021.22541797,334.3438730732435,16:24:41,-1
53244341.68482069,293.01758682654304,15:46:02,-1
27885708.7760969,229.69358042340372,16:21:12,-1
70847274.82957183,286.9726173785201,15:43:50,-1
65383389.2925361,325.5229553207148,15:34:49,-1
64455402.89450527,349.2748897059066,15:34:17,-1
61506331.27422403,134.81318943664422,15:31:11,-1
54957892.4107117,181.27238592327936,16:19:51,-1
42299893.53693594,320.404305661683,15:49:29,-1
72947409.6933121,93.9200003326871,15:53:50,-1
20056130.49594451,143.9438077956245,16:00:03,-1
19018476.608048312,5.324312253089891,16:05:42,-1
71172517.16833423,71.40515850706164,15:55:57,-1
89407533.26534037,87.65297970159493,16:14:37,-1
51938297.98917896,246.275191572814,16:12:37,-1
50939767.27187521,7.508989773286996,15:28:22,-1
42821668.47724132,352.5586427427014,15:41:15,-1
17433276.2580665,273.76532669366435,16:23:55,-1
13999375.34173753,130.3366511194928,15:59:41,-1
44600317.366125055,231.0523980447737,16:25:24,-1
81259729.54907222,112.9363404490026,15:51:35,-1
32694555.97834545,336.11261446638724,15:41:38,-1
75775813.35259229,265.38257658949715,15:49:38,-1
63823943.14092824,188.026848074108,16:14:34,-1
24516219.392113358,99.51169071245208,15:36:44,-1
13959608.559448829,209.96844258526127,15:58:06,-1
27863310.08901314,56.041571419204864,15:55:10,-1
84309810.57284719,62.3343630329123,15:58:50,-1
84267845.28756724,27.051000272166807,16:03:51,-1
24806538.05767295,275.601379029669,16:13:00,-1
31653752.440510407,301.2406483615687,15:29:53,-1
28112490.26911133,355.858289136288,15:57:20,-1
79609142.40678331,15.418599699566691,15:58:23,-1
71731923.71317682,240.76062871950208,16:02:42,-1
962697.0068699964,264.0036773110731,15:31:33,-1
5532071.194263366,78.51908065578105,16:07:06,-1
47226076.14849383,22.11578791374756,16:19:29,-1
79580755.85334146,233.04394463348956,16:06:47,-1
83780618.00843093,189.62894776201307,16:04:39,-1
17073443.774613034,285.8256329979188,16:15:18,-1
66434736.586822055,212.8189269523678,15:32:12,-1
52555332.1818492,267.7080634417494,15:37:03,-1
26040023.53902717,78.43910315875581,15:35:30,-1
44362637.64912842,259.7144060416902,15:57:24,-1
10841315.307091763,16.338208654426737,15:55:40,-1
30257655.54793035,113.37761127835368,15:56:16,-1
6353742.664276305,309.1988809876236,16:02:52,-1
71616059.58690391,198.01113863576592,15:49:51,-1
1777575.2813945848,29.64325487442016,16:23:32,-1
1358670.0968528078,101.54091335254414,15:41:29,-1
11395532.740895772,94.89702410597032,16:06:01,-1
87259639.71267654,353.9013949354169,16:12:42,-1
60828423.6150282,342.0304894587894,15:48:17,-1
61578478.20475444,325.19997938765925,15:53:02,-1
18544632.279022552,184.92852454856435,15:31:57,-1
83138532.95141043,146.81195123082324,16:02:49,-1
14504218.665792195,291.2210086841539,16:14:00,-1
74041405.70817217,261.12724062765056,16:00:46,-1
51432980.80553545,319.4213334667777,16:09:25,-1
15925855.145259667,118.1506038274783,15:54:41,-1
67460612.094444,71.49564057389465,15:40:24,-1
36794722.67027199,107.88880546271731,16:03:52,-1
68591237.50828578,212.2352111665912,15:39:41,-1
33614835.16045647,273.43217463290426,15:42:00,-1
40478786.67244023,203.85777587452756,15:40:15,-1
9783979.954664309,78.21813590427926,16:11:29,-1
31925707.772290453,239.4239275132533,16:11:05,-1
6872524.4933685735,321.9362157948285,15:32:07,-1
24415397.111799832,321.9527544870473,16:15:34,-1
27306815.7683855,66.20671095023552,15:34:26,-1
38451757.060333,125.58062077074388,15:59:03,-1
10210229.69873096,354.5803521585729,15:28:33,-1
47594449.91671708,244.2647829542876,15:41:19,-1
19213617.349994916,6.716294435690542,16:11:08,-1
81316607.95909041,53.72447840403786,15:55:56,-1
39697349.85714945,128.94427114917588,15:46:18,-1
84717465.6081382,314.7428318035038,15:34:21,-1
52471754.484203964,104.67884900604248,16:15:23,-1
57010725.29999811,32.460936843014224,15:37:54,-1
12943601.429071415,135.41984358622466,16:13:53,-1
51978373.12112487,276.28709166917764,15:48:11,-1
26964597.28140482,115.70508748211996,16:13:54,-1
68034624.66571042,134.60041155239267,16:19:48,-1
18153324.143466484,95.69913717557962,16:18:02,-1
40156215.30537857,355.7589701481492,16:24:17,-1
51865280.902637735,253.0206093071868,15:40:25,-1
29506366.27291322,215.91455337081368,16:16:45,-1
84419216.93148814,155.72937303548784,16:18:39,-1
29444810.141850825,351.4033430290749,15:35:45,-1
69789052.81649214,37.90047748756993,15:36:30,-1
41253975.6264444,341.7036700321187,16:22:06,-1
23173033.39428874,61.57950520003255,16:14:33,-1
7001732.412296922,260.4071776093905,15:59:20,-1
39135151.68649607,288.91618639826913,15:41:12,-1
74208469.41433623,222.05022540463844,16:23:45,-1
51451884.44217821,267.3998164733776,15:59:39,-1
85824370.60591851,351.4919453832088,16:04:45,-1
30898596.83141046,185.28634817226975,15:33:16,-1
29731283.156057782,144.31968181518562,15:49:52,-1
3660254.245515621,35.13779788668006,16:09:55,-1
71823444.15151557,56.38846421279115,16:07:03,-1
10090069.18510111,133.73641542832553,15:49:04,-1
48390059.6481605,114.110342198238,15:56:16,-1
28339422.92308252,312.2425296523062,15:54:11,-1
88843834.78900576,112.0617566206782,15:53:33,-1
68541323.66279222,92.2049465578074,15:34:40,-1
13242567.172217164,347.5233207521028,15:56:56,-1
41339280.19441817,313.7688206392897,15:39:25,-1
79898114.36896951,203.96123034400824,15:52:58,-1
88986331.65899487,287.05284057198713,15:41:18,-1
56597126.29746232,40.3029571103905,16:16:07,-1
15227518.969430115,330.3381296175517,16:13:46,-1
43646543.36555886,118.2527351089992,16:11:00,-1
32472246.8311362,201.90816715888636,16:18:35,-1
34449596.37012589,306.65054427684083,15:54:24,-1
79813132.17402479,115.03622078060314,16:12:53,-1
54477742.61925591,266.5181170315945,15:50:20,-1
85913330.93125083,7.929724732768224,16:05:42,-1
20424909.674247425,276.23515081407123,16:01:14,-1
49640444.51187077,202.82515535308264,15:27:59,-1
88331348.41219357,151.64778030427098,15:28:59,-1
65150029.111345686,300.2944360519843,16:16:03,-1
87170722.9408921,224.926849839968,15:52:55,-1
35195924.978759624,199.8340084411761,16:19:18,-1
19246284.683879104,62.10365846329862,16:07:02,-1
19619951.640663944,308.2310832918841,15:36:25,-1
77054617.83689825,23.924524469780863,15:39:50,-1
70090045.54488935,37.93975862773386,15:52:33,-1
57604754.41219467,118.402154621669,15:51:23,-1
49324249.78102437,292.56762070591657,15:25:58,-1
13948085.301388713,218.18340703981784,16:22:22,-1
29948871.21920232,39.62761430173665,15:45:51,-1
64458832.023532696,7.363560489756082,15:34:22,-1
85074261.52791739,197.13592838897875,15:38:49,-1
5179851.194457012,44.810063594945504,15:52:39,-1
28192852.749848284,315.99383678737485,15:26:24,-1
36889417.15598017,114.68202234314676,15:48:18,-1
753811.8577771635,244.31096137685344,15:39:28,-1
86066586.38390152,204.5504961447212,15:47:09,-1
52818249.08405292,10.84621805578526,15:27:17,-1
84103549.21351284,50.16459811586525,15:30:56,-1
7544645.258364781,39.08407153812392,15:51:17,-1
25129146.198951803,217.07568528580603,16:22:19,-1
67937541.47398983,274.24280557711165,15:55:13,-1
29920919.48520297,47.90742041215415,16:07:02,-1
46447694.44970549,108.193834624017,15:54:24,-1
68471726.27785863,118.84781419980926,15:38:09,-1
87855140.59725954,36.59569914369687,16:24:46,-1
75970459.71452318,350.7295149130815,16:23:06,-1
75284364.74416035,10.604638101723264,16:14:04,-1
72455590.78477126,7.544422766545273,15:28:30,-1
89271216.22192976,226.02366385782145,15:26:19,-1
39494918.50865388,296.15126234905324,15:55:36,-1
49816222.13992087,143.7615930710944,16:23:29,-1
41214774.95283608,277.52145292346194,15:32:41,-1
52968470.35923568,279.9193835855433,15:43:33,-1
28347287.57573696,77.394360329382,16:03:17,-1
83335502.94815773,331.6070737115048,16:04:14,-1
42316767.621845424,357.6231097424261,15:40:52,-1
4635934.702687407,151.97026438201155,15:53:34,-1
25663659.088328343,214.5907015115635,16:17:57,-1
69900670.8766607,32.49746505430605,16:09:32,-1
61997822.9936347,110.8593340850598,16:09:54,-1
39076097.72050346,10.026183188576084,15:42:44,-1
54563369.94283548,86.04874229496194,15:50:16,-1
83779402.12595713,63.87986339966562,16:25:02,-1
52321947.86109809,279.75712871655224,16:21:35,-1
9795898.41485158,200.53099184342315,16:10:27,-1
57521103.33715514,301.1821710538555,16:22:44,-1
53233454.95671401,281.1384793084701,16:10:43,-1
59008153.427126326,133.2012599505784,16:15:22,-1
42659062.32527638,144.90046790319786,15:57:23,-1
85958516.64709873,315.94518135624054,16:13:48,-1
58643935.088237785,40.55566401581099,15:57:37,-1
25194772.151333656,56.38570030815028,15:35:52,-1
8256093.471233349,118.01250101041346,16:16:37,-1
78892649.13057749,40.35663915489744,15:36:11,-1
28958029.914996948,186.09859586258693,15:57:18,-1
77999029.74445584,229.25939851921768,16:10:23,-1
14466308.092561532,85.91954490241172,15:40:06,-1
4803958.505298396,288.5217399501278,16:22:23,-1
18238829.710775528,9.32527532304498,15:57:40,-1
47556397.49810464,253.2629585565966,16:21:22,-1
28063871.77368892,19.972974222419523,15:38:55,-1
9660987.16799745,21.1094255114215,15:51:54,-1
16793869.143955827,316.0540800313441,15:26:16,-1
2477999.6573686376,332.0296405048462,16:18:56,-1
62155493.8199968,86.10942200988636,16:05:06,-1
79037643.4501145,212.17861090904412,15:25:44,-1
46086710.02957337,88.26838345408777,16:01:26,-1
41806361.45168623,305.1332360355537,15:54:25,-1
16378759.432119988,112.52633530209546,16:24:27,-1
20766431.7554394,312.8110323807515,15:55:32,-1
84681792.61501525,35.71104321382138,16:16:51,-1
33538522.56089732,271.4210769927,15:46:34,-1
11049549.75098676,343.92828816792473,15:52:10,-1
43714436.22396791,195.9868474020793,15:55:28,-1
31691872.5994987,13.126546703882545,15:38:42,-1
38715313.905075245,138.6586613366603,15:33:59,-1
16764858.540784882,356.5968203557104,15:37:05,-1
71896221.79951203,187.27457402292592,15:34:57,-1
53898785.8048087,47.8036440506424,15:59:03,-1
66532182.59306245,263.54255597831764,15:34:00,-1
17581833.97928269,120.69524745832092,16:19:04,-1
84887098.6318159,147.63364142942663,16:06:12,-1
59217485.79810154,49.1155478305324,15:26:56,-1
34157893.09303886,133.67386750431186,15:31:32,-1
67477999.4200775,161.219379841042,15:46:38,-1
29532910.962141927,334.06066898382204,15:58:47,-1
69677397.10001872,199.5948354893264,16:05:16,-1
42764943.05487249,63.18726090615708,16:16:32,-1
11049000.301623432,307.9216644886644,15:42:10,-1
10828859.301233124,42.53295449992472,16:21:32,-1
62562846.79821999,291.6157278477519,15:46:31,-1
64454327.8700956,262.48338066264307,15:43:43,-1
478308.3322804816,267.16639778045806,15:53:20,-1
48886685.50903369,60.17715932615749,15:45:43,-1
11363876.535500985,201.99149582490531,15:36:36,-1
27304527.271753076,277.7509256754969,16:21:19,-1
54563595.86759558,97.00212376555548,15:37:36,-1
4504572.97458337,327.80306841921555,15:47:22,-1
49752336.11524934,24.040703121113868,16:19:35,-1
32321586.90717345,43.57134143968188,15:58:18,-1
5844625.919801678,154.37935613786118,15:46:51,-1
69453899.6530589,26.82218491817107,15:32:16,-1
54084150.0196309,222.94548582000303,15:43:36,-1
47956510.16679333,220.75510789475257,15:27:26,-1
33508390.72138414,188.9280371326249,15:50:40,-1
55036620.72056664,261.8605312575716,15:26:15,-1
5764634.190406902,41.027580734997045,15:57:01,-1
15766837.8002612,254.6595464669131,15:38:03,-1
56533596.36397362,18.23926350205352,15:38:48,-1
23086193.24837623,273.8193030031701,16:17:50,-1
37807342.07227747,260.34642375921936,15:57:57,-1
34781544.24482454,82.00406965931106,15:31:25,-1
18748153.91952438,55.82329041307935,15:56:41,-1
18861339.715480555,123.0732044474807,15:37:19,-1
63577754.8013618,174.28891047810825,15:51:16,-1
32420416.19902631,285.02170017678,15:57:44,-1
6354784.081548243,39.18337553479784,15:31:00,-1
82524487.31809016,235.09040495344996,15:34:01,-1
66075658.429519154,40.24693372559068,16:15:49,-1
24698042.442311164,266.6189668627934,15:25:31,-1
15174257.318895428,66.3017017206646,15:38:28,-1
80484573.89408708,347.16885594198834,15:49:26,-1
35855280.17495853,314.38238734833465,15:25:59,-1
68875814.40847068,256.33991896675866,15:52:28,-1
76531523.46146733,342.82383336574463,16:07:08,-1
38873198.29272425,161.29350856618095,16:06:31,-1
14987835.82448794,141.1125155684536,16:14:34,-1
63706032.165902674,280.4075313054448,15:37:28,-1
61949251.37712412,227.0346822942521,16:15:18,-1
43617627.87614248,308.51144829078345,16:00:30,-1
82794019.26150458,125.10434062697998,16:15:44,-1
26000008.563780826,319.0328308329947,15:35:46,-1
45224764.430274025,5.470505537328543,16:17:56,-1
55248337.21825287,200.6729078486573,15:40:32,-1
56186833.254792176,204.32452779405796,16:08:56,-1
21006068.97265446,343.6366101867259,15:55:14,-1
8666841.47292064,335.1746129866359,15:35:13,-1
62947368.83905465,230.16738172179024,16:08:40,-1
4430893.988226673,121.49811178153098,16:17:38,-1
48319898.278784536,271.61904835688097,15:47:16,-1
77620976.11421359,85.09774436882451,15:58:37,-1
52789198.36572784,315.304760698145,15:51:11,-1
89105310.38275199,127.5644616300699,15:30:40,-1
72173644.62740186,20.167100237311917,15:28:37,-1
41276262.89370317,53.5578344709038,15:50:53,-1
78721241.61511338,345.4795666151588,16:06:30,-1
49139713.18903774,107.44673181316251,16:02:01,-1
87476080.66053808,15.537366271551557,15:54:55,-1
9773352.083772931,199.88200187821712,15:36:58,-1
32765347.200178426,93.42805859587406,15:29:50,-1
46521110.41385471,32.16324081949162,15:45:03,-1
88412606.94446537,312.873792479674,15:56:07,-1
72309720.62336639,69.84809439816904,15:28:56,-1
69029103.35638455,261.00463763487244,15:32:54,-1
35383252.564174935,244.40261273686423,15:33:13,-1
86087373.4064177,202.94906738875235,15:56:11,-1
45579249.59013142,67.56001433521685,15:54:26,-1
8848067.759315781,74.20307156067541,15:34:10,-1
88221806.74563389,221.15420175221192,15:56:58,-1
83142072.67765999,238.6484673984961,16:05:28,-1
68213780.50075758,191.49174301966264,15:43:23,-1
83195670.5382618,132.71483146877094,15:37:40,-1
56544065.077523895,28.90209349967717,16:17:09,-1
77400078.65280287,162.78375332041213,16:02:05,-1
51312957.66689774,345.2819850268193,15:56:53,-1
19756881.46802885,45.20616093877501,16:13:50,-1
69930750.42624737,139.7024001463224,16:08:39,-1
33589755.8618197,101.94569403337604,15:36:04,-1
53106788.14206547,160.36923817668358,16:25:28,-1
15816318.907578196,28.50541242784129,15:31:03,-1
60856512.71548785,348.5396240729208,15:53:36,-1
64804917.0114002,206.7651130588201,15:44:23,-1
62591800.52857438,357.13166915156165,15:51:03,-1
34612154.54185871,307.26768734417726,16:17:33,-1
62045193.49853947,131.5213367795396,16:09:36,-1
67295481.8690524,14.560650523987778,15:34:40,-1
33764270.1837487,168.33531683911855,16:12:56,-1
81857502.14995775,283.93846165771527,16:09:39,-1
32434656.94320741,21.103267296438545,15:35:03,-1
623517.1729249979,37.16413450513781,15:57:08,-1
18250823.35756338,90.03577623969076,15:42:42,-1
8453271.085331004,321.80237450845027,15:53:23,-1
3656190.4099391294,64.28744322205316,15:33:43,-1
2287238.1921856613,153.74435802120846,15:51:37,-1
79424733.75613947,342.0457771532811,15:53:00,-1
10536230.849651173,20.09576697060506,15:40:33,-1
52806794.11750106,64.92769362221455,16:01:05,-1
66914374.55135161,46.29611942729503,16:03:42,-1
21059529.672957957,242.14348072691567,15:42:21,-1
74547329.27277227,317.3641733540572,15:26:43,-1
20466931.260091204,117.27179341684966,16:22:50,-1
63207960.78754806,159.0121390717151,16:12:26,-1
71362442.12209159,195.05997066878768,15:36:11,-1
88846343.2660027,15.233406651965495,16:07:59,-1
42890566.483280905,246.84817228339992,15:58:30,-1
15905509.51160781,294.43907109515754,15:53:14,-1
75552861.03886361,79.18295621371097,15:55:42,-1
11969990.075956972,146.06509255365404,16:13:18,-1
58355392.19190686,255.88212107636144,15:46:52,-1
88222089.69439611,283.80419448469416,15:53:09,-1
26453975.508469403,215.20577649414915,15:37:01,-1
89066073.6484944,79.3124366756787,15:37:17,-1
6531493.9175271895,5.726364061240696,16:22:28,-1
31807588.710578702,208.84398910905912,15:36:45,-1
51749290.324978605,215.6693231267569,16:09:27,-1
41320065.74950244,349.7130523255777,15:41:03,-1
19261392.510365862,127.61541036654911,16:14:31,-1
56209843.752876885,14.720364323416826,15:46:20,-1
15887088.523017166,151.46578531309845,15:40:37,-1
31735651.33466117,260.0088350994341,15:46:40,-1
77416219.10275492,238.4908660342504,15:34:38,-1
51840541.89391546,199.8289522142013,15:59:17,-1
55406552.38259925,70.03210198031896,15:47:25,-1
11426865.354763716,200.9305429829176,15:43:17,-1
49612112.83237831,128.93221657187212,16:00:41,-1
71755815.71422969,250.7094836250874,16:10:44,-1
25683828.4472205,156.0088637754083,15:38:56,-1
1612305.6577861612,37.891294438196255,15:54:44,-1
44202160.586913005,105.49323579599718,16:21:41,-1
6291431.221132416,274.2867777356939,15:36:56,-1
42611542.43966345,48.282965214482935,16:10:04,-1
86618140.96626163,0.3250717639376832,15:25:44,-1
57920922.22728242,36.873033612464525,15:57:52,-1
58085818.69251835,43.65337959437574,15:30:33,-1
9406857.763216272,1.7401308252622716,15:47:47,-1
26698873.91561559,147.72214979467887,15:53:16,-1
57513104.49352964,309.94348187503454,15:26:18,-1
11827542.150334738,274.60630933114044,15:45:02,-1
68386174.63312548,146.12005506260294,16:22:55,-1
44182719.90646865,269.76231035526814,15:50:47,-1
41334462.19364694,314.075001037031,15:28:35,-1
71720408.2993824,118.6344349234778,15:45:56,-1
4205550.511158189,147.08669511719964,16:12:47,-1
42201056.99546995,11.546726462024758,15:32:02,-1
69910980.15863155,347.6455357806472,15:25:38,-1
5609596.600614864,206.1004975880586,15:33:35,-1
75683158.44637007,283.9067509375708,15:39:30,-1
71659940.57865009,155.93113023660524,15:27:46,-1
33457519.759059258,271.39272015549284,15:51:44,-1
60861246.809567146,305.25190448166984,16:03:36,-1
22146259.495190296,295.5881299483294,16:24:52,-1
25119240.394274663,59.8615216743914,15:44:31,-1
73180471.3641515,2.174049515693639,15:48:12,-1
86346507.50723967,208.340153239932,16:11:02,-1
42543914.41531404,107.81150727565398,15:56:54,-1
81094390.71797785,231.24211574192157,16:14:09,-1
66935289.43171248,143.83582746429528,16:19:31,-1
64294311.03026823,63.78952544661237,16:21:21,-1
20727078.327387583,255.45912046730112,16:00:20,-1
74109771.8624002,207.10461148841364,15:47:39,-1
37747353.36663554,304.8392280033684,16:19:37,-1
36988500.44741486,206.78696965791707,15:28:29,-1
29425013.607051928,301.9782032483291,15:48:39,-1
52729275.386462815,348.905977865504,15:56:23,-1
21539176.81230012,103.96982016125196,15:39:13,-1
43044411.3441488,187.3973834350309,16:00:05,-1
73457240.64039579,260.2875246310379,15:58:24,-1
58279831.971212246,145.78259652015967,15:40:31,-1
32988948.19908972,88.54823889458507,16:16:20,-1
52679609.58170862,299.80119425760387,15:53:27,-1
72352475.88278064,94.46288458392708,15:34:20,-1
65262947.86567203,99.52939684867196,15:36:01,-1
22926620.182654124,354.71330079558936,16:21:50,-1
67974270.38833024,274.81721711007424,15:41:46,-1
11819975.09331179,211.5142131121941,15:25:45,-1
60062672.78619454,35.60063588176453,16:18:53,-1
9528249.880264249,149.63679119352616,15:41:31,-1
13236856.543683035,234.5836929400405,16:05:00,-1
44238651.4092882,11.424035108951088,15:37:18,-1
64645466.535865374,225.38673565304865,16:16:47,-1
6991570.42533948,121.08494767213269,15:36:24,-1
6222826.910522248,284.4579425941496,16:10:41,-1
86705954.30120285,21.58843124806532,15:44:54,-1
37576331.115654,101.18246762874836,15:39:14,-1
13767926.133107215,297.37823355767296,16:21:37,-1
31794734.643254574,199.15135444660223,16:23:41,-1
6627672.446457502,284.2776087748796,16:08:44,-1
13040180.110587789,61.127272257893445,15:38:03,-1
14946722.5271863,40.180992462098345,15:54:32,-1
24800108.0710412,320.9603301758692,15:43:08,-1
20752939.364060327,151.6137815358372,15:51:55,-1
25321607.875218924,113.48901980192208,15:26:24,-1
63167882.51851356,320.8107717934445,15:56:48,-1
26253905.50243736,303.2969188515667,16:24:40,-1
40513575.8744522,85.60669826085113,16:17:26,-1
82460505.17530183,317.53826380742817,15:55:11,-1
60164466.30663371,278.21820850630166,15:28:46,-1
62210905.56919384,136.29792394074786,15:56:23,-1
43544318.34171094,221.7931602966725,15:54:54,-1
22724296.66039075,159.2317226891173,16:00:43,-1
57015391.15614152,96.45358937490468,15:49:28,-1
73305582.36813398,242.93031586445304,16:09:10,-1
40376864.337129824,86.36501105136603,15:42:00,-1
17658190.34618805,165.86163219336524,16:03:46,-1
36245489.7199192,229.77431485356752,16:05:34,-1
47823933.80433624,137.00415239800782,15:52:18,-1
24111770.515598368,214.9525467997696,16:21:05,-1
23729535.831325248,44.44245856956246,15:39:10,-1
45924867.155210055,41.8854668534532,16:17:22,-1
45936674.33966176,29.680886257134635,15:41:04,-1
3206806.321284456,352.56891675602213,16:22:14,-1
37771374.96985558,28.57001577651809,15:43:43,-1
74558211.89499144,241.20495399599292,16:07:50,-1
58981621.81502753,14.901031767539935,16:21:46,-1
23969042.33879059,300.7966405840926,15:55:48,-1
25673945.380235087,337.2639996450572,16:11:35,-1
65634098.62572733,309.01044173702377,16:25:22,-1
12292437.398510829,175.33825313401363,15:26:01,-1
474649.6049682298,243.88795793825275,15:37:24,-1
30768566.234785464,105.76701279697214,16:06:18,-1
35457184.49639312,149.01896157975372,15:26:47,-1
68569969.29693717,322.333827556984,15:40:45,-1
85297040.34997664,311.1527309976168,16:00:31,-1
24222068.442589764,100.35921193558576,16:02:50,-1
44307561.94362693,283.8268234016278,16:08:54,-1
71945538.36769861,266.9882363065465,15:39:09,-1
52464732.99818977,252.7025714118585,16:04:52,-1
69538757.5987831,324.4721147702207,15:32:04,-1
4449328.987785378,330.6139309235489,15:33:18,-1
39347671.23010059,317.84367382254646,16:05:42,-1
60677517.862366736,196.2938088253476,16:13:13,-1
32757489.72536368,174.92274136045992,15:35:03,-1
6975371.449244197,179.23124447104604,16:14:58,-1
60231923.16320896,79.15559153947498,15:49:08,-1
23253407.80304209,292.33576918264896,16:09:50,-1
33051199.52763372,345.5172306622474,15:44:45,-1
66197291.57581455,247.76603561781533,15:45:36,-1
15392090.916512877,63.40489637573886,15:33:59,-1
99177.77889870288,180.91804158218252,16:23:39,-1
7364408.664252549,128.669842262228,16:24:39,-1
30528036.35287926,129.62497119719433,15:35:29,-1
87514313.51845819,277.98903819569074,15:56:56,-1
24870051.618955363,179.72248205308418,15:57:52,-1
5451990.772024337,311.19345051094353,15:42:24,-1
30181663.160708666,141.76096800115522,16:03:03,-1
65535636.14367769,273.11894426758727,15:43:30,-1
7511168.91581028,229.9143644942438,15:26:31,-1
89027139.56699008,122.11218920671185,15:30:18,-1
14217852.82350946,273.2080523447456,16:08:06,-1
28297791.90877129,80.03336149867944,15:44:33,-1
86898935.67746526,101.34867792324354,15:50:12,-1
58058968.66780774,78.53532774690468,16:00:54,-1
59083696.991261296,24.349457537732103,16:22:40,-1
53270944.52883481,5.783852541549033,16:21:54,-1
57987877.7074846,120.35570065843775,15:33:26,-1
51054968.57856005,224.9135781194803,15:27:43,-1
62739032.49474344,225.77051538871515,16:10:53,-1
12696299.09748638,51.7994560926041,15:29:29,-1
49004334.01637668,245.7640444556725,16:09:10,-1
39908061.98972702,261.027533272922,16:22:04,-1
62653402.60305776,154.19468563523608,16:12:51,-1
50517844.0298136,192.3490633051701,15:32:36,-1
26302842.62340269,347.0262896619155,15:47:26,-1
72527823.76401606,348.6752257039225,16:16:28,-1
46939536.76254088,242.67662890756804,15:31:02,-1
72125333.72266507,149.15557832087768,15:51:59,-1
63946341.17333229,32.58811022399939,15:53:17,-1
62753804.672811806,228.7374803324249,16:05:14,-1
65475150.96763792,16.859023032934775,16:15:00,-1
89773594.97518903,125.06690653384126,15:36:04,-1
4165518.168866981,276.1292233557313,15:50:41,-1
80770607.40048708,226.42740542457364,16:20:17,-1
26751327.060011897,78.50994103477228,16:05:37,-1
89321380.84691826,92.75692025561706,16:11:01,-1
29040911.867716186,291.24789883842817,15:32:23,-1
14664172.93896378,80.1488337593275,16:16:06,-1
68533904.24880075,256.6066412595114,16:22:20,-1
6998670.099557057,163.95510599474062,15:32:47,-1
22894305.0690999,40.6569593834008,15:47:27,-1
83992710.38660362,156.47045821351657,16:22:18,-1
25531249.812731504,58.90978486655898,15:58:50,-1
7588655.458246175,48.54547593427104,15:32:23,-1
12474874.853619443,356.98583046460334,15:59:32,-1
56077670.26687098,163.06269922789093,16:24:26,-1
65901025.262492895,287.77683826068954,16:09:40,-1
25143.37169647289,79.74998376437655,15:48:31,-1
16446241.7209071,111.3508883778382,16:11:35,-1
79307117.13841596,99.37733781514598,15:52:37,-1
46277689.60421468,17.985848856277705,15:57:23,-1
50996495.90824363,224.96086776799808,16:17:58,-1
61313942.8806496,112.4177358205232,15:53:19,-1
67940903.89304206,353.026880866846,16:05:48,-1
14965745.134037822,309.0231923424116,15:27:44,-1
65365358.99981649,185.90964641061265,16:24:55,-1
41137865.34010407,306.11920407516334,15:48:49,-1
7126091.149976019,323.6983392098725,16:07:43,-1
78656678.14138538,297.0330461593218,15:48:38,-1
59547500.57756974,26.192778779828476,15:48:35,-1
64018459.69562057,316.7832664998556,15:46:59,-1
14495542.38894783,194.8797810150482,16:23:09,-1
46575868.297000885,186.378733296061,16:22:23,-1
87721570.96111126,160.56185367461188,16:18:06,-1
23730626.381221656,323.67352305231765,16:13:03,-1
45963511.45861446,170.59031581917887,15:39:26,-1
27615024.517957658,80.80432778012299,15:29:54,-1
35178899.25557729,323.60833608926134,15:34:05,-1
35103903.1745206,259.89234494828304,15:31:13,-1
60160122.87357304,225.1940330123462,16:12:03,-1
32771740.840408508,73.29753160449874,15:49:16,-1
74620459.6558262,344.00994103246865,15:27:19,-1
57962462.52009872,164.92470694361575,15:33:04,-1
24389313.65689902,16.787354741499918,15:55:27,-1
31941429.362760574,291.25330463703824,16:13:10,-1
51299107.70762228,201.162775152743,15:41:46,-1
32799727.052992404,311.59695054988055,16:15:55,-1
48088701.73235079,209.914796628324,15:55:35,-1
47025662.779252514,169.52161686453195,16:19:10,-1
36125196.9164656,159.08945287860504,16:11:33,-1
76607128.0816139,45.88135829151715,15:56:09,-1
72585749.60612696,10.45194164614326,16:01:21,-1
59980067.93062043,49.8795529848776,15:33:02,-1
46133916.999396175,120.00064868660436,16:11:18,-1
34837313.26677301,316.9165450603458,15:55:24,-1
70686371.42304459,151.47629580293616,16:19:59,-1
39236106.73729986,55.988205903353446,15:33:53,-1
11717717.407949738,211.09458341213173,16:19:30,-1
85548391.946585,299.0763155021805,15:57:42,-1
21135562.41017675,53.29011139627668,16:12:25,-1
46509425.38749938,44.07701306777969,16:02:55,-1
64282256.947691485,127.5326182735438,15:51:00,-1
57092871.47216156,208.27778806120364,16:09:20,-1
46191755.60561776,322.5700551093058,16:23:42,-1
32674261.071613044,8.009724014100943,15:42:36,-1
22779892.36883612,14.3568698810448,16:05:44,-1
13814949.28136452,312.6490924167885,16:18:29,-1
45941245.45453773,250.35132361228835,16:06:08,-1
76390565.75160566,30.570958851807703,15:30:13,-1
50592126.153703615,88.43434304361253,16:13:41,-1
44006978.2026832,65.13545497695932,16:24:16,-1
35222940.18179564,287.4571189110161,15:37:41,-1
8411361.89483045,129.57824614474103,15:50:56,-1
41768722.06784287,237.70079126334363,16:01:20,-1
69621991.52191864,235.15556424137077,15:51:58,-1
36234485.6456561,244.58386462593344,16:24:10,-1
72632508.74890874,29.970048657853525,16:11:23,-1
57997453.29857326,64.70412859846039,15:28:05,-1
57528955.79460499,285.99529491362284,15:28:36,-1
86330800.68883534,305.39450944805367,15:32:29,-1
33708449.935296446,45.70721024287327,15:30:42,-1
48914193.64037814,321.7459324088954,15:50:52,-1
84851700.3942408,243.9598068174611,15:36:03,-1
87608180.6292171,217.8388697881376,15:50:43,-1
56610701.78707168,49.50293699078979,15:31:10,-1
46053833.667281024,33.47695925387893,15:54:22,-1
20673458.45352877,136.19887937077726,15:32:49,-1
79381650.07287243,149.17522000519511,15:33:10,-1
66402689.2103612,58.299799951598594,15:59:03,-1
15196669.804086098,2.364204020835925,16:07:17,-1
83571789.69328085,106.61126374412488,15:39:21,-1
49832292.245387375,81.68529548035247,15:49:45,-1
63265568.59623719,275.3809811272128,15:28:19,-1
69007769.3903636,164.22585725395527,15:26:29,-1
81497530.40078677,337.63818141990026,16:12:52,-1
41952715.4811528,161.600738738677,15:51:09,-1
78605108.87239432,321.7478214726341,15:58:39,-1
5156574.74412452,103.49874227827902,16:23:23,-1
74696545.38172583,240.96000580933256,15:42:40,-1
23066705.4485628,157.03180791272516,16:07:55,-1
4288604.475580035,126.43137368635308,15:32:48,-1
9855281.798771445,310.55489805494807,16:21:01,-1
1265023.0657187318,116.08721116801505,15:50:21,-1
49186717.68909453,88.82993213188412,15:41:04,-1
41073809.13608165,7.837650309193318,16:11:38,-1
28143198.83011215,300.81517797282544,15:30:52,-1
10647090.27231896,83.28386777747451,15:28:37,-1
54713895.445906185,178.83054046923564,16:05:41,-1
15697276.386820223,132.77080382576338,16:18:20,-1
3984879.7072336185,320.04964150248736,15:27:31,-1
83757651.96761769,60.33068361663281,16:12:30,-1
55284636.40448432,354.9912106874423,15:28:49,-1
76478807.79879867,4.918395978871337,16:25:17,-1
62169790.155644976,352.83562090809795,16:15:14,-1
17306391.507162303,74.5107676075701,16:06:18,-1
33796025.6241558,36.969631257463206,15:28:07,-1
64977448.46221276,77.79094368155616,16:18:59,-1
50587784.8902788,157.6057080465994,15:32:50,-1
51919540.41025351,19.197523300685408,16:08:10,-1
31823010.135600217,331.1595679009882,16:03:06,-1
38474856.7470431,22.8223594693992,15:52:58,-1
13051163.496993411,216.1405233280232,15:49:36,-1
7210543.953628197,77.58189991971365,16:09:22,-1
65958714.657517,20.4393195586338,15:41:28,-1
61953657.91267086,100.11678103778527,15:35:45,-1
86670439.83231385,244.0909739076507,15:53:27,-1
72333304.54018748,141.82260320761503,15:41:55,-1
28649328.76237897,298.88413132905043,16:11:42,-1
62166941.159019895,233.1656537137473,16:02:40,-1
70185603.19323881,72.38652139696411,15:59:08,-1
64125813.45966711,221.44665803368164,15:50:10,-1
84466414.18195239,230.96009608663016,16:20:50,-1
87738649.3405913,180.975789694797,15:36:09,-1
59600437.380362384,167.76373281147283,15:32:09,-1
66591170.08016009,272.63784179658313,15:35:45,-1
2443425.976816152,221.1016670305185,16:08:18,-1
65784843.53621439,151.8412408545721,15:55:23,-1
9859287.124464218,263.2090134603049,15:48:21,-1
4017555.697584857,329.1107542734954,16:10:38,-1
67019762.37516456,275.96666994723586,16:15:08,-1
83247869.70911239,217.01663769768376,16:19:54,-1
68625266.38660583,44.94880308322658,16:07:43,-1
32785894.358932856,252.2796294109144,15:30:13,-1
79179620.30645283,253.5793171679674,15:52:30,-1
81864810.21511608,263.69473800804786,16:24:43,-1
76707847.20305464,53.792586271935726,16:08:54,-1
3850660.764988121,159.015813318701,16:07:10,-1
12110999.019569509,183.37785023414185,16:23:24,-1
48048044.68962801,123.9083071300615,15:33:41,-1
9908536.414024452,201.41822623874916,15:41:45,-1
36099635.89291934,256.001045851959,15:51:08,-1
68766142.84978117,71.5364613064186,15:31:13,-1
23186228.553953387,140.3093993048664,16:18:52,-1
12373608.74378552,246.32745539625213,15:33:45,-1
42794810.10941896,152.36726490704217,15:49:25,-1
79639980.93076034,91.00209231071364,16:01:33,-1
68527819.58162054,182.5839406197232,15:37:52,-1
15917305.294829862,184.70712466082745,16:18:46,-1
51984719.4556158,183.18205637914093,16:21:48,-1
20231210.562042817,254.0121795387528,15:30:01,-1
7270189.532863126,295.891252854459,15:30:43,-1
49898040.61253248,200.7972153637528,15:27:51,-1
78062617.09094614,86.89194402362281,15:39:25,-1
24961854.310156822,129.36075311056868,16:21:28,-1
3112906.7440178813,89.8807765570012,15:47:25,-1
19096337.75460995,288.4805414657912,15:25:43,-1
62728981.05173621,73.01827970812468,16:12:13,-1
55550634.03193178,256.84758399158727,16:22:33,-1
39741878.8271839,105.47527065834764,15:37:52,-1
81505728.37798865,249.0766645152124,15:54:18,-1
2090647.6083350496,300.44609493107816,15:46:07,-1
19097252.452831045,329.6844697952674,16:04:27,-1
31165929.27875288,176.56165947601238,15:57:28,-1
10334281.884332212,271.0352903325449,15:53:36,-1
77633480.09742875,60.15488032442172,16:13:13,-1
85799722.46671821,19.932932414458605,15:59:31,-1
14221430.767064398,219.52972744096013,15:46:59,-1
48738670.36889232,305.4189073524157,15:42:36,-1
20468028.52982408,308.7544117087108,16:09:06,-1
50591693.744140826,48.20095832302987,15:28:30,-1
50056514.48600423,138.6548579723885,16:18:39,-1
69052020.045122,161.8207008576138,16:14:48,-1
19063056.48556104,250.6250953464317,16:17:07,-1
38427870.95239956,251.50456317905636,15:39:17,-1
36314047.67359095,143.3225638179228,15:42:36,-1
46136964.80351654,323.4708691026323,16:09:31,-1
30826511.755467474,4.480354595526834,15:32:18,-1
20467473.403826542,75.50987017506007,15:48:01,-1
59469245.24314471,229.40359918129437,16:15:49,-1
30067307.28444272,257.0179737095972,16:04:25,-1
77660120.08141437,190.3845339452065,15:38:47,-1
42714489.32601048,175.95600557737626,15:49:44,-1
22337723.353031214,323.69686335915804,16:15:32,-1
32536829.850222666,147.14931392612775,16:14:49,-1
57684635.054115735,86.69098653427305,15:49:17,-1
63638325.09786008,204.99887728408456,16:16:01,-1
33384592.80534252,184.2667035679289,15:39:59,-1
19287772.89698556,173.98260125762414,16:17:56,-1
9637990.32651642,289.3654420154816,15:44:38,-1
29540412.75582516,101.86806048630406,16:05:22,-1
59225593.064889625,206.24665210501777,15:38:56,-1
4549823.899843545,252.71015820929355,15:54:44,-1
75599880.75471605,180.29170006092585,15:51:02,-1
31735886.82119522,202.3902816895804,16:08:17,-1
63933121.50908419,169.86810697136585,15:45:48,-1
16472540.160774712,33.92693674996987,15:36:58,-1
22865339.878788743,262.6730944993388,16:11:52,-1
632920.5660989855,264.8839429213899,15:41:46,-1
121914.57445172303,353.7098053454781,15:59:14,-1
85078345.39117011,59.49752629905446,16:17:38,-1
19566249.253872614,97.09084226643276,15:50:45,-1
77481736.62885088,196.31284444760055,15:34:26,-1
1576631.3170853313,216.99948798721584,16:13:23,-1
42331237.389998615,65.97995226468309,15:35:25,-1
55786176.98892971,296.37953324242346,15:34:22,-1
65421626.92984725,279.9671066964368,15:33:35,-1
28205313.218911614,191.02790776499847,15:43:43,-1
21284976.532654557,95.89982530895954,16:15:41,-1
43373945.87411455,37.82344575072352,16:13:14,-1
47974329.90276288,195.5547001548394,15:51:31,-1
35219183.47476287,38.86744594943673,16:05:21,-1
21495676.570379745,200.6197175778963,16:02:33,-1
55190914.19133116,284.6228244857026,16:13:20,-1
26685426.637182947,340.7907841922903,15:40:06,-1
58376776.28059544,98.73144174832396,16:00:41,-1
78110214.00823587,321.78866808617863,16:01:37,-1
82600016.06942406,59.71582051761749,16:08:45,-1
14739680.503749968,214.3107150003735,16:13:05,-1
21691566.250350345,96.36411648853642,15:37:03,-1
23069308.870966025,265.24728975501915,16:08:10,-1
42840183.680588685,221.8208929721368,15:33:55,-1
8412830.51870661,106.23608514150438,15:51:47,-1
82505267.23150699,102.82005228835246,15:51:35,-1
16666468.321248714,183.3804468820844,16:21:12,-1
86677752.9280632,281.0385338084488,15:33:41,-1
70665170.02137914,57.58639816388106,15:29:21,-1
930724.457664269,84.01978086063913,15:57:01,-1
16261669.366190098,297.7181136334194,16:09:20,-1
77685651.73317488,27.49415645444822,16:02:26,-1
28879683.505775277,178.83404805187135,15:38:33,-1
75319415.61405328,59.95038229433289,16:23:09,-1
18382728.54664137,335.6101806277865,15:58:00,-1
60517600.80765139,25.51936692013355,16:17:31,-1
19405313.770109616,255.84852710569095,15:49:26,-1
2887110.637343625,212.13207395955703,16:20:51,-1
50000170.02247327,92.21379291396904,16:24:41,-1
12283199.019288847,216.4707118975272,16:00:37,-1
61369240.1852921,171.15044647596338,15:33:51,-1
72991997.27746494,52.52095962169101,15:49:51,-1
64031045.59244393,299.5076267156162,15:58:48,-1
57754822.56868005,239.0435424554213,16:11:36,-1
61944466.44106348,243.5593437155485,15:58:51,-1
8150930.445372462,55.74082774298969,16:23:06,-1
54801130.60917749,46.57148545370541,16:06:46,-1
3955267.7086237934,141.6236129620652,16:05:55,-1
42529206.84026098,239.83463430003948,15:36:52,-1
5177073.618937972,333.2623361620763,15:46:42,-1
62849937.19677411,329.63795675168546,15:29:22,-1
59888531.03380472,165.3855654432353,15:50:48,-1
75051018.73606873,149.95213674533278,15:46:56,-1
53419514.71508604,130.5186573454166,16:07:40,-1
26571021.389011502,241.48520505898023,15:50:08,-1
62568322.19976692,3.861149992690303,16:24:37,-1
22362910.44546961,243.00291568531983,15:50:02,-1
6309621.137649266,352.2043020383619,15:59:07,-1
61933179.956866354,155.9352484237043,16:11:18,-1
35613011.813675694,123.93451710962071,16:11:47,-1
59248135.52422058,150.30217476579617,16:05:17,-1
46635759.40505942,116.64616770501772,16:08:30,-1
1314242.561609955,23.8071802016588,16:15:12,-1
66800789.65873929,126.51517034448004,15:30:24,-1
39117609.89502978,347.7733740642931,15:30:26,-1
10714891.264931869,223.0603656674656,15:37:15,-1
84741685.38857473,80.52469025823208,15:46:08,-1
15214331.787174257,31.495103330122877,16:09:13,-1
77713440.42101225,289.945490567952,16:11:43,-1
30777010.37315612,139.75871383071865,15:27:29,-1
70155674.79107937,26.90716336988276,16:09:56,-1
15944640.425788429,232.7767062677954,15:48:47,-1
32527219.663492627,57.1077797078776,15:36:32,-1
75845509.20245142,187.491738769042,15:27:34,-1
28222503.422957618,113.70791421053264,15:42:51,-1
77024609.61040293,264.14583674654006,15:41:46,-1
79001507.03976439,147.5689192940303,15:30:11,-1
13838243.536279902,171.3645137152777,16:18:42,-1
83844294.30558103,228.64786641578763,15:52:52,-1
74277589.12601487,90.9260921655987,16:09:25,-1
79277908.64619036,359.74039727764506,16:03:41,-1
41900620.88955681,33.2312344860489,15:46:06,-1
28111635.40914325,338.08208102124087,15:31:23,-1
66402878.00296665,61.35733462199148,15:38:03,-1
67414008.62495553,352.373814319123,15:50:33,-1
60007844.22755885,79.31573475818168,15:53:37,-1
3926642.3866255023,222.35611000551197,16:13:20,-1
193779.4371722612,276.87014927898423,15:56:58,-1
24146790.11907402,282.3830069324686,15:59:54,-1
32374727.017728657,250.2103235645902,15:45:05,-1
23234750.461614404,305.29256264054663,15:53:11,-1
37363290.65368124,119.95502201296436,16:03:22,-1
56339980.21951585,259.18089742529867,16:11:35,-1
52847044.94687541,319.8866216291456,15:51:51,-1
71874626.56516238,99.63402029210695,16:15:45,-1
74340362.80537699,312.459893727838,16:15:21,-1
67593910.63384834,223.03386584700084,15:56:27,-1
12770707.327171313,311.533941073048,15:37:54,-1
5255894.702878512,231.8771431136576,16:16:25,-1
18929749.67061944,276.219955163843,15:58:58,-1
88017652.88518946,48.35790239324078,15:42:45,-1
36911459.68658606,98.6466934039087,16:03:23,-1
504977.7640885149,278.00329462233134,16:24:04,-1
73410759.09652124,181.96138377256435,15:34:51,-1
89135968.88686457,192.596979242915,15:48:37,-1
67049667.70460668,40.06559057992621,15:55:41,-1
16231186.231988128,21.956320330591804,16:21:28,-1
18758993.200042173,208.5717598452871,16:01:11,-1
30279659.39275853,318.62817355740214,16:02:13,-1
60343916.78294612,47.58308301228582,15:52:42,-1
85757167.39641945,133.7507328652929,15:51:44,-1
88384582.29173023,129.8042891912018,15:31:30,-1
43434390.59119623,189.52183702965965,15:49:04,-1
4225997.506551519,172.31307330446882,15:26:39,-1
44070968.0900228,303.13103738895006,16:02:16,-1
72488938.11731559,306.7905949200894,15:40:29,-1
69611906.19578376,161.6323006950599,16:04:11,-1
27011869.81010958,80.31691992743825,15:36:16,-1
7435714.437994911,1.0054521912910008,15:51:19,-1
52647377.699602015,349.3254994987023,16:16:14,-1
56089019.36178192,319.1650055709722,16:07:35,-1
77204443.80548386,152.9124133466133,15:55:50,-1
59994250.27210445,324.47062894952154,16:08:14,-1
54959077.886184655,87.86265285639469,16:01:51,-1
215049.40435574515,261.2252478621264,15:57:33,-1
30908704.57615336,124.91913796518712,15:59:17,-1
11099908.409181882,185.8652995191558,15:31:47,-1
23466880.368579905,122.66083775634849,15:54:38,-1
65587832.27685632,52.37245235443473,15:37:12,-1
42715232.2745059,348.9517513304847,16:12:51,-1
16628625.71609488,116.14016675506934,15:55:45,-1
13312874.399993803,331.2186449994826,15:58:32,-1
20677950.88434954,6.454588836545638,15:33:20,-1
51512111.56983051,333.94422646273216,15:53:36,-1
5807604.424441262,89.10361438940019,15:59:19,-1
3741951.3113588383,50.6695384489992,16:04:12,-1
19015478.340288952,209.41248703607545,16:24:35,-1
77468501.69261408,27.593699738751493,15:37:50,-1
41601210.84846988,182.44734234426028,15:38:57,-1
19407035.422052752,318.19990869040083,15:27:09,-1
46147598.162815474,80.42452950485098,15:52:44,-1
62280467.76156227,332.7258562039716,16:03:29,-1
14433975.320547488,266.2091586660292,16:00:57,-1
53298734.57164407,277.39844514830054,15:48:31,-1
56525054.85866402,53.75069215512514,16:18:27,-1
88202693.86035533,29.270605366272736,16:10:44,-1
23095991.85696779,105.05869206609144,15:46:16,-1
40824796.339255325,44.179704442843,15:41:43,-1
15941930.11920696,2.313386250490077,15:49:35,-1
32798022.10705782,113.77188302439622,15:35:21,-1
50595533.66391525,196.32595841300147,15:57:05,-1
71416246.58899182,189.9274881473453,16:10:05,-1
62381513.6021478,107.27978521409707,16:01:29,-1
64966464.08886856,133.91438796677784,15:43:11,-1
26126296.765740003,158.05893350336302,15:58:27,-1
78366673.50822413,120.05857827404172,16:04:21,-1
28226043.361272182,88.28306499760991,16:24:55,-1
26922052.49611768,74.9241155449546,15:54:12,-1
11341530.493172256,289.540023130573,16:05:57,-1
8527451.766225297,353.4274316160328,15:53:54,-1
12740557.747428948,236.56666155522103,15:59:11,-1
71589383.83202659,9.78518703462994,15:39:35,-1
88845037.25545338,99.7965689100062,16:12:04,-1
43654315.186483085,146.4162835378687,15:51:33,-1
27045463.43478598,325.04636206562446,15:59:55,-1
21109887.790990897,183.7040992757172,15:41:24,-1
47509357.05321678,71.51782255348414,15:59:23,-1
43745563.12076831,31.234451975093577,15:33:51,-1
79070004.58566171,60.64262737444227,15:32:02,-1
65937548.44009288,87.33960409987763,15:44:09,-1
5035671.219475861,119.75790507068122,15:37:43,-1
27009993.8253606,63.21996173882227,15:49:46,-1
10552644.068352949,348.78596364661416,16:01:12,-1
57761418.24365412,195.6694044725053,15:37:30,-1
43843151.19445746,305.0162713092748,16:03:18,-1
88729672.66123196,127.96508192679566,16:05:44,-1
16462576.607389068,327.13006465714096,16:21:36,-1
68999809.51790188,220.81553214850547,16:05:03,-1
16363395.417061862,26.89786717742286,15:57:16,-1
30111993.94587037,316.23364679928216,15:39:09,-1
21950309.577704567,27.578537425613185,15:48:58,-1
49484216.65116366,13.687707352336602,16:05:16,-1
79877542.13497815,120.48386180190306,15:35:12,-1
78929165.2577764,45.71325226049788,16:07:12,-1
1163653.6877610765,143.03696918284567,15:51:14,-1
49863638.75812901,247.87565133690623,15:43:07,-1
16708185.929857347,26.66023192805448,16:04:45,-1
68710089.51921183,33.50719247067596,15:40:37,-1
36023140.622601226,345.50565085140505,15:36:37,-1
81444937.50288264,70.40199014063758,15:27:27,-1
27214882.73156828,358.6307840982603,15:53:31,-1
63571513.56560286,250.6337839399052,16:16:50,-1
15326611.271766702,344.5901344129289,16:05:44,-1
14284245.078456905,54.91997474704763,16:11:34,-1
29972250.026760463,109.6540782863671,15:51:32,-1
71146337.17228366,262.3915385634375,16:19:18,-1
82900794.12130347,299.16337059829834,15:38:03,-1
25050509.03497412,121.27557177912998,16:18:17,-1
55890488.83101855,353.0305725988006,15:28:49,-1
30110310.17690523,334.7432701131399,15:36:14,-1
6447746.563993387,160.38392272164148,16:12:55,-1
25656995.001446877,357.82647885847774,15:57:42,-1
57858076.96772608,31.93251214038538,15:25:45,-1
72556276.4498426,257.01254186603023,15:44:38,-1
63352861.90802763,52.55003038247188,16:16:05,-1
62775259.71930968,38.47070893344953,16:05:40,-1
28854800.15928642,200.40315246275483,16:06:25,-1
43059415.39516143,71.80695916177791,16:17:58,-1
9354429.825890925,46.25322268049646,15:37:36,-1
44051989.92130192,230.04934315276336,15:43:59,-1
48317758.46288533,69.92091299693209,15:45:16,-1
31938122.360134527,273.57036557776206,16:22:10,-1
1424661.3626052423,203.94382534502208,16:13:29,-1
5066616.721541425,91.91126186058082,15:59:31,-1
21386157.31886037,341.91781231167323,15:31:02,-1
83136351.94548015,135.2962677698215,16:11:00,-1
56701076.24020964,147.0545104994915,15:44:48,-1
46119634.11383121,165.66612164095773,15:43:33,-1
70028771.58266099,175.13978224739083,15:57:59,-1
70142526.79795939,347.8966646004956,15:28:31,-1
9327568.723495012,15.914755538051422,16:10:05,-1
77319047.83056322,218.7247206432544,15:36:20,-1
82693887.06488791,213.47874692782824,16:08:20,-1
12251809.45148582,69.98461893260757,16:19:45,-1
24687970.61494449,246.76617156246508,16:02:01,-1
32734968.052031305,303.0883450090204,16:12:55,-1
56123165.634587295,193.9278341040078,16:22:07,-1
49531915.38608727,109.25975336882168,15:42:28,-1
14728820.959695188,83.17774649024301,16:19:34,-1
62424086.27738834,286.3387453218599,15:29:41,-1
41040989.163206354,329.89635283806246,16:05:56,-1
43952135.25876199,114.812951180011,16:25:04,-1
11447921.287920896,19.586233809263284,15:43:36,-1
63062682.822734825,259.7199133609328,16:13:42,-1
3476315.248523022,129.3262440701161,15:48:50,-1
74889320.53537814,224.66314269722892,15:31:10,-1
86215041.25210787,267.65900757786324,16:05:08,-1
83916851.43163978,271.5322910469089,16:21:34,-1
67342019.80133408,23.34702131867809,15:39:17,-1
66382459.53720523,335.9062265414852,15:28:06,-1
1395465.0768825193,233.026806242222,16:06:41,-1
13094407.616218304,118.92951235646284,15:45:24,-1
49987995.64543022,20.481929209426927,15:43:26,-1
24956690.63393614,277.9278285568767,15:38:01,-1
32481161.47431513,2.622332595216119,16:18:25,-1
64308179.83059436,22.75829062268253,15:47:23,-1
71883493.54002687,271.62853171634947,16:08:18,-1
6777674.414076792,85.31857599428102,16:02:06,-1
71968993.48639834,315.23160613612407,15:42:11,-1
69622862.12708208,234.0607110358788,15:40:24,-1
1039333.5387727732,113.6577843438383,16:23:31,-1
81831689.08813393,340.98445086485896,16:17:45,-1
68000252.16503166,86.21766823227499,15:46:03,-1
5671082.383117526,192.13834379025508,15:46:21,-1
71387314.24239293,43.432333865515474,15:38:47,-1
80887368.65337451,169.77885711422766,16:09:34,-1
26095504.19069257,318.99339045510504,16:14:02,-1
9582322.57632881,113.37429456040856,16:03:01,-1
43427623.83721664,93.74383551385864,15:33:55,-1
59288558.26158368,228.2134083957202,15:43:12,-1
30851981.487661567,172.5596382378404,15:51:31,-1
37160940.84643904,58.3935421265547,15:59:48,-1
57046022.226538055,154.79045004035737,15:44:44,-1
84346324.78927939,217.6471900566256,15:44:10,-1
33528322.12483253,319.49260462518487,16:00:51,-1
54227155.06731552,286.29655447979707,15:51:44,-1
39610564.24036497,260.31182292395704,15:48:01,-1
11596032.667524168,230.71791928322875,16:11:23,-1
33551550.86727448,273.24952189565136,15:45:24,-1
89503507.75691688,287.9415083758517,15:50:45,-1
18462583.0686938,103.05885959559328,16:13:48,-1
14703851.141359288,196.30743109037792,15:56:09,-1
35379638.91679842,291.05409839635894,16:20:19,-1
3970810.453460381,120.67651014966,15:36:04,-1
27582192.63258728,342.290645624768,15:34:30,-1
3828243.420925369,109.08868562062396,16:10:03,-1
31536441.876412254,165.69187363669857,16:21:22,-1
34919670.30735674,190.07994221657995,16:12:59,-1
14732196.44799214,240.37985048266137,16:21:18,-1
23242886.83439311,126.88017243882734,15:32:22,-1
17672411.338092823,320.04171646111536,15:28:54,-1
48864728.09070329,108.39246052299876,16:18:44,-1
54114392.73082234,187.17648824830096,15:43:57,-1
7075249.693335682,283.5106558008376,16:06:54,-1
43252004.2561494,285.0762906843176,15:33:33,-1
32630762.73386021,287.92826295150377,16:19:02,-1
63506941.31792089,61.72335783187401,15:57:55,-1
12439552.266224764,140.46729042595473,16:12:03,-1
67301448.59174852,121.80280260767655,15:29:58,-1
88381822.65824531,83.13974551223261,15:46:38,-1
88381693.07995123,62.268455568737394,16:07:24,-1
19082619.609670803,237.2385976060784,16:07:31,-1
46739858.89953131,175.9657186134082,15:40:43,-1
14197619.840637686,2.932326472208371,15:55:00,-1
52011229.00008873,172.73350739784257,15:26:36,-1
11530804.460060284,23.41283580896837,15:44:59,-1
47569229.418786645,8.269655048068643,15:52:47,-1
86022734.92331554,142.2518269503256,15:46:38,-1
33814997.548203744,358.207492205027,16:17:23,-1
29330817.10272444,73.09309954356162,15:56:17,-1
68411109.01518461,309.6704068053194,16:10:54,-1
15909369.982421383,323.1478769012481,15:51:10,-1
85152040.19203436,330.1139489389174,15:32:01,-1
39469582.83860734,342.6133842778756,16:15:22,-1
15339796.243367406,60.464433437440846,15:39:44,-1
22454035.10519477,185.7853662825037,16:22:29,-1
55909420.13727893,4.760379047606072,16:22:27,-1
28260657.33732259,237.58734417154727,16:11:45,-1
76238161.12919796,64.58417054857779,16:17:49,-1
45060232.54635894,159.7979640260832,16:20:36,-1
71046558.87080406,172.10421225035878,15:52:55,-1
57032707.21595416,40.57781458371872,15:27:49,-1
43355799.54156978,70.7455971816582,15:59:50,-1
16403208.00507209,56.50255704030533,16:22:37,-1
71061392.56885633,186.16310742069183,16:16:20,-1
21170906.024985176,214.89031613467327,15:44:17,-1
36634985.33443918,219.58447704875576,16:09:43,-1
77761300.21950378,283.81024310492364,16:20:29,-1
61732646.33564583,277.8606191857739,16:06:03,-1
84998992.67326537,300.3491498904222,16:17:39,-1
81335732.03493647,295.71126882286603,15:27:23,-1
26784540.2116378,40.92624992740714,15:27:57,-1
31462537.907580048,226.0343330495219,15:39:27,-1
41131345.0958503,42.00518435391046,16:01:00,-1
33622732.80968438,269.90056158523544,15:29:01,-1
49781432.88768046,291.05649521067073,15:35:48,-1
87083371.92591023,343.9395598553532,15:53:02,-1
39096376.61650099,116.14919419088972,15:35:12,-1
79953164.55958498,22.35419967095913,16:04:25,-1
60934414.89878949,308.68198118573457,15:38:02,-1
44064527.50830195,258.17621241068656,15:26:23,-1
82325872.55227455,140.6624221145266,15:28:03,-1
86931894.74163617,261.78204087542804,16:20:20,-1
26342570.497291964,203.1142769036805,15:59:11,-1
63506509.05825311,66.13069094591683,15:27:14,-1
38406327.94078043,120.00506386779814,15:51:20,-1
86382927.47212996,328.2102098263645,15:56:16,-1
43706507.89741784,332.4424286678964,15:58:43,-1
82552295.57214157,226.43792364059223,15:28:10,-1
30195844.94142992,301.51872884529865,15:45:04,-1
13910602.844729291,168.66235976936875,15:51:53,-1
42079341.59056729,260.6899189490508,16:21:01,-1
88346399.2693018,55.42047964096079,15:59:42,-1
9780002.435756128,20.73049847850303,15:40:45,-1
11868560.985777592,255.9661084622582,16:00:44,-1
39130238.864412926,0.6351728961798964,15:57:14,-1
39075897.86943564,100.45132708734845,15:33:58,-1
84169018.45647964,359.41546347990624,15:59:48,-1
42891375.23654046,155.80150162746438,16:13:47,-1
37514241.50926527,267.6862537802868,15:39:56,-1
26951319.61835777,107.7795432821978,15:50:43,-1
69787775.14016576,29.424508300437218,15:37:54,-1
45628934.43878523,164.3135686407906,16:13:14,-1
70434801.03321877,103.910802213898,16:21:13,-1
80796238.67007929,337.1424417984315,15:47:57,-1
6696003.0898679225,228.14580075738905,15:54:49,-1
39127304.97756305,327.90269776172266,15:59:34,-1
50005506.99531549,127.9609727714414,16:23:52,-1
52415299.5475633,293.4264990184043,15:36:23,-1
39836264.76459246,41.95662534419056,15:49:11,-1
3951322.928484288,62.179498642037295,16:16:11,-1
26976013.345210265,242.32874311703867,16:08:55,-1
84650964.40770233,45.78473719588228,15:35:57,-1
3327059.966955089,183.1839923907683,16:22:45,-1
62770685.533730045,293.14218607147984,16:13:14,-1
75796021.71458489,125.38848598522335,15:28:56,-1
12063187.118080368,225.9654163143881,15:28:21,-1
67743216.10007334,76.50351310055991,15:31:13,-1
14804321.94048988,75.74407775146548,16:13:36,-1
51401204.34251656,220.95302854773527,16:00:30,-1
47119136.23000832,134.5684971952251,15:30:15,-1
46272742.70341651,167.41878217238022,16:00:25,-1
18359971.39372568,73.44987804717985,15:39:32,-1
1777707.829875772,281.10739340141527,16:24:05,-1
88038437.62501718,238.2827207396033,16:23:53,-1
78104925.40902105,93.4332834538537,16:00:51,-1
12341234.822487855,127.4306783959636,16:12:18,-1
36964282.25488185,91.67702005557372,15:54:26,-1
47682936.858034186,283.70028518439153,15:37:58,-1
80497704.21910603,37.387098017144446,15:31:58,-1
34358082.16553245,122.33193795431043,15:52:28,-1
86067631.81421465,307.7921364976362,16:14:19,-1
16434093.662764004,5.188220934797951,15:39:30,-1
20067571.45267033,152.11282777668794,15:50:13,-1
67993859.18169665,144.0407302788194,15:54:18,-1
11912700.051868638,178.91625939772848,16:05:29,-1
83367440.3225398,248.23435262475425,16:23:44,-1
48482642.10043536,238.58039492044077,15:30:29,-1
52441677.20645614,238.34411420879812,15:33:14,-1
42410012.33254869,275.7947608061788,15:58:42,-1
77513221.37612543,140.15801725521092,15:26:23,-1
70352570.00854968,17.356979570116614,15:25:31,-1
35342083.971163355,60.17146029641373,15:32:22,-1
24595957.77221587,335.08090038844887,15:52:38,-1
56933866.58132839,189.62696818115072,15:44:21,-1
36420198.60270458,174.35677636133445,15:36:11,-1
2828880.4546443936,126.0895692735482,15:51:23,-1
59111376.77586902,20.431593880083703,15:29:18,-1
40790956.30091282,193.04692378093412,16:16:49,-1
83100803.30410826,68.6354734593654,15:40:29,-1
24831693.45600693,69.24174592120902,15:45:41,-1
82856515.65701056,90.67415365605518,16:17:35,-1
66577341.834961385,269.2099507658935,15:56:29,-1
7652188.0558444895,314.64901256258355,16:09:45,-1
45207043.623079225,135.10275532056667,15:33:28,-1
6227536.931343246,114.93018224888348,15:46:27,-1
62066009.36648908,112.35445978066194,16:19:41,-1
64675344.15454383,141.30945708004774,15:32:15,-1
2683093.841809711,305.00273531570093,15:43:32,-1
18718610.20778706,249.04168945112468,16:11:53,-1
64410444.64968034,267.2532066168541,16:01:41,-1
65960644.28242747,65.96855512091304,16:11:50,-1
48017523.66340465,119.82248673632138,15:50:21,-1
11634725.706721572,82.58721044995866,15:28:12,-1
19037557.33244,154.89106127725807,15:36:37,-1
89262925.30041906,161.31708297053564,16:00:01,-1
45937476.46639101,355.1627714677818,15:40:11,-1
26530418.83409398,20.32625456314731,16:13:31,-1
10559638.507644964,126.63999791479154,15:26:41,-1
32464506.102544967,272.79715071109825,16:07:26,-1
14480282.128888473,345.79499297265073,15:32:36,-1
32048204.310408663,47.602579055407006,15:28:46,-1
77037147.79230048,82.84057506330119,15:55:51,-1
24061601.39920728,329.57686458337747,16:12:40,-1
15027959.40320216,21.037955971130504,15:50:23,-1
75302928.04807205,171.5832933859826,15:51:13,-1
69971373.88676323,282.3827721003893,16:20:07,-1
61797525.85258821,213.7739225201492,16:20:01,-1
69064040.88631001,131.88338239320117,15:54:29,-1
63701343.54484452,212.41255153329547,16:04:33,-1
62719323.11682572,153.99079524123508,15:55:27,-1
73034558.18120952,93.9545797114596,16:06:52,-1
1858987.4518405965,149.7310895961356,15:40:20,-1
11148304.445400745,252.7255293952999,15:36:30,-1
28751659.590891108,66.69639680064567,15:55:39,-1
39480010.857806034,4.074381835115637,16:08:15,-1
49588256.41098746,298.8368003142001,15:28:03,-1
38303132.7912188,57.05648870647877,15:48:53,-1
63667840.19577039,20.065313549611588,16:05:28,-1
87160679.72800244,104.723995820079,15:34:42,-1
1046977.4803223216,158.69917771106245,16:21:41,-1
43100307.194365874,326.07877541884847,15:49:19,-1
66565779.396636166,123.75461605017978,16:09:10,-1
61332893.79374905,176.64642279864765,15:57:00,-1
22438863.873229157,129.3243262276571,15:50:41,-1
66608613.52930404,178.95192648700316,16:20:34,-1
83217358.79799421,97.07930357941898,15:52:21,-1
83427392.40116076,107.73433979916771,16:12:36,-1
47040153.04722765,53.442078456588135,16:10:33,-1
36538704.66082157,308.63965149693087,16:02:42,-1
21996159.711515207,121.73955447957944,15:27:08,-1
26028129.403077204,48.82923602036688,15:26:16,-1
1206551.751982154,342.0696736905707,15:37:18,-1
5585585.451437539,189.44911285475305,16:09:25,-1
4873034.702929186,254.83212475348856,16:03:39,-1
58562059.09283472,245.6045252522224,15:34:31,-1
49429889.0231251,264.2058512823926,16:05:13,-1
87813204.28376259,153.87290499924444,15:35:38,-1
50922910.36089858,188.3097675275934,15:54:21,-1
55010094.80347741,193.21595946014483,16:02:59,-1
34576041.89218168,16.325497992686042,15:44:33,-1
9519815.687485842,252.51106019857005,16:24:21,-1
3512465.3862233707,25.74947968654351,16:06:50,-1
33765109.42788959,306.8746997001565,16:00:56,-1
57122433.91880239,227.7771281970411,15:52:10,-1
51755218.22487586,44.52242074527301,15:41:14,-1
40917987.17265083,38.30320635025965,15:33:29,-1
85368550.59498265,228.91591595705412,15:26:41,-1
20643460.014485423,282.1292772631348,16:12:28,-1
28521519.80282383,1.3728180219254726,15:58:42,-1
27889582.000398222,242.1746453527984,16:06:58,-1
70914125.52668369,170.80553876815057,16:18:32,-1
70511521.5484439,281.09172171059663,16:17:01,-1
41687040.78770106,186.28843029013,16:04:57,-1
35395719.42736178,49.89926532392683,16:24:32,-1
463169.03706761793,204.6652648101592,15:25:54,-1
12303614.329884885,66.49335536814591,15:29:36,-1
74173996.67245819,173.79523137238684,15:39:36,-1
51644319.824625,210.2365238774081,16:04:03,-1
81240415.28526285,108.46373331237312,16:11:45,-1
44518331.31785362,349.8165932511683,16:17:52,-1
24989625.016588222,162.53558632378733,16:21:53,-1
18114817.92625496,109.85181130539586,15:59:40,-1
37447529.29161,236.6591085541143,16:12:56,-1
89160607.113058,192.7466911014961,16:19:20,-1
86995321.36294468,118.39521941792589,15:44:21,-1
10537582.233154057,133.98479704767584,15:38:02,-1
18838916.86544651,244.4814021934249,15:35:34,-1
52833666.61764988,47.95729698942784,15:48:19,-1
41677068.338559374,155.23287981645777,15:26:25,-1
39636996.2055361,73.26243071578861,16:23:02,-1
20307303.07412773,126.73816618434569,15:53:15,-1
45288049.54066802,149.13569433020524,16:21:33,-1
53411476.71844597,292.12241554297,16:15:37,-1
4600263.713580103,68.92624343435227,15:45:22,-1
52004309.085725695,111.01265715503528,16:24:56,-1
45582930.26680865,274.3078394680895,16:21:01,-1
51728416.74730583,132.348200763991,16:06:01,-1
1250401.5867649713,4.560065238755535,16:13:54,-1
58341956.65964858,0.8617714495767448,15:26:36,-1
69862154.26030003,334.9697692022863,15:44:12,-1
67199737.95346053,281.135519105074,15:57:30,-1
51686871.46149414,63.43369985343918,15:47:07,-1
34914852.64227671,330.26378866386966,15:58:20,-1
85289615.33144695,333.52924981737385,15:27:15,-1
58750804.95839468,120.8254019787566,16:15:17,-1
80033867.04178141,153.30401254064145,15:26:36,-1
83471501.94089666,112.84946883780476,15:34:27,-1
83523085.88448709,106.68997381483317,16:21:02,-1
84686081.53449851,159.10796506528075,15:47:53,-1
223363.87990714016,78.85365541676641,15:25:48,-1
33054905.15734148,84.98941204454358,15:52:57,-1
43426765.67516049,190.7715760324908,15:40:51,-1
13679806.105998432,145.967903153347,16:20:27,-1
31128694.25891582,60.24103618480116,16:11:32,-1
48002359.68690478,84.08226277367798,16:23:02,-1
3063186.409326485,288.373066501132,16:12:56,-1
68815391.66575612,273.9174138316389,15:36:26,-1
63767201.73192728,94.45414444172762,15:27:29,-1
61505774.21993322,231.2673225483966,15:46:58,-1
77050259.07509424,347.69602279569835,16:00:26,-1
78857396.50632489,37.19002028712701,16:06:24,-1
73802271.2200245,341.60039829329173,15:49:49,-1
27640725.682468288,328.7352317826516,16:22:18,-1
84235154.72044328,259.1938427763107,15:58:12,-1
39236468.88390119,60.038303771989,15:36:49,-1
20663419.0808448,218.81615104830007,15:42:13,-1
83206085.6657756,110.10391396967148,16:21:06,-1
84926194.8590489,285.2752494599516,16:11:14,-1
43813610.16988503,255.959739067529,15:30:23,-1
33297699.24050105,325.7823065592046,15:25:42,-1
36552769.21633284,258.6636678259445,15:44:23,-1
65203542.39605989,148.2573038197173,16:06:57,-1
45345808.49741868,324.9974109878081,15:38:16,-1
41379757.18599979,324.49889976586,15:28:55,-1
62429719.68357137,348.02009271907554,16:02:49,-1
2737306.462915173,233.5349030305727,15:44:27,-1
67874355.95541887,92.1749332190372,15:30:10,-1
80094178.72701903,125.50043581263066,15:44:09,-1
58094564.01974357,254.20325501976345,15:40:00,-1
68707988.62728478,155.38293960854216,15:32:08,-1
25841104.12197673,28.452454102263097,15:42:29,-1
1923696.3303425412,270.6878662036811,16:22:09,-1
66132971.594123535,232.8844278766347,16:14:46,-1
30018220.73387745,345.0893186482746,16:25:22,-1
81035276.12132134,134.91837196114318,15:53:51,-1
86475770.28583719,64.47261135859861,15:28:51,-1
9008574.02708118,126.2524925147504,16:14:36,-1
67211585.68415791,228.19012015600316,16:16:23,-1
61697958.50590438,357.5090776948473,15:52:49,-1
86752788.00718872,287.14450637496765,15:56:49,-1
68874673.10233703,211.5124636742798,15:44:23,-1
14896953.52498791,243.80517032239996,15:34:45,-1
7179381.488459273,174.52147405295304,16:10:08,-1
28439737.380117822,308.637368001448,15:29:44,-1
78395665.62657511,26.071179703182107,15:32:41,-1
75423672.75981767,146.24209146908277,15:38:26,-1
42624589.93625495,104.4204550356746,16:02:21,-1
12672556.581007674,49.93529186887291,15:34:25,-1
1697630.166070544,132.27351679265772,15:58:33,-1
29698821.3565888,345.13586301783914,16:01:09,-1
58173459.84074837,59.11974406944359,15:25:58,-1
38350348.551429,122.07401766608044,15:47:26,-1
87087016.38667646,195.74875436770904,15:58:42,-1
707762.3842619475,189.4659316622528,16:17:33,-1
64868862.04564901,354.57515804148346,15:37:43,-1
43610496.93801195,1.989753887603345,15:31:57,-1
79562562.83472629,161.42755681234726,16:13:46,-1
180630.11689047716,152.04597953256177,16:08:33,-1
64009316.37927436,185.7516158260124,15:45:08,-1
6890204.121149481,65.65437776358955,16:24:45,-1
85315249.38706896,281.7179753400504,15:30:46,-1
2989919.609444076,290.5163395929436,16:07:46,-1
67269261.22117011,261.8842562680172,15:26:48,-1
73968073.0774172,213.2466126978216,15:51:20,-1
9915142.873191252,108.24125358147066,16:12:45,-1
68984199.65360095,231.2204165545828,15:39:57,-1
8826918.168402001,184.10327384089464,16:22:13,-1
66602892.2942375,183.9188862939836,16:00:50,-1
49588256.755827874,198.30873973099,16:04:01,-1
62772279.29306004,35.06399989401803,15:39:31,-1
67685247.33922942,85.00886061502335,16:23:23,-1
82777312.60465504,78.21577020424188,16:05:48,-1
61366396.601847336,224.63306466605437,15:27:32,-1
64992230.30315987,266.6693630671675,15:53:45,-1
74547135.12521787,99.3799200685846,16:09:16,-1
11604769.126978982,183.35259333579452,15:32:44,-1
28515523.83997204,239.17772265907345,15:50:11,-1
76401804.92564575,249.6873768329482,16:05:34,-1
53738850.91406979,93.07871169855012,16:01:43,-1
13366383.192750532,109.5973020614576,16:22:43,-1
48145597.225008525,154.1110373483335,15:54:43,-1
53442741.07146086,147.56793403022607,15:47:05,-1
3091551.6244941056,145.86622788867882,16:21:32,-1
22298792.869435,87.86577356698476,16:21:43,-1
56159362.3312166,231.47007205259868,15:29:31,-1
35148.627071465206,152.55656679386476,15:54:21,-1
21311559.07908387,199.7805682757468,15:26:39,-1
70406302.47456117,333.0283491199907,15:32:21,-1
21145891.72750934,83.75894486027721,15:51:58,-1
1139980.429757015,31.552200234640495,15:48:40,-1
74381740.5736082,123.44462407346704,15:48:03,-1
54928079.77658948,118.00664843789389,16:05:13,-1
405330.4191831441,88.89407838660543,16:14:49,-1
31849472.988712605,221.22656484097013,15:35:03,-1
70652848.96873239,97.4042263628682,16:17:22,-1
20990316.19271505,290.67998042415525,15:58:19,-1
22085303.889640287,357.7829431392452,16:24:24,-1
40577543.81878195,352.0971614928944,15:55:07,-1
41303743.93183833,93.2509920447726,16:24:57,-1
28547760.240963407,212.48626095888855,16:07:33,-1
60744243.95792685,255.3373804770722,15:42:13,-1
56474582.10497227,24.316744327840787,16:15:29,-1
71170561.76402383,57.32110646580276,16:08:20,-1
48894840.20234866,125.4579112079038,16:21:01,-1
64701786.08279379,330.4386587811201,16:21:15,-1
8957681.925676005,44.184407588320745,15:28:52,-1
60685418.634739794,144.23698391810888,16:18:42,-1
8607702.027957976,242.86266755874252,16:04:28,-1
13148150.86162315,46.91052845741216,16:20:32,-1
11698601.090964751,11.908637737674702,15:58:11,-1
51407660.522260256,197.9880805913564,15:42:23,-1
70205407.5393647,22.97899152053157,16:10:44,-1
47376495.160580285,159.03787293875652,15:36:11,-1
74735081.81593695,316.14776976153405,16:20:28,-1
3551193.7255425965,36.27827638704271,15:41:01,-1
39921171.85471426,265.9838317520273,16:02:56,-1
73146470.26090772,291.35526147756985,16:10:59,-1
48784018.72746994,302.54535747888883,15:40:20,-1
42181332.39222151,109.00926936427057,16:22:55,-1
12391100.828205952,78.41126468908574,16:03:10,-1
28243788.83209359,334.7811316413108,15:51:32,-1
17346556.956353765,287.13038991425697,16:12:33,-1
12086049.135025632,189.40982928327935,15:38:25,-1
21619288.525474083,233.1236926363735,16:23:57,-1
16264915.574851388,315.85175882680727,15:58:15,-1
40962230.57182697,245.68379104210973,15:54:09,-1
10389309.175640292,33.6484984369279,15:55:53,-1
34695055.92059308,192.63143011875363,16:22:00,-1
6480745.767878398,88.36218303476097,15:50:33,-1
2607756.3098012293,203.1261114923828,15:47:35,-1
44427399.733221166,70.68049503524372,15:42:35,-1
11712851.5463289,292.4618407049716,15:31:29,-1
84362580.4274811,343.72362938129845,16:03:22,-1
7829269.205508996,6.514123007804051,15:28:44,-1
42405877.68556814,61.82304627743578,16:24:06,-1
33028932.71416413,246.83921839048645,16:13:04,-1
88328988.68130925,301.89727000125515,15:45:57,-1
39750736.38559805,330.1693189734418,15:34:00,-1
72311496.94547601,338.46506369163126,15:25:30,-1
1559813.1205342037,186.0062583170265,16:10:50,-1
61099442.57436023,174.87802820805342,16:16:22,-1
50568764.72474084,167.90271049850867,16:07:15,-1
85190236.3703765,39.73240050321805,16:10:45,-1
47129979.4170711,162.83046721563002,16:22:56,-1
55521851.59662605,198.44664216674377,16:21:31,-1
41584067.13362858,284.49469336533474,16:21:13,-1
38563682.42900023,203.66275041233928,15:41:44,-1
4350833.209004508,37.48415533068692,16:17:29,-1
46043002.64024889,301.98744105590936,15:42:09,-1
78557202.18287279,247.11967926499307,16:15:44,-1
88004507.33628003,263.1911184492715,15:46:13,-1
3701731.937523558,243.6693706631248,16:08:00,-1
14014393.147977982,335.58632969620385,16:17:20,-1
9378012.90263185,244.2802396989449,15:51:10,-1
1823161.7081587173,131.3108196060073,16:05:08,-1
11288332.350783125,267.0352717313152,15:53:41,-1
62891292.55627787,297.7222052669562,15:33:29,-1
7732085.171839533,204.97623381667253,15:31:53,-1
74714977.39671789,230.12886951315505,16:11:49,-1
8553581.85137998,14.824358898460543,15:33:53,-1
50463186.601070106,268.11074904004846,15:39:31,-1
83280948.98020372,188.86630320758937,15:55:20,-1
28185587.18081249,56.59487947648585,15:32:48,-1
58497497.07183415,60.12963468052693,16:01:24,-1
20551850.347482968,29.975557802666344,15:30:32,-1
9789002.555641826,54.5725813561828,16:10:54,-1
69493968.56635065,63.230496536936215,16:17:55,-1
69257758.45056021,296.15283863846435,16:21:25,-1
44889364.12522998,195.7634604226172,15:28:16,-1
60106323.8499094,331.1374305429174,15:53:36,-1
16682077.784361472,124.36543530344392,15:54:45,-1
18745307.97117911,5.083408312823279,15:53:59,-1
53751225.93490234,198.03047401640595,16:06:51,-1
9954316.841438591,217.57550712130796,16:14:59,-1
7593376.946488109,72.90925498166936,16:22:17,-1
41645741.16063047,105.42948994833714,16:19:13,-1
17923779.584892087,213.86787555689256,15:50:08,-1
86417.81223821318,77.65731291495415,15:42:48,-1
86310604.21465242,174.9251788555787,16:08:52,-1
26479492.85379712,189.7076964515877,16:14:12,-1
29563522.485063117,256.6718903361427,16:12:27,-1
37103590.83344355,323.2542369554405,15:37:15,-1
59829010.40664518,263.94520659463416,15:27:38,-1
72798180.81531043,279.3785576126383,16:13:07,-1
84871354.35825862,345.6936189883427,15:31:41,-1
49941159.960746445,42.69063819108999,16:05:31,-1
50041303.627870016,34.94133040249453,16:18:08,-1
10150877.265962685,334.1372710964728,16:07:36,-1
3618093.76092938,263.2616822870315,15:40:46,-1
68300173.76910484,172.4992268278391,16:24:39,-1
15251926.679426745,96.39587442851207,15:26:45,-1
14032937.221402831,14.333693284849945,16:24:53,-1
19379441.6937421,89.06152724653003,16:09:00,-1
71214599.0639065,21.32763645049761,15:48:44,-1
29836138.694298875,88.84315417893612,15:42:37,-1
88623177.62426144,67.23833752335503,16:04:08,-1
44244455.58228792,242.79329870891573,15:48:13,-1
33615080.76934359,333.1053369365092,15:54:22,-1
88028315.89563799,196.49931375896827,15:31:58,-1
1653255.572249429,298.83908208474173,16:13:17,-1
21339711.232090548,343.0644720800224,16:01:56,-1
13650070.86917062,284.74168850023653,15:38:17,-1
77546108.72028817,293.12543536358487,16:15:09,-1
51144781.97726162,109.35305458876924,16:08:19,-1
8565109.543705,13.230995231795076,16:23:36,-1
57999783.30946971,80.4612078124949,15:51:06,-1
25937162.855012007,238.91628443446345,16:08:37,-1
56803692.699661374,347.86374158743314,15:26:05,-1
16918478.357686196,222.25296669734212,15:30:54,-1
65470005.8864676,52.06741656130207,16:02:26,-1
30881849.270702083,186.6427860517193,16:05:24,-1
35831455.044274084,269.9103205420708,15:30:04,-1
40293667.16763432,173.27323467926809,16:11:30,-1
38463695.87684714,224.2010178243956,15:34:07,-1
44231405.7987612,215.78189306891497,15:31:32,-1
17687203.39688436,246.4534331111986,15:35:42,-1
685493.2728767097,248.1084946903657,15:32:39,-1
71369524.62315243,285.32260238608154,15:47:19,-1
63929738.39511248,181.41965931723607,16:13:12,-1
66801829.21870949,176.31962067995963,15:38:36,-1
61953746.63384672,152.98708841046573,16:06:52,-1
73930881.19543323,355.4482978542328,15:47:58,-1
83179215.9722784,211.4674027912492,15:49:44,-1
43287911.12510579,119.11541122690886,16:17:55,-1
34264944.41843678,304.3177418478615,16:05:36,-1
33469307.97473645,314.2686776143337,15:31:00,-1
18917464.04273354,10.21117376279634,15:30:38,-1
50812848.95763659,328.8170093034995,16:07:58,-1
18074367.55882116,292.267177409907,15:46:58,-1
51312136.70984002,1.8344871676823395,15:48:05,-1
1724920.4387110672,161.1134435785443,15:29:51,-1
81691743.58848195,275.8867605939983,15:42:38,-1
65422097.86125828,7.625038593064937,15:34:37,-1
46168259.23558924,335.6457871932189,16:17:46,-1
47425939.62682157,320.6132851509194,16:23:14,-1
63657050.1348666,291.62768685597547,16:20:12,-1
65550663.74742149,221.5482404364672,15:26:59,-1
76386467.4762093,152.03007047121184,15:59:39,-1
28530319.983940843,161.21753954038945,16:24:08,-1
36386387.7358092,311.332149425514,15:33:33,-1
62934569.51897314,63.78460990821277,16:24:29,-1
37330986.07980324,82.00275717165778,16:07:43,-1
65564671.01598748,98.36812568357846,15:33:19,-1
14535183.445517464,226.59836722086,16:18:55,-1
32543436.23945389,136.59773412832513,16:05:32,-1
49496547.26855893,181.8882359805724,16:17:17,-1
1564403.825073314,93.87111750295642,16:22:00,-1
46972769.8799903,121.48735898988434,16:25:27,-1
31016580.45630897,3.303013772316663,16:06:32,-1
75188568.84998935,45.89861739172048,16:25:10,-1
17182619.4044726,298.7101494857899,15:53:00,-1
8052186.398493005,324.392576662094,16:09:44,-1
59921424.54007532,297.0537586077716,16:00:17,-1
51725474.50474836,27.35641459855077,16:23:42,-1
64111129.617148176,121.24771739009888,15:48:25,-1
77394089.73027956,267.2239441885258,15:38:02,-1
89597431.24079843,32.48598631020941,16:12:41,-1
50682238.38502845,150.1953547669985,15:48:55,-1
88113123.53732266,27.845558982010324,15:46:28,-1
33481285.887911417,247.0231119444742,15:36:02,-1
25160133.698623545,280.7979064801927,15:33:44,-1
82947424.82531087,276.7670258458927,16:21:39,-1
30484842.502937704,132.01392471189382,15:30:29,-1
73015866.0294932,321.3109752042955,16:05:45,-1
70414776.00904095,58.44287957605388,15:47:53,-1
75779200.23338656,325.88069925394507,15:57:30,-1
32073217.76653962,327.9315188654772,16:22:54,-1
14640451.505398143,215.5622678612042,15:29:56,-1
26760193.75080332,100.30648384143171,16:21:04,-1
26066394.174776625,7.262401018810092,15:49:55,-1
2471060.7306950088,141.45255564977384,15:49:35,-1
76015711.90997261,119.97448402227266,15:49:29,-1
20570414.86055945,343.05296694712666,15:46:36,-1
70303166.40829317,189.1463646652269,15:38:37,-1
41010740.82229327,181.8677994597847,15:35:50,-1
18596195.660038244,185.8672050888926,16:24:44,-1
62086333.73769225,232.80190977088495,15:48:15,-1
87696851.92794642,127.87554196359592,15:54:18,-1
89862364.12438451,248.0143076306448,16:21:01,-1
16814165.611361515,203.4646165901466,15:25:33,-1
45990891.3369578,97.30898121704833,15:32:11,-1
87091821.35755837,249.8661874520101,16:05:59,-1
81509775.84625196,96.71524751537882,16:14:30,-1
49529310.49007183,145.80434526116574,16:06:29,-1
6462001.644601149,303.1025870397404,16:21:29,-1
64358780.85119791,34.91189446187926,16:08:27,-1
69326262.62789185,99.36757406751518,15:59:33,-1
17177374.87010331,189.2440545303814,15:31:28,-1
26684749.287214216,147.74957104512896,15:45:57,-1
36984168.02013736,77.51589446438717,16:14:25,-1
35011446.63547714,116.76412974849542,15:34:52,-1
27632710.382533085,46.73716621335799,15:32:52,-1
10653359.590390578,352.5487069839029,15:25:35,-1
80568890.33991802,113.64937894000826,15:53:28,-1
719530.1035136933,194.19120165856933,16:24:23,-1
76713495.22555867,55.51241295599928,15:56:06,-1
30551312.412176315,1.75929443610495,15:32:55,-1
18054172.40890351,353.83198133392114,15:38:26,-1
66133468.9822614,206.3503943053405,16:13:00,-1
82636655.15082154,95.5717256365413,15:50:11,-1
70285334.91239691,298.8265399539593,15:59:08,-1
51558301.68564907,27.639427758542283,16:06:33,-1
2781072.009955512,251.5345117814374,15:51:21,-1
61153182.72681928,160.33592265385246,16:20:18,-1
34918962.73004855,81.98119325783915,15:41:08,-1
41465831.9469454,228.8331083608386,16:18:07,-1
87245271.82966861,198.6800173822611,16:14:34,-1
21910764.48446401,325.3943151992985,15:51:20,-1
76686395.24297154,181.3528510188235,16:04:22,-1
26987883.3993077,83.26178849623336,15:56:01,-1
37877886.61933778,183.9504495990548,15:52:12,-1
18791292.30089369,254.33510736173724,16:18:13,-1
80911725.82577565,323.65217428385046,16:15:08,-1
13462432.973491907,323.6940019197145,15:59:29,-1
64996906.05756736,282.48343185860494,15:47:16,-1
71968242.07822931,304.938753321045,15:52:41,-1
61586493.49215221,265.3197768427049,16:20:44,-1
39830252.0107524,16.883252443588805,15:48:03,-1
26080027.79116534,291.21226010840235,15:53:33,-1
14035107.485726314,193.7977997301577,15:55:12,-1
63437954.2737155,247.8731721053963,16:23:13,-1
28671125.567956228,138.92926215528104,16:16:13,-1
68651896.08376467,200.50954423975108,15:41:26,-1
84171803.35472901,105.65181724440475,15:33:37,-1
8163796.083730909,169.31728647871935,16:04:46,-1
47087227.44794215,293.3818847072502,16:11:44,-1
74145535.95694152,277.4696048172003,16:10:48,-1
27134753.956087142,32.70978506380758,16:07:30,-1
60365696.61041773,116.4368558218643,16:15:31,-1
52455578.56282944,306.04591068637,16:16:13,-1
330827.9476604865,136.41773375896537,16:07:39,-1
40608497.048462,276.1565747596298,15:43:41,-1
26354746.788680647,1.5262332848237836,15:51:08,-1
34870123.087823585,1.160172599314966,16:21:07,-1
9486500.708133848,64.768343677688,15:30:46,-1
1049933.686853757,188.153131349499,15:41:09,-1
57872257.02071371,211.52443817288463,15:34:35,-1
4728526.2154236045,252.19952831620432,15:36:24,-1
76369584.37286527,329.2910713145127,15:44:31,-1
14379894.638154143,110.20840078515413,16:00:54,-1
88714512.72227411,264.2459073862417,15:53:21,-1
64672726.2023608,293.42531713792204,15:51:09,-1
83149676.80736232,67.80881556157262,15:38:04,-1
43415459.83828532,195.96426951611517,15:52:44,-1
9008831.452966848,325.9302328684128,15:56:41,-1
3134245.2712835846,342.8879147588848,16:03:15,-1
51992678.79501046,32.07296016012009,15:35:33,-1
71061727.43569832,208.20220156208345,16:18:24,-1
84555657.78337826,253.52934085803545,16:15:31,-1
51091855.22813652,151.87207371373322,15:28:16,-1
9730777.697510332,60.60413907337741,15:25:40,-1
17121710.05952364,113.5410689625469,16:01:40,-1
49777408.37453312,232.35252757019293,16:19:37,-1
22622445.520232417,52.672313754943445,16:07:22,-1
67842050.91473329,247.14587407065497,15:50:14,-1
80304397.45121516,252.35025144364425,15:37:25,-1
74039521.31303483,90.23846389616271,16:03:11,-1
57157294.699327216,70.61376851423255,16:01:36,-1
19053645.21969827,187.63758745735868,16:20:32,-1
87413203.22707546,149.91332878799693,15:42:36,-1
52497878.478951335,104.40215947119624,16:04:30,-1
45471078.31940831,70.53097748757015,16:08:56,-1
84959514.70467506,197.910927973394,16:07:33,-1
723565.3109048405,286.8422426692115,15:40:34,-1
73835244.95606226,105.63746143189974,15:45:15,-1
3361037.952170961,282.2345169772305,15:34:56,-1
44361349.268262096,148.56319430102576,16:11:05,-1
22709464.88979988,77.22317261610247,16:19:52,-1
75037029.45995712,206.5664238176653,15:37:26,-1
13798008.71791324,103.07275612780504,15:27:47,-1
34083943.004063256,111.8133271588486,16:14:35,-1
53641131.21860237,129.02127992168678,16:02:52,-1
63595759.55481711,190.77037825610967,16:08:44,-1
15124363.499361088,298.1712154095704,16:06:22,-1
41181476.41283745,49.18642842729941,15:39:49,-1
73049173.17819527,328.48468677472823,15:42:47,-1
69282276.5451669,302.0059509917099,16:03:38,-1
59511568.7513111,206.4809765978661,16:16:22,-1
45379631.25409696,68.76612137148109,16:12:12,-1
84433685.81766376,324.3407352670036,15:53:01,-1
56220259.70557752,257.3318389053039,16:13:48,-1
79492702.86904174,263.35634018334184,15:47:20,-1
45103933.503845714,290.2388282065738,16:13:36,-1
83305921.68735836,319.4439118501699,15:32:12,-1
17094590.57704552,139.0315241043165,15:53:03,-1
12040096.10255706,19.49281564783799,15:40:37,-1
78712442.24606992,35.1168187421878,16:18:21,-1
23973082.70987609,163.75876353707696,16:17:26,-1
20143481.36599711,204.60838919308543,16:17:34,-1
50965319.97575708,169.2337029650349,15:34:46,-1
71830554.37165147,180.61932087671167,16:10:26,-1
65548131.58759844,179.35193099235266,15:27:54,-1
88574331.552853,143.14743323238662,16:19:41,-1
5830953.239746674,299.8024404348198,16:18:21,-1
31223832.98948469,239.4353191289344,16:05:07,-1
74806578.68135606,137.75539371418336,15:35:14,-1
3397210.771507557,306.7434234019907,16:18:15,-1
2497310.230629797,110.91701739436036,15:27:18,-1
50472471.63226652,42.52499955090229,15:29:41,-1
49151398.00987748,137.57921594581245,15:35:07,-1
70229012.84639765,84.68611297381574,15:30:42,-1
10193996.74829979,291.4090671767405,15:49:27,-1
14045229.209821569,32.485950976210525,15:31:13,-1
53530329.35877763,340.25290276813547,16:14:40,-1
67463050.17280044,124.26370774192686,15:44:52,-1
12675317.038113568,223.45694090489275,15:30:20,-1
29638962.046526138,92.5237150655856,16:15:57,-1
85751674.66045876,166.10364713416223,16:09:42,-1
39835648.86982047,295.6277337143072,16:15:46,-1
54233995.76722303,77.95235343977046,16:21:44,-1
49937582.58835268,189.22941345840823,16:22:15,-1
53567163.0537436,137.53029343478653,16:25:04,-1
70138706.98730886,59.119632352964,15:48:20,-1
4030659.9854647145,312.77878692560824,16:05:15,-1
46858874.48959079,124.5457934686936,15:30:22,-1
65526264.73226691,207.61817480016467,16:21:35,-1
88787071.52324308,221.62192005409275,15:40:06,-1
59601615.54680156,225.99382266953205,15:31:10,-1
18227243.309194524,288.60622745423467,15:37:08,-1
20319061.633831847,198.81367235957103,16:07:12,-1
47826586.00247617,37.3538847196054,15:29:26,-1
42775077.52256682,257.468866264087,15:40:32,-1
44558870.39154456,287.6922637045248,16:18:23,-1
63401450.78505514,180.2664792558243,15:34:16,-1
24696972.06320037,111.47250610390712,15:53:49,-1
76047774.68608439,225.5199138893976,16:06:53,-1
78001693.08472584,248.0757375938074,15:31:15,-1
28481789.38546418,39.82816800177762,15:38:19,-1
80129717.255072,191.1553886548413,16:21:58,-1
57441368.69915279,197.58751112362296,15:46:43,-1
28757643.765948422,24.075831971115047,16:23:58,-1
73955098.97951536,41.89857725958128,15:37:42,-1
41945446.70966222,281.15244201786334,15:44:02,-1
35634821.04192081,238.4575625205489,15:49:06,-1
71702764.72728376,142.52355514722612,15:49:14,-1
43462216.73939172,33.08041427369811,15:56:59,-1
36773611.87481041,317.9748801628952,15:45:33,-1
67264825.18785803,113.7464214368436,15:42:20,-1
6757305.252474918,138.72867231357094,16:18:02,-1
40741772.03514685,341.2384012743887,15:59:22,-1
33127157.201141886,61.00433925776261,16:06:56,-1
7420626.411784011,78.17529746930474,15:35:48,-1
72233554.4192704,40.15452874986948,16:14:14,-1
67871397.36695758,187.56762708029703,16:24:38,-1
33983822.844131544,160.41066724422348,15:35:37,-1
86581151.92812957,202.42691692272408,16:09:03,-1
34473385.368086286,190.77292635082088,15:57:03,-1
62775467.25678271,284.3531283917048,16:11:30,-1
69943825.73052609,22.505080783926303,15:35:14,-1
64449176.68469518,254.8700003977741,15:52:20,-1
26117609.14410052,63.59320877440559,16:15:16,-1
35401184.38106089,327.1187154535013,15:30:17,-1
21233302.548340663,287.5017889378296,16:15:46,-1
75260879.56149738,13.18430821685276,16:04:34,-1
6038179.533079967,257.2232045331377,16:20:35,-1
30503326.70819009,258.3009765660665,16:24:50,-1
28955082.71586184,32.931334479956405,15:42:00,-1
34327568.81914676,20.534821553642026,15:36:20,-1
72881114.6833972,186.5778231337332,15:46:03,-1
80723475.48458482,281.85546128523845,16:23:23,-1
67849378.36065634,77.5074420792459,16:10:46,-1
44375955.330636,127.07391988332388,16:00:41,-1
79501479.28591973,330.5988441788619,16:21:52,-1
85351578.25106867,95.25997528575375,16:00:39,-1
51414189.4763255,262.5290901890328,16:12:01,-1
12730774.711753586,129.5731004658578,16:18:42,-1
20625910.06878876,176.64512550107355,15:29:01,-1
19347271.626145657,102.90320733158546,15:42:30,-1
79248430.13686667,117.57620090313296,16:14:21,-1
77573696.91471794,136.08148862437298,16:02:22,-1
8849100.673198842,58.83557305587067,15:40:52,-1
58112582.80265444,206.19306916651948,16:15:34,-1
10394543.636625824,192.80180094712728,16:08:56,-1
23456115.991707444,160.6092590641721,15:31:18,-1
77483298.96750678,53.93298899024498,16:11:01,-1
23723837.02113017,255.6139776415445,15:31:36,-1
41574627.40935529,217.62710551801035,15:45:16,-1
33689601.25037429,292.98580136945725,15:37:31,-1
29716457.503592286,171.22842732910752,16:17:31,-1
27917261.19901374,345.11532446162136,16:21:10,-1
82053889.18454204,21.29117433433584,15:42:42,-1
42245508.37216532,67.18737055480383,16:13:32,-1
3199738.907116172,29.453184032451823,16:21:34,-1
78676668.44350113,302.3721944069426,15:50:41,-1
17511991.93492458,224.7420685512197,15:40:29,-1
86411440.95394288,336.28735550132313,16:02:14,-1
41366895.311175406,78.46805646054035,15:44:05,-1
45228546.60318547,173.15147241249414,15:57:55,-1
3082066.2635805337,122.49633617209922,15:42:17,-1
51916673.963880494,162.5693847922592,16:18:11,-1
72456462.92356917,348.0952442208835,15:39:56,-1
461635.2169386168,352.9035934790924,16:09:38,-1
35472326.48130801,116.83833977003069,16:06:42,-1
36625291.033655055,303.2732326511878,16:08:41,-1
69626792.28091304,52.14622757617604,16:16:30,-1
38063707.44705792,347.5763328740194,15:58:24,-1
54953301.8629592,318.7744911461971,15:57:45,-1
72373190.84495187,104.44396824082769,15:48:21,-1
69961656.77035052,48.07830280211001,15:54:03,-1
53059603.37523636,276.707942045504,16:10:38,-1
52750058.59688666,214.119989852873,16:13:23,-1
36197928.14629837,29.62250436556721,16:23:49,-1
79288432.4875172,215.53967427058265,16:06:26,-1
59786762.949963406,216.95945635801053,15:51:14,-1
45322176.60668423,164.51930481963595,16:02:51,-1
89246004.80560479,98.08179217977845,15:31:24,-1
27515594.83870502,19.69944448260484,15:37:47,-1
4931781.955035299,350.1912563005093,15:56:12,-1
42649145.58221735,199.74067698821472,15:43:57,-1
18161529.859749287,273.6383407066908,16:16:43,-1
45938534.8510289,64.79211218138579,15:30:14,-1
55832458.166004434,169.50535189853412,15:36:02,-1
24529945.848872267,225.1242657796388,15:42:12,-1
51277617.4637099,311.31171869549587,15:39:38,-1
72544442.13630803,132.79667628726818,16:04:08,-1
45605099.10377308,245.48346077148565,15:49:11,-1
79212729.15034404,27.85337871183223,16:17:03,-1
67397810.60459925,160.6086913782259,16:11:48,-1
48256147.80980433,30.56821232365288,15:33:08,-1
40426385.92413529,359.3711193542494,15:57:36,-1
13282236.525406385,47.23561880819282,15:31:45,-1
64928902.79073512,287.954875569481,16:17:57,-1
87869417.16191292,43.10112469415336,15:40:54,-1
20955877.468687423,357.8181301624787,16:17:46,-1
29210633.4577844,261.7573162618155,15:39:46,-1
65704126.46255548,199.5035846969021,15:58:07,-1
2121587.1276234966,30.22377684307822,15:36:47,-1
76199928.41463695,185.33305376012416,15:52:24,-1
19321526.56912083,14.334298274341526,16:07:19,-1
7007768.717509864,57.18617038497179,16:02:15,-1
73754846.8354488,110.89429289519693,15:35:04,-1
40049464.75784236,56.56907975099538,15:26:50,-1
16402205.514080178,88.4015647283821,15:58:40,-1
72199840.60424738,116.66394502636082,16:15:47,-1
62153935.68720181,252.6191799767188,16:09:19,-1
62908060.13775714,31.46093138237553,15:44:21,-1
5465645.221455413,247.403610708256,15:38:37,-1
10360081.336949872,120.43422745895772,15:26:45,-1
35895197.53282403,139.76562013504872,16:23:27,-1
59960386.73003009,285.3962452630757,16:05:32,-1
62044946.310283154,304.41849025983265,16:12:11,-1
56376984.416576415,337.5297017850567,15:47:23,-1
53748343.907489,349.43701056882696,16:14:56,-1
29602903.451996595,199.07301865635824,16:16:21,-1
43866313.99161838,270.45439369347673,15:53:17,-1
35988523.36775861,354.9209716672335,15:27:14,-1
62132711.69226847,35.25723778536896,15:53:18,-1
55678226.5874198,297.52225998863327,15:50:39,-1
63404435.23641654,326.89098388556874,15:29:39,-1
78917871.48938525,268.9921391982579,16:02:27,-1
63547679.46734722,55.63692826942578,15:55:47,-1
35962703.88823196,1.053273583282852,15:57:03,-1
74631114.12879479,142.8165781413427,16:07:11,-1
20560524.920865823,288.26999734873374,15:38:27,-1
64496609.44648711,98.3478240268064,15:39:28,-1
89251905.66866773,70.47720320854356,16:10:33,-1
74065289.77252094,201.0655497749761,15:56:57,-1
43370600.12403146,312.4302222965395,16:09:49,-1
64757284.75978179,166.38441177936213,15:42:23,-1
50313018.15365742,123.5612497821704,15:51:41,-1
85120403.01522994,59.84893506081909,15:39:22,-1
17414689.691327266,231.082774955957,15:51:13,-1
29906607.27181724,341.02121396472864,16:19:34,-1
79281177.29261343,128.21259936083266,16:19:26,-1
75407940.76938252,40.743644306071424,15:58:29,-1
67998644.63677423,312.027604742272,15:58:59,-1
66871144.27329944,114.45115741346302,16:06:31,-1
11127302.370429084,194.63844399295337,16:23:30,-1
41479830.10913116,40.83150492509344,16:15:45,-1
33156389.125300385,339.64535602152614,16:22:05,-1
83145783.56082554,176.83923486626466,15:50:24,-1
44017315.05382367,240.16783877578547,16:15:29,-1
10090105.40731082,347.872838923112,15:57:49,-1
70761030.58044419,341.6253657559634,15:47:24,-1
58018248.56153256,211.22107454628525,16:22:37,-1
2046665.778742608,137.12197832650494,15:47:25,-1
46042036.11043041,0.1968261133846649,16:10:29,-1
82051776.52319978,305.77451292945767,16:12:32,-1
80680708.66548824,221.09812481293065,15:40:00,-1
30354942.12110008,41.61994246564344,15:52:36,-1
70636742.1795223,278.4909898309203,15:57:09,-1
814988.1014337825,113.76633677997552,15:47:34,-1
4474444.458714736,155.6351190536739,16:10:01,-1
34629012.06837671,108.03170891945744,15:29:04,-1
54765986.05695501,297.24738393515975,15:28:13,-1
4887213.994516741,58.4626069108088,15:55:56,-1
10021671.545698391,14.917277226060431,16:21:46,-1
82476076.13660729,140.28260477250092,15:25:38,-1
71936362.50789791,296.3480068995665,15:29:00,-1
37254089.15728559,169.07367407908998,16:10:25,-1
78057607.7129524,212.4574810668553,16:00:31,-1
88203409.20039499,171.86277647882616,15:43:03,-1
68016166.48793793,169.9083175339555,15:56:18,-1
34226661.87993275,29.468896544899444,15:54:45,-1
87495548.15226762,314.9459803678852,15:47:49,-1
33686417.04176441,221.7425390104325,15:51:31,-1
56084092.34936068,255.04435945280463,15:57:31,-1
21438383.191757586,126.73106437166678,15:35:53,-1
24556823.054498512,89.68681815231484,15:57:27,-1
16531907.464960571,120.46862508325889,15:43:03,-1
64125116.54504346,315.1601602633556,16:12:14,-1
71625132.00606656,247.4320118626424,16:01:36,-1
46207565.62464563,322.6678846878676,15:35:07,-1
32576646.624769755,88.11764128135923,15:59:49,-1
58718752.48895582,214.0672863577857,15:38:24,-1
16845175.12787452,12.976101939711349,15:47:45,-1
24008526.352172907,100.121724244736,16:25:26,-1
22197478.814610496,320.34299374415514,15:28:38,-1
23016198.60746023,9.01676706093996,15:28:31,-1
27390645.024704736,105.94884837527644,15:25:54,-1
30501129.65154572,171.98169180613493,16:16:37,-1
55019469.812216654,110.03862322948513,15:55:38,-1
72869988.74631281,145.05942805297158,15:58:15,-1
40352648.412181415,69.67008085814993,16:03:35,-1
15642895.632166838,173.9244443000589,16:08:07,-1
31384811.076860007,33.076183938124714,15:59:22,-1
71057349.05695914,144.21750548221567,16:01:28,-1
37676810.09342083,6.176142769645319,16:19:51,-1
61811865.71080147,309.1033126753502,16:00:33,-1
2351384.269181586,106.79279141923108,15:52:18,-1
7266919.785978656,167.37383106589843,15:37:15,-1
74478093.34995759,55.45292285876777,15:35:52,-1
150484.9099227552,23.860423205330218,16:13:14,-1
172837.4170689725,68.24719598312946,16:23:57,-1
38442676.52244329,181.91184021081756,15:29:29,-1
31801645.539320733,320.510763019295,15:31:48,-1
85719863.0068474,314.13583081581146,15:36:54,-1
36557768.39009492,192.3669631560659,16:22:02,-1
71880812.22960047,287.03289231592873,15:49:14,-1
25170937.20385016,56.5955646833051,15:32:18,-1
39525743.18063898,316.0682714949466,16:22:29,-1
25331113.37964304,6.7971787643769055,15:32:18,-1
70789620.9503727,210.99930891528228,16:00:21,-1
7490939.631094615,264.286923275202,15:43:52,-1
75386871.53519696,316.7794470955516,15:52:53,-1
66053395.73492723,330.70448343745454,16:21:03,-1
75794577.0065305,335.9791479443362,16:18:32,-1
55343561.77297631,204.50528471323528,15:56:55,-1
15454773.95913154,265.72413197790223,16:07:05,-1
34228127.273001455,179.6370718190148,15:29:44,-1
36486196.58703597,187.52278731651492,16:01:35,-1
6481786.750186296,102.93185576396344,16:17:42,-1
83285212.08326665,109.75086789964028,15:54:04,-1
8170572.117715562,240.46744149121685,15:58:12,-1
48550199.65631192,100.13089517353248,16:21:12,-1
46147695.054545335,257.63864670684245,16:04:21,-1
79286026.02530481,145.2632075766187,15:32:08,-1
88269458.70745887,142.70290764140742,16:06:10,-1
8199055.873051975,230.09319371116345,16:19:26,-1
77431883.04512256,225.23327630598504,15:47:07,-1
52992783.65515047,183.5751738721101,15:47:35,-1
67320887.98968187,300.01679308884786,16:13:23,-1
28543160.32343131,198.15530903645035,16:22:21,-1
81952168.98482627,185.3543334928388,15:30:00,-1
55004372.60954978,304.3089489469286,15:27:13,-1
50528115.32698543,238.09259102890505,16:00:34,-1
43576173.15935094,135.38631515121736,15:27:35,-1
64459573.55358148,188.7599062381302,15:45:16,-1
76313153.07332024,68.88104208566114,16:14:23,-1
74687695.87727539,347.3817079557203,16:02:10,-1
33744590.657830484,124.18662974931732,15:28:04,-1
83388496.41105725,164.45304321366297,16:13:28,-1
80134545.15156138,285.00518756918086,15:36:29,-1
69433335.90489787,3.779925858434656,15:58:22,-1
88946647.0990777,95.6303568334555,15:34:48,-1
26042397.203203164,79.99343412564659,15:39:42,-1
67758359.76471236,62.3507993563065,15:31:51,-1
64529693.17398912,58.24776114221834,15:54:42,-1
6590325.756047235,180.96980169196695,15:27:47,-1
47140686.9393369,95.74388563660682,15:50:33,-1
4853459.682458997,26.032979637643365,15:46:08,-1
38857604.79074147,262.3081880870205,16:04:28,-1
25703142.18652392,219.98079986353457,16:04:42,-1
42493036.8002784,59.59188898583605,15:38:28,-1
88220231.5385025,125.0148937446298,15:57:35,-1
77410622.354518,59.03525007760376,16:05:18,-1
7587915.332912615,303.9572504770781,16:13:41,-1
82620149.96379171,293.0848071555681,15:36:01,-1
67554381.03579035,60.61832281007028,15:40:06,-1
40465401.02280729,325.5445563937066,16:07:32,-1
82168225.01738127,102.1982214609896,15:29:49,-1
65346840.58458781,89.24011399823254,16:09:55,-1
40667693.3387922,118.8720525194716,15:50:41,-1
49146167.9624185,87.26487525495689,16:17:06,-1
89721398.0096027,240.73467193884144,15:58:48,-1
72224214.5539546,286.81811480727,16:24:03,-1
25389829.88906755,356.71014729946376,15:39:51,-1
4236169.784960088,219.5765892397144,15:30:26,-1
54383809.15265176,260.51993336916166,15:49:32,-1
67532249.2758475,357.2699342297898,15:26:20,-1
66540256.97415216,114.235650675138,15:41:05,-1
12263659.004019076,159.21279357553686,15:45:52,-1
67361655.53701878,149.84777282608698,15:37:02,-1
72883292.07714312,159.23585867808106,15:28:39,-1
34466238.50870732,65.43973894969268,16:07:17,-1
14463883.269846898,141.30009759245755,15:32:11,-1
2599330.718417135,48.3339797788599,15:51:59,-1
84674570.45074248,297.0963650267327,16:21:28,-1
37920035.31945659,98.12282770862628,16:12:07,-1
86782584.66003937,27.718242338620342,15:29:31,-1
80839005.17651692,42.43929326293906,16:12:14,-1
28258620.44066529,316.2688703953086,15:41:10,-1
82654332.67056505,36.29573814775448,15:28:59,-1
8465539.66856521,97.41950319549213,16:10:36,-1
29294405.992397133,164.86121800070484,15:56:07,-1
77457052.62401082,237.31758246232616,15:57:22,-1
51491886.49108199,103.46081231173348,16:22:47,-1
84038975.56520887,110.68041717228608,15:57:49,-1
62539101.39181773,250.04235904938736,15:29:50,-1
18322383.98840845,312.4391768907838,16:20:20,-1
25698981.4405537,110.28373462939878,15:49:48,-1
52064103.723095626,94.19847271461062,16:17:29,-1
8510189.352743749,32.26214276824703,15:42:40,-1
28653210.860955603,13.958716735526805,15:40:06,-1
71441462.46649978,350.91595366134766,15:28:19,-1
6315703.390981136,334.1224115927158,16:03:02,-1
48915947.56552078,342.38964758590845,15:58:32,-1
75115751.90392597,15.976785034432606,15:40:46,-1
51209220.82799848,95.34002335774277,16:10:36,-1
41912311.35040658,18.110870233931333,15:32:09,-1
25906037.814308543,195.7696724994432,15:58:10,-1
71116327.89984523,351.19760987492543,15:34:08,-1
49471112.32305805,108.79641509390063,15:37:55,-1
28526993.91126644,61.77028711667782,15:26:08,-1
13164360.246336993,307.1112398838924,15:43:42,-1
67471929.78935999,93.24882946401188,15:46:51,-1
49725354.25821161,109.67294154448756,15:32:47,-1
19268540.507198542,194.3331515374024,15:32:42,-1
25778484.2256413,122.41492591293884,15:30:34,-1
6200695.160192013,200.02616606712948,15:54:14,-1
5463127.142960487,56.09117146648309,15:57:17,-1
35435550.17188796,88.84238895592448,16:12:15,-1
2914868.549232753,123.51065668131056,16:04:08,-1
61011021.29964991,39.65241791408479,16:21:57,-1
5141906.071702151,41.98333836128197,15:58:08,-1
38523202.27994063,159.1904660872013,16:21:57,-1
69776662.2955045,320.141360170438,15:55:12,-1
66436243.0536166,5.394719251797606,16:19:33,-1
43813947.04962444,272.61201345989014,15:35:30,-1
29903074.66765881,333.7452784321352,16:19:36,-1
62387404.87448986,98.26138995309468,15:40:52,-1
68892718.50625789,216.5743056739441,15:26:32,-1
23318112.084472127,44.18586977031059,16:22:20,-1
32521872.43558009,135.47894199879866,16:12:55,-1
59526695.362295374,268.83605221991223,15:33:37,-1
63235974.65755206,279.2156826742113,15:31:03,-1
58909914.1790961,177.52451969061795,16:05:12,-1
44968650.0321132,110.34632828840512,16:09:17,-1
83120443.25439306,95.38521602454156,15:31:06,-1
74332722.76977733,78.30212420532061,15:28:58,-1
76104262.39797038,104.03641047654894,15:37:00,-1
42530177.46523639,312.01857906268145,15:47:51,-1
83414524.30493747,36.45652243726168,16:13:38,-1
6671537.211085654,196.8497638843048,15:56:07,-1
82519389.96808349,38.15077118635938,15:58:04,-1
28996937.183623947,106.22314403277548,16:10:21,-1
26890738.86317732,305.72176032677595,16:19:20,-1
28057079.269839566,290.84979986716365,15:37:04,-1
68202168.22935794,17.812510855265714,15:41:46,-1
42326127.82421954,5.357839950594521,15:48:59,-1
29564388.883948967,357.6856979863249,16:18:02,-1
47032861.62529704,196.52699608925963,15:50:53,-1
8972813.8837808,127.69963158040056,15:29:50,-1
59710422.822133146,187.75270809463672,15:51:44,-1
63983057.90223517,95.3879610978684,15:35:47,-1
86599832.39395769,216.77511241481596,15:58:45,-1
68825227.14716132,357.5906797335922,15:30:11,-1
62441653.86413887,263.477591062855,16:05:50,-1
38869844.34813073,44.37929068773445,15:44:47,-1
43360116.13572228,211.81975340039628,16:16:09,-1
15054697.021277146,348.05735788329895,16:12:01,-1
44480757.75905501,191.28078229194443,15:29:48,-1
78675289.82745492,258.1442509659618,16:12:42,-1
12316192.656471642,186.5089673862565,16:23:33,-1
17057262.553677734,277.4452797847869,15:57:07,-1
70711760.9361773,105.39910941387171,16:05:22,-1
4723579.850572068,146.19570081316738,16:06:53,-1
63362082.87144166,164.2002887608055,15:51:27,-1
44107362.62318096,118.97058600293629,16:21:41,-1
72353721.16384257,316.8049199031874,16:21:23,-1
40430060.95359522,51.28922832409578,16:05:19,-1
29504945.372948278,284.74764624303907,16:14:21,-1
20563344.16390651,138.01020398284027,16:11:14,-1
18279581.33153017,254.5534710530106,15:52:09,-1
37112204.63358787,263.7502355232682,16:03:56,-1
36551227.6871558,177.36834778660986,15:32:42,-1
66856696.201910056,157.40745589928818,16:07:34,-1
27688147.54389952,176.6498256780086,16:17:21,-1
46274383.232624784,72.1170865544831,15:47:02,-1
82189227.18098418,70.53540751963502,15:48:31,-1
33747049.67408307,106.8292698568717,16:07:30,-1
14136879.53987696,28.218598033839054,15:40:01,-1
58522744.84432816,296.5223879187729,16:08:43,-1
7152467.831757367,47.42859846427218,15:52:00,-1
40713173.41641628,53.82024456587151,16:25:23,-1
22767821.21509347,213.1226020187084,16:03:56,-1
52305052.97681684,335.7277970690582,15:30:12,-1
63844153.153381184,36.09841966108068,15:47:59,-1
8593949.875007283,184.04752544044,15:49:16,-1
59190449.37440249,327.47453339644414,16:06:20,-1
17723607.492821895,4.9593958762613255,16:08:23,-1
35133604.64604378,145.73821749997103,15:52:05,-1
86106642.36295201,163.22393525628203,16:02:20,-1
37033602.02367308,63.99891915519112,16:05:37,-1
29297035.909920078,321.2587194077448,15:46:38,-1
78397436.81308872,178.76006119420865,16:14:30,-1
5113686.790246282,38.881100754122286,16:04:20,-1
70975487.96126297,158.4292764034092,15:44:18,-1
36992208.86328446,291.6194048044899,15:29:42,-1
42249940.811167344,3.94903432886832,16:14:22,-1
23094824.28779869,338.44295382488804,15:41:07,-1
71658835.74278137,166.7551797190434,16:21:17,-1
44587200.6371482,51.77978673235687,16:20:13,-1
53757752.2485834,135.69770605525238,16:08:25,-1
14560395.234088965,349.83705180260495,15:45:38,-1
8212919.456992825,120.78888394308454,16:18:02,-1
36879593.13934709,165.49391587734746,15:47:27,-1
82411398.23626673,103.52470915285954,15:33:09,-1
10221573.510722544,139.20743936654796,16:06:39,-1
33714068.782991774,213.1496027117607,15:58:15,-1
61640584.24190071,182.5728611754403,15:38:41,-1
38677515.00860136,257.7929584618845,15:35:38,-1
13034846.532467475,115.94194836074958,16:08:38,-1
69214636.80130702,277.4932645173673,15:53:15,-1
52398062.39118729,88.11430510339574,15:54:10,-1
43327945.71276254,47.387933770005965,16:16:19,-1
44589225.19848021,187.07604851655688,15:44:35,-1
16437325.47186322,121.41002294442262,16:03:16,-1
11489954.014947666,332.7757508731301,15:54:54,-1
69604011.72023977,338.9544707972648,15:45:58,-1
5659767.0030562645,74.9989929352535,15:54:40,-1
18588908.041431744,35.637143374873105,15:58:24,-1
53021656.28822772,267.8231796307545,16:01:42,-1
81468797.3094491,48.097912422551175,16:23:45,-1
74078579.91799009,98.2411722299377,16:05:46,-1
76582210.81416677,238.18838057892737,15:52:06,-1
60405404.33023664,312.35878144419337,15:38:53,-1
40745515.53753635,89.13640563877627,15:39:43,-1
3549311.348891946,188.93297250104396,16:20:16,-1
57925859.836214975,352.2126432160725,16:14:10,-1
41918799.8975463,268.5486435368999,16:03:21,-1
33123778.324108437,187.7827909741338,15:52:18,-1
12788716.287542716,115.23139941193666,15:35:45,-1
597016.8407518987,34.54597100307524,15:52:09,-1
83837309.56571704,78.51728468837175,15:53:29,-1
28231326.68009312,242.57394630158612,16:14:00,-1
80137383.03189774,39.21693944099839,15:42:08,-1
38299531.2323761,344.4428325358681,16:17:56,-1
24865518.71153614,180.11355292813,16:06:01,-1
73319196.04089905,213.74980163880952,15:44:02,-1
62203135.01424796,75.29385358314238,15:44:41,-1
60514224.35706507,51.34102282902748,15:57:59,-1
49063214.39762367,159.21370134891202,16:04:42,-1
57077144.85005754,27.80808297913748,15:36:23,-1
80001921.56843142,105.50018946792346,15:51:49,-1
88072948.9034727,353.5919440946902,15:50:02,-1
51464091.8941773,337.634888717672,15:42:24,-1
4308401.128237473,158.09384479220617,15:42:17,-1
78421385.95752135,176.00728594572772,15:30:15,-1
12227069.452795615,278.79417365723043,15:42:47,-1
47498778.98446972,50.59570761696803,16:20:05,-1
13264038.797713485,291.5052402029234,15:36:13,-1
85323184.21238393,329.63333531680763,15:53:12,-1
3263788.5604769425,276.7595799408364,16:02:39,-1
45508686.06709536,65.50374750556963,15:33:45,-1
64077242.49268513,96.38303390037804,16:08:21,-1
6749635.233997403,18.248995932021693,15:51:45,-1
71888060.41404249,113.14613929187232,15:44:27,-1
4837366.79622604,177.51350816685428,15:44:51,-1
64208300.65610595,45.93438464664003,16:03:26,-1
68429300.82746328,317.2194546433684,15:57:20,-1
45841166.22033802,278.98710360958665,15:27:07,-1
68389955.63761012,68.85172951733315,16:10:48,-1
50130225.15607582,55.83979337943657,16:01:11,-1
79140903.1838058,170.02639132783003,16:25:03,-1
43392079.14501627,349.89446336654987,16:04:19,-1
57847897.975275934,128.08954104324278,16:25:05,-1
59936762.98647337,126.8434798911013,15:40:02,-1
79054767.3690537,230.65583731543867,15:48:23,-1
59498460.808618434,351.05248684644897,15:36:59,-1
44754698.64296821,215.3282143958116,15:49:08,-1
43384021.0343895,200.1340891660738,15:51:09,-1
3622834.8427269743,31.55716484827705,15:56:48,-1
44521046.59015057,143.5410850742672,16:20:00,-1
54352850.36477109,112.60276293820712,16:22:57,-1
57018179.72374337,116.2288002334826,15:28:04,-1
1403625.238514348,309.3771615546645,15:50:10,-1
18727532.91764797,323.7690879317025,15:26:23,-1
48043409.76580956,57.911546782693215,16:12:42,-1
9617459.93716324,86.08262914138375,15:47:21,-1
61102587.00329313,2.644097574117321,15:38:56,-1
11815307.874685183,345.50720086584886,15:40:28,-1
42599041.65284136,154.36423421570507,15:30:04,-1
72973983.06838353,138.22084424838903,15:39:55,-1
56567294.32287313,132.35623333532877,15:58:31,-1
87471879.65249814,99.6976064388547,15:56:31,-1
26269767.91781531,281.60772769988387,16:16:47,-1
41673830.1861,14.698091625610903,16:18:14,-1
20877987.00959866,144.27340416152873,15:46:56,-1
64163164.65223952,344.490757289071,16:09:44,-1
73919690.21679586,51.91277053952846,16:08:33,-1
85176813.27431557,336.8065382341693,15:55:27,-1
66885575.42549871,48.27656768950276,16:14:23,-1
31589088.41269175,169.63071689314114,15:46:45,-1
34159533.91483036,171.52255776614493,15:55:50,-1
16204176.706856644,188.76669331932905,16:25:22,-1
15966975.54044186,14.122975708822809,15:52:45,-1
82789251.68254146,193.42642771215847,16:12:38,-1
5131555.834344094,77.82530590427453,15:35:18,-1
39267305.82993227,179.92974796642957,16:12:13,-1
8976875.674935013,301.51550579546216,15:28:57,-1
48315779.61823772,329.1435982950516,16:02:46,-1
4371541.546324292,187.43067216242883,15:56:29,-1
11916788.754117403,1.46961332809886,15:42:19,-1
71916053.65007956,76.78684033847853,15:47:03,-1
23346434.105637904,109.01527757468602,15:47:30,-1
81786938.89708227,90.12234361851564,16:12:33,-1
74245133.21713737,24.363287646338485,15:34:20,-1
84670124.23614393,217.6730932091908,16:04:38,-1
50604476.861655824,1.7766383364466254,15:25:35,-1
34973826.44546782,343.1598776967677,15:48:41,-1
42438483.98337378,218.45018175285796,16:12:02,-1
55543598.13168806,122.93695057245873,15:41:15,-1
78405637.64534749,240.5084623960977,16:22:31,-1
13139712.10110399,250.14340852259912,16:25:16,-1
82050891.04175775,219.0697230349448,15:57:49,-1
76982775.22839878,45.11059465669828,15:50:35,-1
77775715.21656516,345.19459185182325,16:16:41,-1
86818370.81404743,81.25725561107454,16:22:04,-1
87321147.89753011,119.76438310496592,15:59:23,-1
29117249.3638794,26.987987142947205,15:58:43,-1
84668608.69788633,325.0220690472745,16:14:24,-1
59005065.2642407,13.826750706097776,15:42:12,-1
65912437.80308748,107.91460529795116,16:22:51,-1
81558066.35418554,111.20100298857533,15:40:37,-1
9579190.567531606,340.4927412471847,15:27:07,-1
37584581.65684516,77.38043138760585,15:40:21,-1
84973463.77600765,267.8834173744393,16:23:06,-1
32693678.078977477,280.8320396557559,15:45:45,-1
87550534.57187457,69.66555630922369,15:43:44,-1
69435202.84068586,94.18376040403264,15:54:10,-1
53310126.11254314,246.1473795589104,16:07:10,-1
11262512.34931761,237.06787595503707,16:06:18,-1
72536149.52199382,25.384353257994327,15:38:25,-1
87583505.27609096,28.40049905799969,15:34:35,-1
25382602.734860525,266.9518185044112,15:41:26,-1
14507110.693024669,21.32135387149693,16:11:14,-1
70446095.82449779,72.25556268885157,16:05:20,-1
30348283.70715516,317.8009499634021,16:22:11,-1
71737224.51453106,337.70057142629054,16:13:39,-1
85730209.7564344,213.42506647883096,15:27:12,-1
18498420.346101526,347.7389059452071,16:25:05,-1
4881568.520725858,166.3917018374142,15:57:51,-1
84782519.88449499,109.13134431487292,16:14:13,-1
34401268.880596615,110.53059836697334,16:21:29,-1
18410231.62955396,173.97303907707155,16:24:14,-1
73346109.10717195,207.41428440929465,15:27:22,-1
66052033.19866235,320.2908227220871,15:26:53,-1
35313589.22512464,127.58568704731216,16:15:04,-1
88026848.45471768,50.828509280549945,15:37:15,-1
73001944.9158322,288.02438445118054,16:02:04,-1
56297630.7766485,260.17050911520937,16:16:18,-1
43296816.44593344,107.06861103695874,16:01:58,-1
9901314.14888792,335.90673644727565,15:38:10,-1
28237059.905304257,239.84030873452383,15:35:34,-1
40356442.59795094,51.66652215059538,16:09:28,-1
88977014.22172275,331.59378395756585,15:25:59,-1
37267752.31611665,329.276738374252,16:13:58,-1
4871226.089240683,63.072163976997146,15:50:31,-1
32499794.08353285,244.35974329079053,16:25:14,-1
836213.0578840564,96.46738514649128,16:10:39,-1
65204262.910509534,82.1383856670344,16:05:59,-1
7626690.050755577,324.37149293838564,16:21:25,-1
28572501.13117161,119.22221022645417,15:46:56,-1
63291303.36822017,217.70054854559888,16:17:47,-1
39741499.03793512,289.33059837308843,15:41:07,-1
58983956.671410985,22.437000447247502,15:36:21,-1
48525138.532902256,269.14253723712324,16:06:24,-1
28132705.81678089,4.223030260269618,15:49:19,-1
31251296.55380557,271.06376366343346,15:36:43,-1
27616301.2559135,335.3090844493526,15:38:55,-1
61529732.92051651,301.5845302086484,15:48:11,-1
30849007.67938939,124.83772375441607,16:21:44,-1
89876005.6642784,219.81297590611436,16:01:05,-1
10061718.872115085,5.510574203702192,15:55:51,-1
11048490.268396052,19.00909957434672,15:34:36,-1
440031.575788856,126.41499447261656,15:26:16,-1
22565357.595426925,70.06997990336549,16:17:02,-1
85108439.65733607,250.0846418703903,15:36:26,-1
54359463.00524202,268.0293460817538,15:34:19,-1
28797828.45774187,259.4579072210225,15:26:30,-1
6639111.943962896,268.6670729508395,15:33:15,-1
50856267.89185277,337.4495317427508,15:30:17,-1
13935471.55669916,35.10203761013523,15:46:27,-1
5907576.619399378,145.80315368802462,15:56:26,-1
17049025.78427233,110.6876989829514,15:44:43,-1
83675226.3502498,63.79241605039966,16:02:52,-1
5834722.032235475,350.2864632068337,15:55:18,-1
17370235.384212233,297.6984866063711,15:33:54,-1
67209778.87108715,136.28731386138256,16:06:41,-1
24180570.54471177,339.1744146842285,16:05:02,-1
59307154.205808125,353.3879075424406,16:22:59,-1
46319981.52035272,256.96482219622914,16:17:47,-1
42503838.89627519,250.22120157995727,15:48:56,-1
54924477.26070092,44.513017656363175,15:52:11,-1
40210109.48280388,8.396742691717014,16:20:32,-1
64413269.23505905,128.9926092446821,15:40:40,-1
32401400.397221565,289.62793199045177,16:04:34,-1
42066192.759197645,192.0262708522696,15:26:05,-1
68629340.94026624,202.00156010251985,15:40:06,-1
73866810.67795163,337.39536621819303,16:23:13,-1
27749093.62159694,264.35322693337025,15:44:59,-1
83393.82599943505,59.63291963237383,16:13:52,-1
40427363.18702602,87.96276497500043,15:49:39,-1
37890923.37076122,213.72321954976792,15:47:57,-1
4848583.190351403,323.0537943925547,15:42:16,-1
87544873.67870773,48.11138537725658,15:59:32,-1
61313633.64015477,227.77195133031051,16:04:53,-1
36500548.28932652,142.02561835347456,16:10:16,-1
77840614.64645344,190.73835939498167,15:57:28,-1
22958956.30524376,260.81788702670013,16:19:24,-1
54678393.49142462,131.57622693806377,15:40:33,-1
13639685.197972154,359.39565031868824,16:00:01,-1
54037823.27508932,51.74892098074743,15:41:34,-1
70694263.17904572,232.6071277101988,16:22:37,-1
9401113.31442226,110.867513012154,16:15:01,-1
11947409.3810436,219.6535479999413,16:21:45,-1
68743218.26262218,270.9717050324893,16:15:40,-1
71901103.5202009,182.485583549156,16:19:35,-1
51322986.85114998,107.94709417059065,16:09:13,-1
14744814.9382606,196.3268525460216,16:06:11,-1
150409.37181723455,150.1954898363804,15:53:22,-1
1596192.5597149855,318.7737169819909,15:35:37,-1
3924802.275465879,50.38861581186159,15:27:56,-1
75283654.60628471,157.56138500911442,16:18:56,-1
51686881.7272572,342.4751996288732,15:28:08,-1
13437593.15897404,305.9212766694079,15:55:37,-1
69051793.15132569,46.44434764720545,15:36:22,-1
69405796.63847114,110.09453167022316,15:43:28,-1
77517600.05851395,285.1806433918076,15:54:53,-1
4172167.158788128,145.42341991013905,15:39:52,-1
19773280.30205953,33.482729059639865,16:21:14,-1
73050187.25049105,323.92621321670623,15:51:19,-1
30681748.41732987,104.03913553985224,15:35:27,-1
46629202.98709179,0.1526786022238502,15:50:16,-1
22591045.192052253,119.48313385793736,16:07:55,-1
22625076.042119782,271.7185471521917,16:22:43,-1
28188862.7545261,252.0657767825945,16:09:10,-1
31602538.553852584,305.50597130870403,15:37:58,-1
67857944.14704604,272.1712468899584,15:51:56,-1
49057672.78168025,87.34435319967321,16:07:10,-1
9183012.992846848,155.8742837824724,15:25:46,-1
23228386.19267248,304.0572475321236,16:25:23,-1
54514729.162133865,140.34862981793162,16:00:48,-1
52790308.70010774,210.86092006699909,15:32:52,-1
4923188.159636459,10.032551859520217,16:20:57,-1
65906810.113479234,207.328347811219,15:27:14,-1
81979863.24282864,279.2283935324546,15:48:01,-1
24629615.73608299,12.229556258832057,15:35:03,-1
31771523.81917723,294.49011086134715,15:50:45,-1
70975419.21430676,47.00624550103769,15:33:40,-1
41263046.62127218,222.57090176746,16:10:24,-1
36243002.18947728,286.6264602248033,16:05:39,-1
273437.11280376057,357.915485614135,15:30:33,-1
55761281.83863598,247.9247781124773,16:10:08,-1
1695168.790838302,239.1653038263485,15:37:58,-1
75375576.4823287,200.76122889384595,15:54:40,-1
26235457.618007377,344.94756131712626,15:55:31,-1
70548253.92696775,186.5761346990685,16:02:57,-1
25150460.54637299,221.68725302049307,15:44:56,-1
31730632.17338377,221.73356676553385,16:22:48,-1
38478919.4301182,63.00588425404248,15:27:17,-1
47061786.67806437,84.66729385398014,15:31:57,-1
5578291.057651948,259.0120337256467,16:24:23,-1
16092417.699019136,325.7118693625605,15:29:37,-1
28036616.81829176,329.8269017064992,16:22:05,-1
44320856.89905788,165.70782412213006,16:10:14,-1
59095507.15679417,195.39464667467263,16:25:28,-1
36184768.582957074,275.6820882167181,15:25:49,-1
24091364.08445312,309.8093715179264,16:07:19,-1
69670819.73139708,6.332686262534555,16:01:44,-1
50340702.8716672,0.8001603691226267,15:48:04,-1
66715563.67472573,214.87729107059857,15:40:36,-1
61536363.89036506,157.772660617501,15:59:48,-1
15212742.576008104,208.4866331336096,15:49:03,-1
34142252.16784934,288.71040204184993,15:27:42,-1
49383603.10060002,61.50071649621366,15:43:18,-1
59162454.46135792,212.19056304194987,15:59:38,-1
15166062.812179266,178.02018411387542,15:29:30,-1
10479797.53329163,168.1392095538013,15:27:12,-1
51133415.1059645,115.13562935170914,15:59:51,-1
88624806.65776975,287.3705373340117,15:30:01,-1
16658437.246671809,193.68894084601183,16:01:54,-1
50024128.57655219,280.9662960370024,15:26:58,-1
49100729.378421575,168.02973445244888,15:53:24,-1
85070037.25807184,30.29542755688848,15:55:18,-1
84446344.51351649,122.00514028066377,15:48:09,-1
13118455.178568373,51.8781755272924,15:51:02,-1
69041128.00078619,95.49195024077136,15:40:48,-1
13838865.729889069,250.80969392695891,15:36:27,-1
69122327.39212532,345.9782942150657,16:04:27,-1
81739653.2961674,116.61277133199812,15:34:53,-1
87572862.73209782,201.48120759346503,15:41:44,-1
24345151.13583077,66.18220553328051,15:34:28,-1
83875025.78639933,320.89274839094026,15:46:15,-1
62442014.49536291,304.280504558485,16:10:06,-1
46622039.08996783,159.41155748650053,16:06:15,-1
20858442.357234992,299.829408987769,15:43:35,-1
31381762.550761927,284.4521107263149,16:00:37,-1
78565467.81564818,215.52777961107824,16:00:29,-1
52543994.079693295,305.45779664520853,15:57:26,-1
12374763.003872748,143.43894467039038,15:30:08,-1
79419328.85812177,268.3477770475109,16:12:59,-1
29507920.191928115,228.24148915387104,16:03:16,-1
22193853.78870076,221.72147478392887,16:15:17,-1
7581451.282710141,280.1677802257794,15:47:20,-1
53419331.57285442,297.84222036279704,16:02:12,-1
48792931.33675608,184.96353290984507,16:04:10,-1
14475272.133271825,51.672711448749816,16:11:17,-1
88074895.54636128,132.20099707389556,16:10:51,-1
85674858.13111171,104.6530977923902,15:54:19,-1
19286603.403416485,190.45361137491096,15:49:31,-1
27312075.126176134,273.9793821624891,16:07:39,-1
15133925.939376514,6.886872300127438,16:15:47,-1
26887095.139598724,33.40359940954293,15:59:10,-1
35170244.90169126,358.7226647532148,15:36:05,-1
69841786.46440329,142.84418081057945,15:47:34,-1
75367077.95884456,149.78226542508202,16:25:26,-1
54467040.74581846,155.1870844115274,16:14:29,-1
59145177.78779112,236.03830758272937,15:47:46,-1
27909802.89402344,315.3949457787444,16:18:23,-1
81888286.46200038,359.7447014345631,15:37:37,-1
12917674.43114672,21.95310098854754,16:09:39,-1
9340497.793966196,63.256260591818936,15:28:26,-1
68415230.81914864,18.63665855617226,16:00:17,-1
65524758.43755234,100.37772355938668,16:18:29,-1
69121598.29336157,84.74498627161496,16:09:33,-1
70327652.67218688,159.39299409681053,16:08:54,-1
26666510.041485067,14.967264919823808,16:10:52,-1
33813025.04873408,21.676998034493288,15:39:07,-1
712658.4390835315,153.61920918585616,15:35:29,-1
49082338.01412604,99.26324133692506,15:38:10,-1
74263611.62765545,112.03415298291488,16:04:34,-1
60471806.96529272,238.99747689332776,16:03:03,-1
5062954.770279592,41.93280267755139,16:24:13,-1
15366322.90483288,125.6127919739095,16:23:44,-1
40017521.38992061,337.65391058895307,16:04:02,-1
5173264.670445167,120.71448649607844,15:53:13,-1
20775637.01236628,246.99763876656195,16:18:10,-1
37729778.30964837,186.6528589445977,16:10:22,-1
83211428.2628939,315.57146222025386,16:15:24,-1
29957797.30645301,219.42611498789785,16:15:00,-1
74206909.09795465,319.42245840104016,15:32:42,-1
50416382.850827225,171.650393638622,16:16:53,-1
38713846.61844871,69.93940689504045,16:11:52,-1
15361356.306895131,196.00315612663744,15:59:50,-1
71683828.35662909,309.2304609637937,15:59:41,-1
31631107.05289491,101.88196328001014,15:59:55,-1
10116624.461290654,274.60154144304306,15:44:35,-1
84611794.82658431,218.6425991771012,15:51:42,-1
88211596.94295426,298.7123506758804,15:33:45,-1
23858562.93453251,250.21566754789143,15:40:19,-1
76549198.82796524,201.65514020355,15:34:58,-1
25981717.774549715,21.16064483357851,15:31:04,-1
30858399.54887684,289.32825180302746,15:26:17,-1
1642252.932720451,142.70415447737656,15:57:02,-1
77174404.50531963,54.00990106852098,15:40:37,-1
18308077.71067281,152.84658969984875,15:32:10,-1
80515690.62514041,214.40187857015604,15:32:50,-1
60174696.17265234,137.7582412749615,15:56:18,-1
43958289.82918814,233.3438236867393,15:46:38,-1
52292260.55668999,139.50055599360277,15:59:15,-1
10348081.554283831,188.29436163509496,15:32:09,-1
23202536.54207932,2.5412747729530105,15:30:30,-1
2454960.4334763587,128.3590358463093,16:18:57,-1
2027978.8910710963,70.95787235424706,16:13:37,-1
35801899.71156401,278.2468553478395,15:26:04,-1
45198935.00008042,163.7440121482066,16:17:06,-1
35359675.37079987,274.350500733285,15:31:33,-1
5372578.371736626,235.27773603087792,16:11:34,-1
11883448.651729856,22.32618148447283,15:39:39,-1
41690178.61607076,120.18824244184611,15:27:16,-1
37794992.97526108,210.58261790137055,15:50:48,-1
60126941.56557426,136.98950695324095,16:01:50,-1
20717684.05299765,352.1647271579999,15:37:50,-1
87576173.66355637,343.7361609115196,15:28:48,-1
73223306.17474955,45.873642900639446,15:37:45,-1
6563146.719691558,210.22650902477653,15:58:38,-1
28249690.942848463,300.1231539986008,16:17:00,-1
27372466.51675558,135.18202473247666,16:05:50,-1
27642085.627747115,291.23855239428826,15:42:58,-1
21493027.89957973,119.73853257967896,16:04:35,-1
71758957.52238458,168.93502030397588,16:19:14,-1
5300570.832530678,314.932075335981,16:11:04,-1
8066558.18951698,109.45904251997796,15:51:41,-1
9403289.374343837,232.92689314705376,15:58:54,-1
58598370.23131127,225.23222519498103,16:23:04,-1
5839490.822122793,87.81693977120797,15:52:46,-1
9177930.572434116,154.3275239092536,15:48:33,-1
23239827.262201644,290.8000748694121,15:29:52,-1
56632041.89713003,227.50146944538545,16:13:52,-1
33303748.70028289,136.832864739018,15:50:53,-1
82600903.48335868,110.48108797207594,15:57:34,-1
78716632.6579887,115.7315090043881,16:12:51,-1
88026655.33416386,351.7716267756587,15:41:03,-1
73785709.18214215,269.655698637656,15:33:26,-1
23071771.84335505,225.24698904514787,15:53:41,-1
48958911.27590146,289.9722989038867,16:04:19,-1
5068286.871382979,199.5809539028032,15:58:58,-1
75936913.2710071,89.37193794036634,15:27:36,-1
66563565.23748746,318.40176629534534,15:26:45,-1
832156.3258935056,208.9774060192833,16:08:36,-1
1887330.1667100524,165.7498370146177,15:42:28,-1
32476918.83709132,125.81569305647474,16:25:18,-1
70667620.37353128,340.2556416357519,15:26:48,-1
3797074.194294699,232.73923288658924,15:35:46,-1
18031423.23273763,318.5490329502332,16:13:54,-1
47282013.04240719,154.9849687922535,15:41:18,-1
25236748.366047457,178.75317103970156,16:19:28,-1
88154608.20537952,69.99330019099321,16:18:00,-1
73942991.08048937,46.52770983984431,15:35:48,-1
87467543.5220157,178.38638144694892,15:56:03,-1
86201517.4019454,289.1688427895951,15:48:22,-1
37911998.44007728,16.080720759941478,16:07:47,-1
79761481.42497644,282.4749061250812,15:57:22,-1
68563801.69732168,131.49378233977592,16:15:09,-1
33362761.08450186,223.27283641717344,15:44:13,-1
2312761.0729615283,243.01317280462143,16:08:25,-1
7280035.294139413,158.12992704804324,16:21:54,-1
83169728.6860901,161.29107559081527,15:52:25,-1
23964920.751255102,235.95393792186235,15:39:12,-1
29230295.059437927,207.6323904188128,15:36:09,-1
64774518.14730678,275.2378780437824,15:45:34,-1
69146373.98521659,356.60600942009023,15:40:04,-1
62676441.79768326,11.187192312749712,16:06:49,-1
55791070.82342143,120.17650352712512,15:28:34,-1
43056265.946782805,326.98971626587166,15:53:39,-1
24258000.41649443,238.84414915426171,16:00:24,-1
41777979.99991304,283.2012974004168,15:28:05,-1
50164371.94840431,5.514412231641654,15:44:21,-1
55697485.35964965,281.42600888363194,15:48:36,-1
40273639.18217218,30.816574836926023,15:31:14,-1
59433344.55121645,336.5686490247022,16:12:36,-1
61103975.055971846,238.06438571063703,15:51:54,-1
17584329.41486998,174.1681942257723,16:04:49,-1
4509887.78939605,278.0326380242134,15:25:46,-1
70443511.1370903,122.16491442033214,15:28:09,-1
47093597.20802187,196.46735267939397,15:57:48,-1
74873220.32897604,309.44289306100967,15:28:32,-1
45132398.97626406,291.9025626514149,15:39:52,-1
58673590.01908233,160.11836076451806,16:00:28,-1
10738267.28981512,247.27582157502877,15:28:05,-1
10027909.747167371,310.2472985916899,15:26:32,-1
15829764.58893005,349.13885542671005,15:39:44,-1
69606456.00791274,260.7554801500135,15:46:30,-1
30657222.99182636,329.9959279846468,16:14:23,-1
18973728.96078425,137.14140738396253,15:29:39,-1
1845076.552608028,127.99333774049444,15:59:50,-1
70835471.55884781,36.1811119755429,16:00:26,-1
80099641.88662624,183.57127670804485,16:20:02,-1
74220026.47083114,90.9685799417224,16:23:26,-1
36933748.68786958,239.9738089505884,16:23:05,-1
67578531.43331693,316.391499885948,15:29:01,-1
57856122.91545013,30.56156166874149,15:37:09,-1
49038746.89118741,118.92835753361446,15:39:58,-1
19167817.00159968,117.2624423502136,16:11:12,-1
62774924.04399085,315.9829379821736,16:19:47,-1
16772955.53680785,120.11736728606064,16:12:20,-1
66822447.35978312,175.5965832634964,15:50:59,-1
67908237.95474203,192.29972012417653,16:25:08,-1
6604615.571012311,261.3708319898508,16:11:55,-1
16399876.209156867,217.3820623900688,15:29:23,-1
85711.93961092344,189.4946662358894,15:25:36,-1
22289436.171426974,128.012662583352,15:51:10,-1
23910227.0084581,309.6994666699623,15:29:27,-1
57359184.51194718,185.87839633222532,15:58:04,-1
22235394.254381444,176.68663568847134,15:46:50,-1
89368145.75032158,190.44384045882575,15:27:48,-1
47470972.11202465,257.6996651314221,15:56:28,-1
37931247.74965964,215.2945898316568,15:48:32,-1
89805701.95295078,317.7057654752571,16:12:41,-1
36316115.27459069,212.09120696341964,15:55:25,-1
23535258.20797341,41.46458974189198,15:39:03,-1
83908565.64806286,268.7533324042329,15:28:12,-1
46805903.13265295,208.1521868729316,16:22:39,-1
74299684.09291397,175.55077460190046,15:53:36,-1
52358800.12585528,49.39923826335105,15:40:24,-1
37627159.95908463,319.788038116891,16:16:33,-1
8158321.369637281,206.8047565620141,15:34:09,-1
80426139.86304231,10.604188304023898,16:17:32,-1
41602139.1641198,350.6224742200506,15:33:15,-1
34877458.90786732,299.6369760855927,15:31:56,-1
57838848.69393174,77.3279941341039,16:02:36,-1
24662162.96618009,14.997001127282914,16:20:49,-1
14914488.716675756,136.34392121759458,16:25:07,-1
21693126.026808344,224.1854156673102,15:59:47,-1
47476730.98322009,61.94462560682148,16:06:18,-1
48266970.14185427,93.4189221729594,16:13:03,-1
32881494.906192116,251.40318510175564,15:38:37,-1
31880539.26928872,230.4036191808956,16:18:07,-1
43278152.8237722,290.5664412449513,16:03:58,-1
18142378.87211341,352.2913061414193,15:44:29,-1
37346788.604926206,252.785812352626,15:25:38,-1
31090726.980777983,309.13561748681724,16:02:09,-1
859923.4992789603,82.36703976407547,16:24:21,-1
60632594.57099234,300.2356044331969,15:26:04,-1
69708148.95420797,121.7200408299657,15:47:29,-1
12959480.84469202,212.74215690194188,15:53:26,-1
53193429.85412825,41.67419364986782,15:53:47,-1
36219167.6152787,164.48056928964155,16:23:33,-1
19491085.859541494,234.32327647042703,15:41:41,-1
56656609.51275613,340.9262149855271,15:26:44,-1
75166500.6915956,280.699396594608,15:55:10,-1
72011259.62941861,284.7566915711671,15:43:23,-1
78942977.13875939,99.72162996501196,15:57:19,-1
37612793.2612026,104.39993123220076,15:58:05,-1
11093503.086530348,324.5649512751208,16:21:42,-1
1292960.2476074111,353.7573832704332,16:15:52,-1
12893328.783894824,76.21198777744891,15:47:31,-1
76154170.87014887,323.00718770921685,15:58:15,-1
87938688.31114735,165.02082425078038,16:16:41,-1
30326962.057307664,227.64296402971516,15:33:02,-1
16057147.276637755,213.18511512037637,16:10:53,-1
64991968.484001294,88.3241981743501,16:15:55,-1
27560365.72724563,158.27998236284077,16:19:20,-1
73919173.1319357,308.1351484941282,16:03:55,-1
58359977.70285638,221.08529908446584,16:14:34,-1
61475356.65335738,311.0364706330761,16:18:12,-1
79953670.22021243,224.44099891079364,15:36:08,-1
30093884.18058803,245.51633038526356,15:35:06,-1
30388700.15641205,139.21999847194058,16:06:29,-1
3885910.261053424,22.50942274029427,15:44:02,-1
1248185.6791889614,259.12855952655264,15:49:17,-1
58361845.24210666,165.473322325403,16:08:37,-1
36467006.43690315,24.72751979058202,16:23:00,-1
35099002.81289419,304.5472833614912,16:15:13,-1
31110131.38396313,281.93789949090024,15:33:04,-1
22901446.73538788,128.64193659368627,15:31:14,-1
13508395.352739634,242.06271337571675,15:45:15,-1
76225612.71175149,348.3390833008021,15:37:24,-1
85058997.77945495,316.83650373666285,15:51:12,-1
58745620.11145052,154.6952592469582,15:30:49,-1
65895716.82029931,38.0293518560468,16:21:32,-1
66128902.98990365,110.98558097358872,16:02:58,-1
68334061.23921043,184.11987176404315,16:09:19,-1
26719249.73420351,56.00044443109505,15:25:40,-1
21265201.47480121,0.7173734536162923,16:07:07,-1
21441594.35525272,236.853117624436,15:27:53,-1
88423524.80024509,210.48542931850676,15:48:21,-1
69601579.64939003,190.70604554383263,16:05:12,-1
89903275.59401116,327.2579612497105,15:47:38,-1
3177589.674921955,250.3683005551114,15:38:05,-1
66987247.50371981,321.10384463142617,15:35:20,-1
69452441.02941304,27.21347440990474,16:02:10,-1
45606059.04787826,55.540063794212976,15:32:14,-1
39599344.66615927,74.9553481732918,16:05:44,-1
62840326.55174833,150.54396251581835,16:23:01,-1
49574166.99765609,261.01213829052,15:37:59,-1
30748925.29016534,221.16098143329052,15:57:05,-1
6479454.522899846,16.116039875817513,16:14:33,-1
5800447.644346544,206.95644374591288,15:34:59,-1
64320760.29426187,10.010641815064565,16:09:46,-1
61445381.65758088,274.66020880773306,15:29:13,-1
3724438.613584832,140.57961268587937,15:55:34,-1
12352706.242160942,86.37335963302094,15:35:24,-1
42215825.30433571,307.3558289806154,16:23:44,-1
48142776.76270172,113.73562016056216,15:44:55,-1
1083728.2205139722,74.2377174467899,15:41:09,-1
79704400.83787742,139.3444201014553,16:25:06,-1
63677072.7112554,290.756417015683,15:57:10,-1
43261273.87866624,209.1454348088396,16:18:52,-1
36426971.79265429,236.948117225981,15:38:21,-1
60047371.763823554,174.20954049181358,16:09:15,-1
54027045.08017628,233.0705446026686,15:56:37,-1
70639788.74551797,9.31021980070236,16:19:39,-1
56144680.56213533,166.99216132237376,15:50:38,-1
60398335.52548086,278.6461801325891,15:48:22,-1
48025970.16078267,194.08163024634743,15:28:50,-1
32539583.75267781,220.24915626450493,15:46:24,-1
44086498.01339264,209.9250418179696,15:31:23,-1
64034819.850641966,344.997361855223,15:51:13,-1
45451870.63673266,198.2658553502056,16:12:28,-1
51726491.00544176,294.79118701939257,15:41:03,-1
73778103.50465563,142.44962451339384,16:23:49,-1
59340165.0308723,73.98604617209304,15:26:26,-1
42622333.13342893,329.09451865876105,16:17:16,-1
51512722.2695204,113.78623401394144,15:33:36,-1
79400444.04039654,315.0978842826055,15:27:50,-1
73163871.7980988,296.37731331486685,15:36:52,-1
40011576.53013019,354.2861345825668,16:14:43,-1
7620049.884439069,60.7585967459188,15:50:04,-1
69773283.86121343,81.25836039821975,15:46:43,-1
61831763.74060145,189.2810794406649,16:24:21,-1
44644960.47936374,348.9853110380118,16:05:47,-1
13052779.83967027,199.58529905376048,16:22:00,-1
78829398.79030351,330.0170466492715,16:07:34,-1
33060587.86045424,38.66588232216168,15:49:10,-1
14778114.379046274,0.6036738644119843,16:05:18,-1
11936363.953367332,321.3059439067241,15:54:31,-1
18542232.96170408,3.025332323173413,15:25:53,-1
70550656.83951506,239.98960018711728,15:27:03,-1
42969624.6479947,152.29538875135086,15:26:26,-1
60248492.263702765,316.22971502872605,15:52:14,-1
14132216.5743653,308.3182178981255,16:03:58,-1
15609198.826377172,147.34809363694367,16:03:21,-1
55343095.413474746,254.40557408628283,16:02:00,-1
47151612.386846095,64.9131877315027,15:31:33,-1
73705202.40803558,227.627280463192,15:45:15,-1
12755295.092792489,235.4275319368317,16:00:04,-1
25939094.066866808,23.01044746520911,16:22:10,-1
5161227.636816965,352.87569388900965,15:54:40,-1
57352368.43420807,254.48656932321745,15:56:30,-1
67300098.46616738,260.97072418912256,15:26:20,-1
52059924.86642518,243.2161830032573,16:10:18,-1
36351696.23846645,53.7500640043683,15:51:32,-1
21157853.767886635,57.65505143165195,15:33:21,-1
85714960.01146303,229.4184554658816,15:28:21,-1
46369085.71319757,29.587185900420124,15:37:14,-1
78755485.5823434,184.1750562637067,15:34:41,-1
43513528.522239,197.94234326454745,16:17:51,-1
32050509.36058276,11.949540212974616,16:21:02,-1
33274256.15384173,45.99306807067557,16:12:55,-1
41737376.75834069,78.12883764166051,16:11:19,-1
48715093.31904302,247.2533679663053,15:41:52,-1
24643850.04005419,202.95471593507875,15:56:36,-1
59278666.911626376,355.76650955898674,16:20:09,-1
72525768.99000333,1.6337267493657937,15:42:13,-1
82094413.39977166,353.34506627721584,15:35:20,-1
18429691.151005283,89.59772143414934,15:45:29,-1
70737395.64451943,312.0346535365565,15:43:22,-1
83163546.64556237,287.2181695473945,15:40:32,-1
41143672.02808442,187.4336352876452,15:59:48,-1
35813786.53997523,172.17174176941268,15:57:24,-1
24542210.922066264,133.3344097938626,16:07:01,-1
50869591.40705687,48.07733503373581,16:25:29,-1
56080923.38897415,84.09515730785347,15:48:09,-1
35107294.075647265,292.46000617971845,15:31:48,-1
19001785.19437818,343.4943559946295,15:57:39,-1
53995836.85688369,194.6229652915815,16:04:01,-1
59732491.01304731,31.48879034010213,15:26:37,-1
3563568.026604658,109.32560027436443,16:23:48,-1
62161513.60885036,343.13690847574514,16:04:55,-1
74679410.1059816,338.5277655503804,16:21:57,-1
64558333.28699803,14.961541777205747,16:22:37,-1
38664146.08076712,45.2757712179224,15:41:12,-1
43265158.98524037,322.72767743569466,15:52:39,-1
55817210.53672062,177.29031621395788,15:30:03,-1
27149080.88392329,20.361544993151504,16:22:43,-1
47018827.899616726,155.5110801329782,15:47:15,-1
36076916.14022621,61.25246475996083,15:34:29,-1
74312731.09868665,4.5956511277925305,15:27:46,-1
87535999.19227073,334.3066702911976,15:41:48,-1
26284185.906039957,311.3630352736096,16:06:03,-1
23852369.18143396,212.66799066765157,16:25:03,-1
87162402.80259469,201.8817692449301,15:30:26,-1
58685581.80219751,318.5070431010373,15:58:08,-1
74389908.00230536,313.5142335898608,15:46:57,-1
33162286.25324015,123.32102018115488,15:29:55,-1
31573003.832625195,232.69371313268115,15:31:11,-1
69300543.83892551,318.47756382856454,16:23:26,-1
72739021.06067972,72.43624707005694,16:21:27,-1
3988886.282644987,279.6283579280886,15:46:40,-1
64068197.99875823,343.8724890844882,16:16:43,-1
34107158.968360946,10.64049245862144,15:31:15,-1
68450280.32154147,39.08893644438184,15:32:20,-1
46341030.78610476,297.3455940620002,16:00:32,-1
27986979.344849195,333.3504228736916,15:44:58,-1
88911719.56087652,258.03022637291434,16:20:01,-1
27742876.79549178,109.81327828625642,15:39:37,-1
21832303.602591027,85.99639057810109,16:12:05,-1
70109492.77681942,96.55508041343928,16:14:54,-1
32476397.783952367,323.1002966425771,16:11:05,-1
13552968.159238884,69.42910794679815,16:01:20,-1
44024770.37770539,241.7697622445941,15:35:49,-1
69049083.0856541,285.9632811675467,16:07:56,-1
41284382.27764795,302.79494443202765,16:09:30,-1
81393299.81977336,271.3778569817036,16:16:59,-1
18754851.105887067,247.0273005810126,15:51:17,-1
49777428.50675104,164.4160127028554,16:13:53,-1
87839289.22028773,282.90353047998593,15:50:15,-1
83682669.89847392,115.6484570621544,16:12:53,-1
87917010.093084,1.5975252845314225,15:49:39,-1
285992.78991957114,68.82262510725319,16:13:34,-1
24248761.496448897,116.8227272843944,15:43:41,-1
74134565.82437305,34.093767030320386,15:54:05,-1
79085494.28890128,315.57592698468017,15:44:52,-1
67038903.79517483,266.8501347260603,16:21:48,-1
44519998.35110372,126.00486161230552,15:39:04,-1
74918117.90001445,176.9552949329928,16:01:05,-1
23653980.481470767,267.90007744823606,16:15:42,-1
80146027.51661986,182.93767876837177,16:05:20,-1
51350400.30297893,49.70534960619485,15:50:39,-1
83265982.08571462,52.81369760610814,15:48:29,-1
18745381.1714184,148.05461831932837,15:26:39,-1
76285143.59932117,134.52090662378515,15:25:40,-1
48103222.68033209,223.50065605224205,16:25:01,-1
16966607.920866694,68.44156126024309,15:52:53,-1
78591561.89765362,7.215224765366064,16:04:16,-1
3559741.251365391,145.3098620802462,15:46:17,-1
81436998.94014697,144.37992439041008,15:28:24,-1
54923067.49550828,137.9704129748342,16:19:15,-1
29816773.95513591,266.6854969194819,15:48:18,-1
36541720.52020894,201.82174022690904,15:46:20,-1
45074131.1459625,32.97940350284744,15:34:50,-1
66370197.30876783,219.35262239590355,16:02:16,-1
79784007.78101698,240.0751650431363,16:11:16,-1
21592169.451458152,171.55440099041206,16:17:46,-1
43734292.02950772,192.86335850811668,16:00:14,-1
13928814.250495832,358.1806568903292,16:19:25,-1
78444590.12753184,3.102251842286523,16:04:43,-1
17843734.44867693,135.7227998912782,16:24:24,-1
19790580.940863483,42.05201612494477,15:53:06,-1
54277485.99355419,124.49512898181656,16:23:02,-1
84142169.58914237,292.0596001250675,15:56:51,-1
13398812.433625964,15.757431848722412,15:34:16,-1
23788352.667720538,196.15350322366317,15:32:24,-1
45193650.37776502,146.9939028337714,16:09:09,-1
64011920.14304905,50.45251474112075,15:54:35,-1
7524109.657130351,325.52571083467507,16:00:28,-1
17890228.19410851,237.80499087816423,15:36:51,-1
38895072.245418645,112.04217251459552,15:59:10,-1
82051087.51893185,165.284786055557,15:33:55,-1
30773485.17016988,266.88784988939005,16:01:16,-1
79498879.55292475,166.21349176856145,15:53:38,-1
70161134.54888582,265.79515589843567,15:49:07,-1
72764466.92031713,33.618854858937894,15:33:53,-1
21984987.98802872,63.84547665608912,15:42:26,-1
22920165.560681637,280.20056629941166,16:14:06,-1
25269016.52030256,161.20109578287037,16:07:36,-1
40224246.48059653,9.510833071153094,15:45:07,-1
44974750.07289836,60.543838277136814,15:36:37,-1
33655470.60922516,161.93301980954263,16:03:10,-1
45507300.0203205,178.5022829179734,15:49:43,-1
58917038.4958891,22.487143678784182,16:23:16,-1
18261582.16839194,196.02080459229597,16:08:26,-1
88376822.04046577,329.86335083728073,15:44:53,-1
38532636.67536477,135.78774628781431,15:37:12,-1
40084086.91991596,36.05587284957257,15:44:23,-1
89845239.45087932,352.21207715765894,16:18:50,-1
79538642.41177197,125.48161319059216,15:51:27,-1
86492536.85288326,330.8422759270725,16:23:57,-1
30326370.227112435,24.546903205399285,15:58:06,-1
30260832.400721613,336.5138724916494,15:53:08,-1
16056258.97625984,276.4892393037897,15:44:15,-1
70434442.47779225,150.41008231050589,16:01:29,-1
5117310.6077021165,133.74986441421683,15:25:49,-1
12783099.30804856,23.918478625993256,16:04:03,-1
41129673.90692275,296.6097010338943,16:01:51,-1
3682033.8778654174,108.82880580198336,15:49:11,-1
29727920.0855161,309.90057424214945,16:01:21,-1
79196101.05349094,212.78637530969263,15:28:08,-1
19057507.20300769,284.8602987360354,15:28:47,-1
31078417.98427256,331.0574565672846,15:41:10,-1
48017615.901804514,187.2593610773745,16:16:52,-1
5897570.862485291,332.3268220454406,15:30:34,-1
72848271.14610977,148.60026224755603,16:07:09,-1
54469163.959901154,90.52647160112788,15:27:42,-1
13942285.74190353,122.52114602583072,16:22:40,-1
89285752.1669536,111.69377245536408,16:02:15,-1
30416592.992515866,253.0180451872295,15:54:50,-1
47616710.3016518,259.28570337909287,15:51:19,-1
46538856.04328796,338.1372243427281,15:51:30,-1
35253563.98167642,202.22819418246965,15:26:40,-1
49886667.03812883,125.90318502883125,16:21:23,-1
39298552.69196519,226.38949337492303,16:25:09,-1
80084561.76739667,232.69951259712911,16:01:48,-1
28428495.879160862,8.17034610965682,15:52:41,-1
71676195.0351878,73.53225524047375,16:22:54,-1
77762341.3678437,248.1192185659776,15:40:58,-1
72477731.19351761,194.30360470692227,16:01:14,-1
88595429.51319893,54.18365309606016,16:04:56,-1
26929255.704933483,94.14430745210026,15:36:57,-1
14239822.155472437,329.4658745344115,15:52:32,-1
41364162.05007693,176.90343171070808,16:06:20,-1
10779295.605787689,40.46916957531265,16:03:44,-1
74037561.0985127,331.2902150185488,15:55:48,-1
59349452.67572106,17.789076169693587,16:17:41,-1
50887910.95566125,324.8981724985837,16:02:09,-1
45637888.02787763,227.3896809034687,15:44:35,-1
21048017.63272439,336.30659769631484,16:12:35,-1
63756544.532115445,155.584973627819,16:17:37,-1
70491746.82423191,292.1551827627976,15:54:59,-1
79375193.48777288,263.3732867846515,16:03:51,-1
66786626.89154839,268.8312221571978,16:21:19,-1
28960045.73416289,353.2860870661816,15:45:10,-1
71298301.67114519,95.34255950693505,15:45:01,-1
59324314.25907006,309.3849939531051,16:19:27,-1
6047205.788479539,30.148082022479716,16:11:01,-1
86361998.61908993,115.34627951307476,16:12:52,-1
40998815.28056997,277.6368985837922,15:32:14,-1
33973260.13364677,314.3930970625904,15:43:40,-1
83239280.67926326,61.63362935844054,16:00:06,-1
41053550.469768,315.9265843136376,16:14:47,-1
9493176.90184654,152.770663011864,15:39:57,-1
81500917.38993336,277.2647865210878,16:03:49,-1
67032000.432826586,327.9449730340099,15:56:12,-1
66359765.71587626,2.582648604381612,16:19:24,-1
76337733.87949525,179.7697482266719,15:39:46,-1
63504068.88563274,237.2638637193599,15:53:10,-1
61430652.73269185,162.35643139786723,15:56:59,-1
56644415.38720693,246.4448148638191,15:58:53,-1
23714818.512632865,359.57561854833205,15:35:19,-1
75583665.9295289,325.30310500873605,15:41:01,-1
78635809.66717508,115.7707036166368,16:04:24,-1
83744826.81650423,283.3526621520018,15:50:44,-1
52218260.79243693,255.41375999277608,15:45:01,-1
43630557.39655158,307.7597068391083,16:04:38,-1
1063501.1096024695,131.0091248058757,16:11:32,-1
31404985.818509515,135.07327200586764,15:51:38,-1
20931430.297834247,273.04313637909,15:31:11,-1
5399664.448876602,108.71980473244756,15:25:45,-1
42650702.39560689,91.8971072696898,16:08:08,-1
12810086.612763483,105.32011442807266,15:43:47,-1
86498787.79439576,35.87288038469058,16:01:01,-1
40077079.41845715,327.8106306449672,15:48:21,-1
16230783.182528203,136.56725145552943,16:00:43,-1
8012139.981127058,201.91560281099683,16:14:53,-1
87423318.05105376,240.4195251322001,15:54:49,-1
86096354.11458176,295.301764306694,16:24:50,-1
38869977.15969516,213.70170234790837,15:30:38,-1
69908376.2414479,162.617500359967,15:42:04,-1
34973116.97575978,338.4004481706948,15:31:07,-1
57731406.468137056,331.6712147273241,16:12:11,-1
75497469.31340572,70.90116796448106,15:32:40,-1
100899.8490143796,58.61402260973559,16:15:44,-1
65827905.20234089,226.4859966354467,16:25:17,-1
42375818.12999723,112.87862576061283,16:14:30,-1
23687986.65365796,53.97973241075188,15:25:35,-1
27961005.15407228,340.85373569201505,15:42:50,-1
83765851.4773979,28.277540494049436,15:35:47,-1
80186640.30029003,168.95664484483572,15:50:39,-1
45142425.684280366,61.65415711395108,16:15:22,-1
18801924.922198128,47.6634439047798,15:40:46,-1
85769893.27428411,78.31106507940986,15:33:25,-1
11775192.10215205,331.252606140746,15:54:23,-1
68025183.41607006,194.9936575875009,16:19:27,-1
81814678.00796217,189.82767216667224,16:12:58,-1
1303919.2106898555,307.75766118752045,15:33:37,-1
66551164.29692018,14.896186158497802,16:05:38,-1
7992552.415146448,193.83088321056076,15:52:56,-1
42397207.03295555,236.35738159340227,16:09:04,-1
20361337.17881487,310.2204864036565,16:12:41,-1
8932704.647573702,333.75128401347314,15:29:45,-1
18588134.209877383,14.78771539026166,16:22:59,-1
52716619.2033128,149.72715571198754,15:47:39,-1
46413383.77470087,54.59218399724293,16:07:33,-1
2789858.9005834213,80.86156880096564,15:40:48,-1
51325060.88868698,145.6552862377199,15:47:08,-1
69377559.38725248,196.59524361988065,16:22:47,-1
76284116.07937686,321.2122938514111,16:22:24,-1
42491953.90139436,188.575402047254,15:40:31,-1
68920888.5317236,129.1635582880183,16:15:01,-1
80746572.80457398,277.1760391814894,15:37:09,-1
74301978.09745106,266.1365608343569,16:19:59,-1
26798865.364398964,344.0410010165248,16:21:48,-1
64777547.48119316,30.6851203466117,15:47:01,-1
60721065.998046935,335.1190673386711,16:10:21,-1
61775815.32271447,257.75002522537454,15:58:12,-1
31029061.94837529,52.14852647890866,16:10:48,-1
70820387.63802817,356.09728155148423,16:21:56,-1
41448037.40160584,41.238255803604034,15:46:50,-1
61241116.12968489,357.7171212509579,16:11:16,-1
51849411.76428885,77.24335617412983,16:09:50,-1
38881460.004373066,135.94107725667558,15:34:25,-1
62854036.99934046,283.3425894673141,15:44:23,-1
63734722.74171225,173.01060809475075,16:10:09,-1
6879573.050162236,174.16114189339262,15:29:47,-1
75136846.25339568,291.958704676134,15:51:13,-1
53880451.49404745,26.36411282827873,15:29:09,-1
72750916.4667867,224.58079189322635,16:07:16,-1
80717599.55112587,239.82182012157665,15:59:51,-1
15325237.877901107,63.672901827026834,15:50:11,-1
21717616.0256646,2.4984261220861947,16:02:01,-1
19710959.869986832,103.51993947673388,16:18:13,-1
50554846.15671438,290.6662824711477,15:52:59,-1
68354550.38674362,349.63170409849914,15:43:50,-1
29587892.371377368,245.56142180129572,15:56:22,-1
22157759.575662367,89.03662700224456,15:25:32,-1
24593157.98920277,131.96679632773953,16:13:56,-1
79958392.5286882,1.257862244536052,15:54:20,-1
54097834.58322205,312.38172330134694,15:29:41,-1
13913010.030929957,160.2873514973183,15:28:21,-1
36046930.80472553,21.0582621675146,15:59:17,-1
85994249.11146882,215.9634566813342,15:43:16,-1
3193901.8453107374,208.54625464007577,15:29:50,-1
64863746.81943239,340.9467596151065,16:06:46,-1
20819791.27776164,130.8795490839413,15:28:32,-1
38512325.47442692,197.7437472685988,16:00:41,-1
68490537.26649223,256.47966756189646,15:44:31,-1
38110233.51854254,32.911837818090405,15:26:22,-1
57521852.12154322,218.51501392476223,15:33:37,-1
6939143.3157155,342.0588614983204,15:38:48,-1
70950717.27276927,69.25182716425833,15:28:38,-1
60295256.0179111,97.6531215758128,16:10:34,-1
21819018.915528238,163.27084245178764,15:45:55,-1
59506359.99562423,245.69979453483285,16:09:29,-1
37241575.44062448,100.49743093127232,15:31:10,-1
75141398.59843396,146.3831636173332,16:18:15,-1
19032085.526442744,43.49349573898351,15:49:44,-1
12029376.64605801,74.2160180354435,16:21:34,-1
14656830.310982255,256.0542020260938,15:54:38,-1
74222811.99198484,189.8425387481504,15:34:16,-1
74445388.2835768,294.81128618085563,15:56:06,-1
8995622.86130282,94.11345771495417,16:22:23,-1
41552210.543852486,290.04742748813305,15:50:52,-1
88922840.44113359,353.6488808838402,16:20:55,-1
47390659.1900544,332.8443445006468,15:38:10,-1
84577667.05190338,126.95010542258537,16:20:57,-1
48340594.67049935,309.3704802763923,16:20:32,-1
22635141.43076169,113.87622658536006,16:22:04,-1
23634331.91509272,38.15921264512893,16:24:30,-1
85910264.3996845,17.63626600563287,15:33:20,-1
81882774.2864143,232.93198645561745,15:37:44,-1
19365073.556146625,147.17204064948075,16:19:50,-1
49708093.92768368,129.01876619348064,15:42:01,-1
23873435.989909377,347.92096189411046,15:55:43,-1
18135693.700336363,56.0282170008452,16:06:00,-1
64215940.97943895,16.292128753307434,15:50:35,-1
24913300.360266548,108.0502829468411,16:06:24,-1
81454219.8268862,268.8649285189841,16:07:11,-1
22145747.25933868,99.08813845156789,15:42:11,-1
51016569.60701739,38.0123607444441,16:02:26,-1
57108250.32487764,309.8168102055801,15:39:56,-1
17355679.952198084,126.96095741167464,15:48:39,-1
33122685.84201341,141.0503624807697,15:32:21,-1
5712814.176458742,243.2315105662596,15:38:31,-1
16871880.08123316,157.576771443949,16:12:00,-1
60119512.13642924,57.7968602897706,15:37:52,-1
3177856.561208657,100.0284305063796,15:46:55,-1
84787901.37982994,109.46000688478222,16:08:07,-1
68891972.19130348,98.49902345829892,16:16:25,-1
64310098.8909563,146.91952453576482,16:00:53,-1
66002392.10103601,130.26770829544446,15:34:31,-1
41575087.48456021,59.9902745089116,15:49:24,-1
84135186.14279236,121.78302053609733,15:51:17,-1
67215596.84300454,164.58171741178208,16:08:37,-1
59902951.3083572,310.74540961710846,15:26:35,-1
25593385.04475261,8.221707601141222,15:44:14,-1
29600996.88358148,316.2302294927935,16:21:02,-1
37151080.667075045,208.9504048419388,16:20:10,-1
81147691.89966364,106.84711148234771,15:36:54,-1
46209233.714867055,293.17699988408015,15:25:56,-1
11738638.237444934,29.59445673669933,15:37:23,-1
78189130.79290484,39.01214744475511,16:22:16,-1
55447328.391596764,74.02493531608967,16:05:44,-1
40436478.35238695,272.3478291086756,16:25:15,-1
37087580.90643352,290.4745621534672,15:32:52,-1
30521815.1376694,60.3987293797376,15:54:59,-1
25415359.63096701,165.84505689266922,15:27:11,-1
33900499.57945456,152.52430959039413,15:54:36,-1
4137058.298296288,254.5381120422352,15:58:32,-1
63760341.17309541,83.92357847023219,15:55:47,-1
54424299.78613556,311.94519118916367,16:05:04,-1
21482861.415110584,192.89731042324223,15:45:51,-1
56618015.41210211,66.04481571222817,16:05:07,-1
1242435.3002939925,319.1615376943065,15:28:57,-1
66364542.44252228,259.58892373160364,15:44:24,-1
71071152.7676269,343.548256493703,15:43:27,-1
4948527.319797087,109.01364199978934,15:50:22,-1
7139828.182698631,5.412464883538588,15:52:00,-1
40334651.49347326,304.9276449520348,15:57:40,-1
67805027.92462242,24.09013503953558,15:29:28,-1
47139934.12022416,203.31437850812557,15:47:13,-1
16139867.81312199,268.3129631167997,15:43:57,-1
59140802.879281774,303.2006278616159,16:19:53,-1
27974542.774361663,61.49451250015985,15:29:16,-1
70312749.0702843,153.82341965884356,16:01:16,-1
64727137.29454348,195.01062082117656,15:55:07,-1
80689743.5757892,180.87187498199447,16:08:17,-1
43269203.31046936,92.49614068377517,15:56:23,-1
85016756.61057477,130.28521664689546,16:15:38,-1
35349547.432478234,311.60811291351257,16:08:55,-1
50165872.46479261,359.77695653288833,15:38:27,-1
22300935.625037026,178.0433786773456,15:37:11,-1
39629601.21288217,356.5749160362575,15:28:04,-1
7501773.547854294,219.99483177258907,16:23:28,-1
1281120.377820501,292.3878610413167,15:57:39,-1
80134459.0574913,235.71765009484773,15:29:56,-1
49016825.68777741,48.079003547991086,16:17:39,-1
70567202.50270876,208.46898892490756,16:09:46,-1
36354006.64982875,8.853051157926458,15:43:42,-1
34757604.34542641,176.65595210000822,16:22:37,-1
56190915.004698165,19.98718985459749,15:43:44,-1
56787400.30814598,283.397023887892,15:51:33,-1
29007009.497648846,298.47217721309653,16:05:58,-1
78171247.19939683,31.495197788308506,15:50:25,-1
63557019.99980848,143.72350464870962,15:37:07,-1
61684829.72748674,6.108237392641751,16:07:57,-1
68504084.97763692,176.30427774424678,15:27:19,-1
88159446.06962888,170.01954120214262,15:30:04,-1
29088064.512495734,12.508352734287469,15:27:53,-1
63319706.79174494,114.81611511572322,15:26:26,-1
28121253.83584042,159.0564484462228,16:08:26,-1
84785219.46361937,58.14069962919657,15:35:05,-1
87387566.91590464,65.96776259799103,15:50:54,-1
24567374.644815803,303.2092126439244,15:56:21,-1
78359101.92653055,27.58861899712408,16:17:01,-1
24694706.675711084,124.48551942434484,15:27:26,-1
62238936.40538731,349.8813684070325,15:47:58,-1
51828177.93972454,245.5948059399276,15:28:53,-1
24421372.12582333,185.43392674973825,15:51:59,-1
21944903.51866936,46.53988045806291,16:21:52,-1
87579183.30534804,242.01102979861503,16:19:08,-1
63792901.341618605,310.6323871321095,16:07:32,-1
31619403.061151445,18.648505613469,15:52:44,-1
13047410.647491526,51.32391128596906,15:29:35,-1
33154827.86333978,109.73613914389747,16:06:45,-1
6411548.2671261495,210.9599186191156,15:50:41,-1
74634987.50791357,13.82833767008,15:59:16,-1
16811639.9868105,8.081842660969386,15:36:49,-1
25018045.697755467,63.916022518185535,15:33:59,-1
24304076.89190896,47.60382261072596,16:10:20,-1
57851401.82013696,267.3416464691888,15:39:35,-1
44719999.83406609,167.37497982408826,16:24:39,-1
75566872.12090926,132.54403766572875,15:38:18,-1
4092399.100144395,24.084144129994883,15:39:53,-1
22241670.74033939,157.70882685954723,15:59:25,-1
68899073.68332317,118.88496229351011,16:18:22,-1
75069020.97849038,44.80427973460464,16:17:45,-1
24718524.968689803,304.8492367451033,15:33:11,-1
72330239.69700924,114.83420566017816,16:02:43,-1
20240977.7606396,175.55236996859912,15:47:20,-1
89722388.59219366,346.32368248725464,16:10:47,-1
44481999.11150005,169.22084502286148,16:11:32,-1
12042883.790714554,82.614680835047,16:24:53,-1
49879471.3885519,164.4021915019438,15:39:01,-1
58642573.2237911,59.864625670469486,16:22:16,-1
41745043.3528254,330.21789029071493,15:32:33,-1
44398484.13332114,197.456518581868,16:12:07,-1
51592518.08192416,345.4447464243591,16:20:46,-1
65675607.07662425,85.86240692447498,16:23:29,-1
64429076.88208188,312.7726591691082,15:31:33,-1
18264202.408783477,106.75280909894488,16:01:27,-1
74428089.09960444,110.55162580757168,16:05:18,-1
60298256.43354236,173.45794083666897,15:53:14,-1
74500087.67671226,195.22467174164856,15:27:31,-1
22805140.51790244,253.39971990048403,15:29:12,-1
24189234.759219427,217.9887255404365,15:34:45,-1
35424473.50734748,129.49991462450475,16:12:47,-1
39390687.12510345,161.50555229777532,15:59:55,-1
66701598.45513695,245.6846316271986,16:11:03,-1
82237543.04475252,224.1642947377428,16:24:46,-1
54710441.48301193,55.803900738485225,16:23:12,-1
73159199.85563277,168.9642442437235,15:38:22,-1
49968165.64549629,103.92460657717446,15:27:15,-1
76628949.2366075,126.38519443502376,16:02:18,-1
36296221.85512244,164.73072499705788,15:39:38,-1
49918696.49428043,206.11374731570967,16:08:11,-1
69820312.00453408,272.40097491824565,15:39:41,-1
83451900.74547239,80.60157470336011,16:16:30,-1
68326477.15225902,82.1227866072022,15:41:01,-1
83011016.43963696,70.44974788678856,16:20:00,-1
25617854.174863737,354.98310897015307,15:59:13,-1
6907624.634478524,37.53551553524519,16:20:23,-1
55102179.553367615,286.1302468905822,15:50:38,-1
6476168.281501176,271.98353267864275,15:50:56,-1
84279383.44220778,264.6287889092787,15:30:53,-1
60118103.80883299,277.6477560380922,16:20:32,-1
36435204.7618851,65.57023984594673,15:42:00,-1
46034281.095387325,180.90966792388468,15:47:49,-1
72605496.53763434,186.09896587872615,15:40:34,-1
81458248.26640809,348.45800634449307,16:00:16,-1
58459305.844671234,10.292985904881933,16:01:16,-1
27791164.61054381,84.89800431697437,15:45:10,-1
23504274.26525556,39.4674461402844,15:49:38,-1
36911252.97924605,21.18898946070157,15:31:25,-1
65126822.308719605,151.92753601323955,16:23:27,-1
60958603.28225581,36.33321065205366,15:29:28,-1
41565522.96405299,201.0205832340748,16:13:11,-1
77931599.07151449,138.04836322210582,15:42:02,-1
21439382.621587228,175.74011481156543,16:06:32,-1
5562091.335919862,74.26468265968968,15:44:34,-1
819107.9203737661,218.27078060768537,16:03:50,-1
4296710.882394843,193.2235841385172,15:50:40,-1
88549418.69341171,294.43415854033924,15:41:45,-1
71161372.08473453,62.19558428760688,16:04:23,-1
39798742.10921276,99.42139478472116,15:40:01,-1
82236917.09387556,344.53620969407183,16:16:09,-1
25726426.818541136,217.41959075850508,15:59:35,-1
61506148.49369899,4.0314155465768975,16:00:59,-1
84454024.3824929,205.55097131433163,16:17:20,-1
18137028.21212437,81.10308175410898,15:35:15,-1
32135012.379635923,266.7704473301268,15:40:39,-1
87124913.96122053,100.01799223953375,16:09:35,-1
61450206.04231569,222.714699345384,15:59:36,-1
30024880.03149967,261.66517322190765,15:44:25,-1
23965282.871105008,66.60375630010786,16:10:44,-1
65397950.48538023,349.99416821355726,16:18:56,-1
88491878.06195672,281.6289096921481,15:50:40,-1
49757536.29866176,300.616128578066,16:24:13,-1
50798557.223787695,279.60202027452107,15:44:53,-1
65294009.58964319,227.5527312208638,16:13:02,-1
55579.46947663782,63.55957559356505,15:36:28,-1
81032275.62482363,125.04735571163712,16:02:51,-1
67911315.48005816,300.5947328186994,16:05:27,-1
28598089.238432463,356.182083191514,16:04:03,-1
48691629.53210242,48.80548920117408,15:39:21,-1
69454375.30189559,73.44887931408034,16:00:03,-1
59368482.63681221,37.68967710930409,15:44:44,-1
43334334.6440858,247.5838532858748,16:09:21,-1
18894309.8270254,267.60050961043345,15:30:11,-1
37647135.96298915,124.20384673527938,16:14:29,-1
76174216.21348715,36.02451430112644,16:25:06,-1
18350548.27357357,268.3687235897284,15:37:57,-1
70047395.75075078,143.23977374896364,15:32:21,-1
38941326.83458027,280.78413990886565,16:04:47,-1
4626847.402238629,185.01549949407365,16:17:40,-1
31815851.92726505,323.31832112664216,16:00:23,-1
60459367.30932874,313.2841425789962,15:34:17,-1
31674817.893951703,209.75755496937492,16:07:47,-1
70526449.82536146,10.943150728455024,15:30:45,-1
86101501.8743319,180.7600829308888,15:27:23,-1
11683309.557564575,229.04281922901396,16:14:33,-1
49824074.363475256,335.0663601848799,16:10:46,-1
29178160.493579347,3.565459619599154,15:46:06,-1
15656684.39442411,217.18146511585084,16:17:30,-1
13198651.895033097,358.5227065572992,15:53:06,-1
49399326.0596718,168.53445354791685,15:41:24,-1
23821736.85070937,85.48689327039729,15:26:57,-1
7771779.530235268,213.078384969493,16:03:54,-1
1416690.4879917088,221.8725774026263,16:25:07,-1
55503211.34768077,151.60066560528617,16:03:52,-1
20018878.62245987,131.96760628513132,15:46:49,-1
10752132.125097016,307.51993684546034,15:59:14,-1
33928543.43315795,85.10335741821467,15:50:43,-1
26438213.974174187,130.24790586926272,15:43:20,-1
41863519.61321394,110.26230659252298,16:22:45,-1
76713547.42805332,284.81867457376404,15:55:57,-1
58489363.35832329,230.73065873565628,15:58:38,-1
35481866.08373158,261.2648782078686,15:37:24,-1
319778.36795928114,50.40162256196543,15:47:35,-1
38651051.62914002,116.45814093166496,15:27:20,-1
83036562.06333014,309.97591531969385,16:10:14,-1
8138760.856324725,343.0154052375576,15:49:05,-1
11142571.374395732,220.0686385113613,16:10:41,-1
62038303.43740837,118.85320410869004,16:01:17,-1
14908526.252029566,344.5977933420054,15:51:49,-1
44507821.81134107,138.8352778836882,16:06:20,-1
43244992.06990156,88.11707161432784,15:58:35,-1
81507502.37203908,239.702922594824,16:06:53,-1
29899542.46620985,266.73782880187906,15:39:01,-1
2240142.190427508,312.8706084949588,15:55:03,-1
79924621.05478823,91.61298103675333,15:33:34,-1
72085596.93748567,19.49041052641329,16:01:08,-1
7043382.801182946,211.9132058975316,16:20:25,-1
75505470.58451341,75.4160734068913,16:00:47,-1
47323730.69249547,215.7998799219036,15:41:32,-1
56663410.41940476,229.1346735202613,15:42:24,-1
5814432.400719494,127.46951449151284,15:35:40,-1
74342135.24880701,254.18002822766985,15:47:15,-1
74101661.98146874,108.3270740362325,15:27:21,-1
55313838.489361785,221.61038684566856,15:35:43,-1
56915182.28538552,93.58257695249412,16:06:57,-1
23224811.516370352,280.91573524792057,16:02:15,-1
2163893.9533479977,161.19189016698732,15:43:05,-1
8274687.386368085,333.7776961796629,15:25:53,-1
76821453.51090434,114.97484931963892,15:40:01,-1
81311824.54149546,11.726574448780864,16:13:44,-1
34537475.818767734,51.10123934436669,15:48:05,-1
35172755.121083856,213.91886882211,16:02:57,-1
39822543.19832458,237.9327640762738,16:01:19,-1
40300124.49220432,91.13067488604094,15:52:54,-1
51584124.69269732,264.3117049987084,15:48:10,-1
11399252.475346126,355.7778416303797,16:15:41,-1
4467916.151249926,119.84505828529149,16:04:38,-1
45474455.764085405,91.82583092357886,15:57:43,-1
86740048.99252902,254.863759046109,15:41:45,-1
42335161.565233424,350.11467659665016,15:50:41,-1
79066320.85243286,59.3469490787688,16:08:44,-1
43131887.67151413,165.56834986083612,15:45:55,-1
16245330.944390712,201.11211315870884,15:45:54,-1
42877438.77703238,44.76984913488002,16:14:14,-1
87866942.98117602,234.00810369369472,16:08:00,-1
8314629.704624946,16.771339724194775,16:25:27,-1
54653448.43123726,156.33792710501135,16:21:17,-1
80956844.7014658,300.88288710389736,16:12:40,-1
65044317.42341874,16.718153480226338,15:51:18,-1
68291937.2683368,189.93611471655976,15:31:43,-1
14973624.575695368,64.85129671874397,16:05:19,-1
30368645.67255399,91.18092409575206,15:55:01,-1
51416694.51607616,13.376337010350923,15:50:02,-1
5501994.11430536,106.3838657282466,16:00:38,-1
76623946.9623447,16.019147267198743,15:38:21,-1
28876281.316283327,267.26623079503594,15:40:43,-1
54590805.78202761,158.35353736192707,15:28:29,-1
13084888.751312366,331.36226088591707,15:49:02,-1
73986922.9490757,233.46729831624083,15:51:01,-1
85746863.07361016,49.387799674622805,16:13:10,-1
44130291.15417159,67.9523093997455,15:46:46,-1
70430554.76310998,87.40158293069935,16:03:00,-1
58992122.25420096,77.27190925502094,15:47:23,-1
34334614.20186997,115.11813515558038,15:57:44,-1
79025115.23110864,142.2133161459682,15:59:40,-1
13163644.810912823,339.17860245728593,15:48:53,-1
2881771.248373609,254.8493558684308,15:56:22,-1
20064697.149138328,330.7083482802477,16:22:00,-1
28318047.779773824,231.32359952574407,15:31:46,-1
54436771.75871651,278.242788529028,15:28:38,-1
83080151.23390213,78.47229629419999,16:00:09,-1
44130707.58373161,90.37501987654376,15:57:25,-1
35288599.523852795,214.3713052918485,15:56:10,-1
85980789.3804836,123.4549355370407,16:10:31,-1
73881408.35839838,108.95548740442322,16:23:54,-1
63401905.78635934,241.60981197565752,15:25:44,-1
19372446.845460128,140.86562451416947,15:46:27,-1
85292895.29422368,286.7135572301512,15:25:31,-1
14145793.88649069,91.19666361587952,15:33:17,-1
16158881.266632069,290.3412529954672,16:03:55,-1
67075277.71470347,2.85273477129115,16:04:44,-1
44968699.079057164,72.61030437072469,15:30:10,-1
20527268.782252856,99.30502941470677,15:49:18,-1
13068518.541921314,105.25936091240229,16:22:52,-1
75020038.3428489,3.977366134652272,16:11:51,-1
14447621.551462889,294.0950693813867,16:13:02,-1
51803565.12781485,1.5415370390750338,16:07:38,-1
21038464.857448816,38.32490483936822,15:36:02,-1
50870669.62536292,34.348697942152675,15:50:14,-1
72315181.10619783,204.67784019180044,16:11:22,-1
29116577.529581703,12.508600707159744,15:34:37,-1
74027855.70537585,28.61954828493221,15:50:30,-1
57717092.56316108,221.1131941853712,16:14:58,-1
39545931.80532982,35.70174447486271,15:29:47,-1
52926020.759584576,311.7908274967596,15:51:17,-1
87637511.11166191,159.75588915962322,15:49:49,-1
9046712.949481858,318.2396549344963,15:40:06,-1
81981113.4382892,198.5718560653844,15:51:37,-1
11007626.394639367,31.45795001140355,15:43:50,-1
63073114.30622885,268.03444146379934,16:12:45,-1
37776999.26312774,115.3345517565599,15:46:30,-1
12377207.880697152,233.13704157237856,15:25:58,-1
40936932.87443027,313.5509515371945,15:30:45,-1
44922592.93329469,43.60026325797252,16:05:19,-1
57917643.70008013,319.53004054308536,15:47:08,-1
12514290.112425024,130.55769090499658,15:57:28,-1
3205916.265611609,283.26325424921123,16:04:25,-1
33955437.21270193,245.61116295504684,15:26:44,-1
85879029.52577268,309.5701065665086,15:50:02,-1
76335710.01259126,214.44573896103364,16:23:41,-1
73053605.49161403,6.69077975758972,15:42:41,-1
49992654.56423736,161.71868614465794,15:49:23,-1
86597326.35621576,309.96651635671424,15:44:29,-1
36909113.99326437,306.3557303334746,15:35:52,-1
71091866.42008236,290.5731511761929,15:29:39,-1
85266382.55582303,318.25990291462153,15:30:13,-1
46301050.43344604,342.39844972494006,16:23:51,-1
66200917.60072171,358.59464996458416,15:56:48,-1
62561969.23483299,359.2631636362887,15:39:07,-1
39901074.33420925,11.952151631138168,16:21:43,-1
50148487.3434847,114.50882123529536,16:20:21,-1
42499042.12353466,180.13027480305203,16:25:00,-1
88322727.37475331,150.31097816627096,15:52:09,-1
69832998.68843967,236.0030246948872,16:04:49,-1
25845374.33592934,148.9132475638582,15:54:09,-1
70403816.34011868,197.0269892948904,15:42:29,-1
68625032.83066283,20.647175179838605,16:02:52,-1
10293182.03334035,355.4114123116819,16:23:16,-1
48184938.96942264,193.2427408395108,16:09:04,-1
42154024.80692794,86.58123736277074,16:02:33,-1
54478090.27205086,231.02279071314985,15:40:21,-1
36760751.88799433,312.96804091324026,16:00:09,-1
24098307.5328046,177.74884903217037,15:37:20,-1
71600570.09355077,272.2602115269658,15:54:05,-1
7296102.277699043,76.21642496588994,16:00:07,-1
15000925.46280074,320.0641047302884,15:44:27,-1
58148879.67922696,315.1451996715198,15:37:18,-1
22412402.68147224,2.654484538287813,16:12:45,-1
26877844.31452767,146.146958604927,15:43:51,-1
59346203.02428486,215.08544694552995,15:33:08,-1
46806957.100506805,236.50314577010312,15:36:09,-1
35086592.799346395,179.48757441705877,16:19:23,-1
18751163.99325264,302.3720082859483,16:16:18,-1
46199320.04613093,24.262081720966584,16:01:00,-1
79180962.82292229,70.04920601656436,16:00:36,-1
24983159.92349364,322.4574210687173,16:14:43,-1
3036041.138061156,114.1261679533895,16:20:34,-1
89187314.15389775,192.28386768421632,15:37:01,-1
3466209.037298552,266.1776713843261,16:14:24,-1
27249018.09815617,191.38502153185084,15:31:33,-1
13349096.892892933,78.9817939613425,16:04:42,-1
34278034.934552,65.27498451482288,15:49:32,-1
79024120.15049265,30.861686643286607,15:32:33,-1
70212690.42091385,327.2449681310722,16:07:08,-1
66151368.91378972,33.292609157715226,15:38:07,-1
25333277.75550425,123.75605602750808,15:55:23,-1
61344116.89514565,172.2436412273016,15:41:00,-1
9548422.98408598,310.4347905682639,16:19:37,-1
37530925.97770856,303.58347955454974,15:26:24,-1
37479666.91517392,200.6123395478912,15:28:07,-1
85192289.94180822,248.67689660746572,15:46:30,-1
81935052.80602553,40.60336277305437,16:19:21,-1
39560627.49109519,78.80457958098356,15:51:27,-1
46607928.70134561,263.149960013496,16:02:30,-1
25972749.952290524,348.25711295907377,15:57:56,-1
70366212.74988863,303.2190506571439,15:48:30,-1
66000085.56073416,1.930706526732613,15:29:53,-1
72050683.31617989,90.40690708234138,15:35:15,-1
52750890.56237488,29.26307016306658,15:32:44,-1
73519428.38370244,163.19278548294017,15:53:24,-1
6522493.051514449,212.19043328421907,16:04:54,-1
72668033.68272094,41.71699048070457,16:15:14,-1
79929930.81740628,220.19577086251115,15:32:38,-1
48111738.89749307,37.23255355901861,15:57:38,-1
13972556.282185106,58.06199300291857,15:45:39,-1
36756059.015600525,183.6358318243732,15:34:54,-1
45991908.98982925,72.32623664960583,16:13:13,-1
85560348.90397435,171.73969743317977,16:10:54,-1
49257144.7334635,331.58176288584883,16:05:24,-1
37698473.47257308,248.32385601249385,15:38:07,-1
12980364.695466105,329.6942499442217,16:13:05,-1
10148961.59749472,232.98568873564804,15:41:34,-1
53492144.90301297,179.58480200306943,15:54:38,-1
36955004.85377038,56.71632254763126,15:54:34,-1
24410470.5106706,221.9483941648852,16:22:16,-1
15021557.55243118,6.655887349877689,15:59:02,-1
82604766.5837102,314.66677851659455,16:03:51,-1
88363398.36630315,12.550181617380778,16:04:42,-1
72819176.29002166,340.0343741341741,16:08:40,-1
31926841.889991503,313.1351357685801,16:23:04,-1
14075359.819067173,312.5812955026849,16:13:33,-1
37096719.83058697,152.16746069079366,15:59:20,-1
17624769.416090347,188.3860547702673,16:17:54,-1
88000600.04005578,260.04019352939343,16:23:20,-1
46370241.01232363,205.5936164346279,15:48:04,-1
77155663.71095571,355.7476974845302,15:40:11,-1
68551999.53710012,69.63274218478689,15:54:56,-1
718422.4967735349,6.555533517415224,15:29:03,-1
6204325.6403659005,290.8973788031258,15:27:51,-1
9147636.423784291,238.14107558804855,15:57:46,-1
50232364.29056068,138.6649796035754,15:49:48,-1
53037748.94476243,38.245591156551065,15:26:59,-1
58482837.27238287,48.57276640353349,15:33:37,-1
48552314.19392482,210.77703279512977,16:23:09,-1
60324779.71090805,272.7896182368743,16:10:17,-1
68429974.08028309,246.0618457897324,15:40:39,-1
26399785.61679685,36.68187807312039,15:58:42,-1
80409489.02042063,14.256045265102816,16:20:49,-1
66077022.26323781,5.195374359837111,15:35:40,-1
35747408.8092466,96.21262172050965,15:43:09,-1
6038718.361594423,132.3236201691922,16:14:00,-1
20092215.59306953,268.38466438604445,16:08:37,-1
81103999.78342125,109.45289211623982,16:22:00,-1
80756840.03480953,288.3736520661953,16:00:46,-1
8776611.677973675,53.08899129796898,15:53:43,-1
48545103.95750993,224.56605532107767,15:57:09,-1
15453520.0044822,216.3988440850746,16:05:56,-1
63291967.821867205,248.78986719189152,15:57:51,-1
20588069.915986363,142.98336042902088,16:07:54,-1
84530967.18566616,135.62559989889473,15:31:04,-1
81004462.83639885,232.29454434584343,15:33:55,-1
30018730.37594733,100.58225943029986,15:53:41,-1
60104249.49647103,295.0861289222607,16:13:12,-1
53325069.79659404,234.0758929946532,15:28:05,-1
75829725.24218044,344.91275984033166,15:33:04,-1
55459798.20031815,342.9297016810979,16:08:49,-1
13344899.143403102,312.37388524991246,15:46:22,-1
68689573.72626491,90.4802835274716,16:13:35,-1
12301122.307652025,177.87965670675615,15:50:34,-1
50321487.92706938,280.8492726358438,15:27:51,-1
14312970.055302024,9.53445440523199,16:24:54,-1
9633222.843479984,128.5156032785838,16:05:53,-1
62717673.52577832,223.28294517434813,15:41:43,-1
14606054.173464594,190.14794037256436,16:06:24,-1
22662431.844712324,191.51160634592105,16:22:25,-1
17423555.341875285,72.54519582887467,15:31:54,-1
51620793.65763647,311.4529552937235,16:00:44,-1
2420425.866901005,244.22084438885864,15:56:58,-1
22689954.614540365,329.51253375336483,16:03:17,-1
30695978.759229694,315.2212622106207,15:30:27,-1
68924.64759309453,108.94463012180104,16:02:54,-1
44843902.98370745,357.97986868367644,15:47:07,-1
12266853.007059032,290.8182233768784,15:50:37,-1
89925488.77596791,142.1470635120656,15:52:02,-1
88106709.86489576,277.0467816786411,16:13:18,-1
39060528.89295796,149.35920685657868,15:36:16,-1
76297545.66801386,62.68893568720501,15:58:39,-1
39467810.27731272,333.51175491633546,16:24:59,-1
37093265.269109614,18.25531725212038,16:20:06,-1
39344480.64909468,328.5568011487944,15:49:31,-1
29868795.072750878,246.7728905112525,15:45:13,-1
781568.044387031,40.34420799038914,16:17:41,-1
88293459.17628151,212.40371843263944,15:34:16,-1
55387159.97610217,157.79864847647823,15:34:25,-1
34724624.35880026,347.66357289650153,15:37:42,-1
35978519.97594652,234.05169779848697,15:48:42,-1
57321861.213571504,154.01379339203692,16:16:40,-1
2288019.666329428,170.14567771813927,16:15:14,-1
6179210.935391304,259.6991613656256,15:31:50,-1
58982838.85887396,60.01008690011268,16:02:50,-1
28702830.541116588,123.68044826683304,15:42:15,-1
73279039.32978469,76.77188099993151,15:55:21,-1
23757467.09800447,97.14868736121964,16:23:06,-1
73346868.13338077,96.57622368175385,15:41:30,-1
746938.3858117602,233.49682281204932,15:46:14,-1
67057730.99633752,261.0366541264045,16:22:54,-1
10457075.887865756,312.5116906478973,16:22:22,-1
88298367.7601135,42.82735141808738,15:40:58,-1
51638375.13009799,306.0513340958054,16:16:53,-1
48330764.03557792,305.314689079227,15:28:27,-1
39652318.875260495,283.80124910703546,16:10:50,-1
54447246.531662926,207.8492771067052,15:45:51,-1
39839327.13038921,246.99099024873087,15:55:52,-1
87286239.25505537,0.98073019402507,15:56:17,-1
38429966.2384903,234.20526864616957,16:21:44,-1
17207828.88914664,21.90235884017753,15:50:13,-1
35309994.49304216,173.5263557012835,15:51:20,-1
86891202.99207672,7.098006839189432,15:29:39,-1
41085961.43077125,235.87746019902556,16:06:21,-1
64764820.31843361,344.7858020039785,16:05:00,-1
65935223.01729352,132.65208502107063,16:07:42,-1
74153222.25230184,88.31889895303418,16:20:30,-1
44908082.67342225,61.41404936616941,16:17:48,-1
41416069.51779414,158.30271922069855,16:01:40,-1
79604682.39460544,236.9216584708481,15:33:34,-1
29357986.97059999,273.206381473596,16:24:21,-1
19431691.70544814,77.33663003537967,15:45:30,-1
28538084.373164427,151.66632198096335,16:09:18,-1
61783562.42105191,139.06902167852618,16:21:08,-1
36716234.03282023,100.90710102285765,15:31:21,-1
49639775.746921934,279.9573436933214,16:05:06,-1
15975996.241002783,170.2700212464792,15:56:34,-1
46039810.26308123,157.648744881218,15:31:46,-1
10366263.521196932,13.139378595428871,15:48:55,-1
9180444.557221496,234.145467310562,16:10:52,-1
17664314.281035647,309.33361364893165,15:40:19,-1
41234012.75687201,106.8576001929501,15:27:33,-1
89507761.45745404,296.0933251114081,16:11:54,-1
78913884.32100666,135.6613307497067,15:54:57,-1
76654912.85156915,199.34667924292677,15:58:33,-1
57050803.43724473,220.12821861373564,15:38:35,-1
20964142.083027307,187.1255253328852,15:27:31,-1
10203450.339213356,175.74794231655594,15:40:57,-1
45103680.27515751,114.9512021437608,15:42:37,-1
79042241.36939937,240.75763202041668,16:15:51,-1
86650804.36587965,291.4376232481165,15:53:04,-1
14667209.319344625,21.106204578958558,15:55:20,-1
35304694.63217574,310.80031804372913,16:08:59,-1
35626773.33203819,100.71675620014528,15:53:21,-1
69220716.95595893,14.67103017964725,15:35:04,-1
49797633.78641237,101.15835076603378,16:25:04,-1
39975013.46989376,8.156477046362408,16:23:10,-1
4098325.254598058,179.74514198121776,15:36:06,-1
9676170.589140344,207.89709524938928,15:27:01,-1
43549732.79011989,210.8749130260132,16:19:55,-1
22760430.10851676,309.5005435104011,16:15:14,-1
29370846.11942385,125.86082979311692,16:16:47,-1
10920742.713553911,34.360378641001674,16:11:30,-1
15432993.79800095,329.28127810978674,15:50:04,-1
59971989.748536825,98.92941561392654,15:57:21,-1
62678591.89588448,125.9317674109261,15:26:47,-1
57970381.18801776,114.44469496220204,15:37:52,-1
36606365.163958006,259.1611052417623,15:37:29,-1
75247984.9308149,9.917928268044813,15:38:45,-1
88952937.9109658,2.1309559704131558,16:13:37,-1
86757543.24174783,169.45255037933566,15:39:36,-1
78486478.63918653,158.65609710757744,15:47:32,-1
49260470.94045293,41.56125728400416,15:38:36,-1
21794332.751404926,334.6430709878812,15:50:19,-1
59522907.43258516,207.68792947289413,15:41:47,-1
41891572.89929825,136.95382342158956,16:06:42,-1
53077381.16594869,123.05454043065272,16:21:01,-1
88317449.39331545,190.7128032181084,16:07:56,-1
85396194.35655126,18.916372520605385,16:03:12,-1
47313581.20031682,214.9234446643217,16:18:38,-1
76494140.70973471,188.36620254796293,15:50:24,-1
81573627.21588962,109.02404056987922,15:55:38,-1
37920347.88172738,41.98796977987661,16:18:46,-1
50096404.68858557,166.94744118095528,16:06:57,-1
19765706.12595232,74.46076123260882,15:25:46,-1
1834624.889728158,110.13056612421062,15:54:34,-1
3785447.4177147895,218.1107151380404,15:33:41,-1
26598750.898590997,126.30344265649084,16:09:34,-1
15695347.469730668,329.96802079865955,16:24:09,-1
62153358.26820138,138.43618096422617,16:07:45,-1
77984739.05108576,326.3117349528023,15:49:45,-1
72301552.08751994,57.49308501399999,15:54:33,-1
6123745.963566921,23.15868663137863,15:55:39,-1
37419640.3125408,108.5622078435376,16:04:32,-1
14744198.94801251,151.0780815123415,16:01:50,-1
64806038.51037033,46.58837198885761,16:19:09,-1
55805037.266584046,221.55895195577224,15:54:14,-1
60009246.29072832,318.98117184721934,16:16:27,-1
33324057.7189767,336.36706734643514,16:18:00,-1
54626982.2251708,221.94069738175804,15:40:34,-1
36229789.92078647,17.332590143214773,16:11:14,-1
31704167.280282743,207.2071806162352,15:35:44,-1
27862047.251585517,71.36816626673598,15:52:01,-1
9575274.529037634,266.8753724844362,15:48:17,-1
8015709.931910429,268.7126136190158,15:43:06,-1
74755783.47884978,270.1159317917328,15:45:51,-1
44132821.73381869,285.7792229217456,16:14:36,-1
30233816.438965827,18.28595750460369,15:38:33,-1
2153739.642655624,49.53318408946116,15:27:46,-1
58006968.09236265,97.23088008649783,15:26:26,-1
7531057.057968167,173.44737527486447,15:31:35,-1
9683754.196288558,73.65139499662234,16:17:12,-1
68172271.05483001,230.29046060271085,15:32:45,-1
17802447.021761157,325.3657829904443,15:29:12,-1
49685277.18757073,7.757667543737905,15:46:19,-1
11904342.59519463,209.34779190324176,15:41:07,-1
44530323.312567286,306.8490867300482,16:25:18,-1
42207174.80942666,184.4010428841329,15:32:48,-1
84658531.02933718,15.890723907024547,16:01:11,-1
1516365.7261811718,155.16170004664085,16:10:15,-1
67122597.15782757,150.87569929075815,15:44:56,-1
4805709.507576386,58.69050455791477,15:40:48,-1
13454517.223461049,303.85112251634814,16:19:40,-1
37512397.12299186,19.84589279032654,16:16:05,-1
54774082.652073,27.53195855570672,15:43:51,-1
79868611.45620261,277.09835024790624,16:10:03,-1
83226079.91649106,235.27296216980983,15:44:06,-1
26701872.585561857,254.26690555053827,15:33:28,-1
60743762.92477594,5.107493966090635,15:33:37,-1
49506015.6964433,358.7481701409389,15:36:32,-1
45363159.23338917,93.57240006941818,15:54:52,-1
44210306.86209137,28.51896353286503,16:05:17,-1
28048013.05097729,16.001735358118907,16:11:34,-1
88568590.08313757,249.5443620345505,15:48:55,-1
29981044.0500022,189.69841650198487,15:52:39,-1
45139062.59948716,40.67399353411253,15:50:56,-1
19584617.65435206,262.6361666989213,16:21:29,-1
42778744.44818903,126.827050328158,15:40:23,-1
88607955.12745123,147.7456531714999,16:10:23,-1
18798491.47415656,94.27792532719866,15:47:15,-1
46752072.584913306,288.97988647401667,16:03:40,-1
76104095.5125605,229.42786708205517,15:52:24,-1
16877947.830869485,350.0919034316322,15:43:38,-1
61914323.00158306,296.70939008610947,15:41:51,-1
83373042.85060434,2.9370192785977345,15:32:49,-1
44984256.15249285,271.6554408762571,16:11:13,-1
14769853.17824334,209.65697876829535,16:12:59,-1
83105431.445007,306.7786914919324,16:23:41,-1
32555933.150511496,320.1510783100349,16:12:39,-1
1359331.2869888772,289.2215628389392,15:50:25,-1
8341435.262844519,104.12442218195012,16:22:49,-1
18509428.159703948,254.8142076542433,15:53:08,-1
33060256.0759735,176.92680064605042,15:38:21,-1
13103719.904301744,32.33989373669544,15:50:07,-1
77650597.01030236,255.53541884805875,15:46:51,-1
76911302.02791423,76.37713471044907,15:59:03,-1
289245.3482120519,330.69014110458,16:11:25,-1
82594068.07894924,107.43034235174616,15:25:45,-1
44529852.881096266,328.9422197055744,15:30:23,-1
43517083.637146905,349.8625942210688,15:28:44,-1
55212143.15244572,295.50159185259827,16:08:05,-1
57321767.17607074,111.44911222592708,16:20:29,-1
64516751.53254315,332.9037395084269,15:32:11,-1
9868740.451172687,53.79795539660519,16:00:57,-1
61641716.64960121,127.60144897690778,15:57:33,-1
20654355.830858078,262.7208507955561,15:39:42,-1
32665333.805874072,4.265668476482252,15:50:12,-1
2379131.433689908,194.0043412928885,16:13:29,-1
39540321.79544877,104.64680978327202,15:38:06,-1
77555642.27001242,358.6414242425049,15:48:44,-1
39870892.16501074,294.8260122860376,16:24:11,-1
89619380.62004125,148.34523080770313,16:04:27,-1
84478862.82133849,331.9434210492549,16:23:18,-1
50473480.27300809,105.37949118995796,15:51:30,-1
2786367.7548537566,118.85426102872098,15:43:28,-1
32688509.087614536,212.50124293797555,16:17:39,-1
87470236.00771165,147.0033101390173,15:46:53,-1
39144790.79193936,337.1778307493039,16:16:03,-1
69951787.82652564,140.3567737184174,16:21:09,-1
46353159.61447966,288.29267501189963,16:23:05,-1
29460586.923437368,354.0708768409849,15:48:07,-1
66000149.91856744,155.91828150983542,15:26:09,-1
58903923.04382967,281.5132884529946,15:55:45,-1
24521134.502946123,335.92359745525874,16:19:45,-1
3735735.1083307434,71.62689808024007,15:41:27,-1
83127340.7510778,72.54027692378055,16:24:51,-1
80254907.2817872,274.1301830775438,16:22:56,-1
79316989.6080967,259.2451165484724,15:34:19,-1
11214838.42884298,112.46090305530464,15:51:56,-1
30830568.23332116,210.0059351837699,16:20:42,-1
86479729.65176877,272.23969783194747,15:49:30,-1
75465022.88346596,206.5430496896141,15:27:41,-1
45436606.79499289,116.91198110750273,15:56:30,-1
77688241.80556197,357.8597607463409,15:58:21,-1
5856764.08176549,325.42157567198194,16:06:31,-1
16811734.629660517,142.41269062180723,15:51:33,-1
86442761.86750475,129.58158602291638,16:04:32,-1
12806610.824646711,343.0903425188968,16:19:42,-1
28514105.175333604,30.06725710192496,16:07:16,-1
80101866.27598654,13.810407895207074,15:35:00,-1
70747604.61421578,238.71211205690187,16:20:22,-1
42881805.28670088,250.015634963651,15:45:17,-1
71374908.78820881,297.6192085180287,16:20:53,-1
55027492.41699114,239.09885459932613,16:07:06,-1
20105401.17725112,248.6869385715009,16:24:38,-1
24446374.06530512,62.71700077971409,15:40:47,-1
8800482.009584608,5.711183308118328,16:13:54,-1
80233251.39545423,263.73500129985865,16:13:53,-1
54208967.16584413,5.192481330493224,15:54:16,-1
76112152.95788573,276.8484613911286,16:11:36,-1
25537626.400666323,259.55466399607377,15:42:13,-1
27289023.130841885,178.3824325361769,15:42:55,-1
5772267.191874781,237.93485478675163,15:39:33,-1
22859458.56746388,156.8502730233471,15:35:32,-1
4791002.6588350665,151.01812351618474,15:27:00,-1
14182681.867939085,279.9008392917728,15:49:03,-1
55362081.47410988,347.89105300816686,15:30:48,-1
73503529.91319871,332.0173424076532,15:43:06,-1
67522753.03981346,175.05860650957507,16:25:09,-1
76775246.12738712,260.13971882591323,15:46:25,-1
14005495.816054571,290.03810686371776,15:57:45,-1
6244120.916926678,326.30724316627754,16:05:48,-1
51756329.02426045,73.46569978896733,15:56:27,-1
34268646.70733869,52.9519875280258,15:44:55,-1
47199678.01197497,120.66263848329602,16:09:02,-1
18904531.253480896,216.07332352309012,15:57:50,-1
87541860.00602394,251.41907483808063,15:51:16,-1
86486414.35969582,75.98950133935065,16:06:48,-1
86794614.66174859,326.4793755353615,16:06:09,-1
89162391.89438146,291.3314946555291,15:38:42,-1
17168867.634696525,348.4045424793062,16:12:16,-1
39139195.441184446,253.090188981845,15:54:58,-1
39704574.57323108,143.02143451282032,15:59:53,-1
27091778.25516386,200.45592441482964,15:59:26,-1
10017545.95827513,210.6908167646548,16:01:57,-1
82822942.84802034,243.51492065824067,16:10:37,-1
85683725.43579833,232.03450472008703,16:19:23,-1
40403116.61187928,26.344218643292557,16:25:28,-1
71795946.60214177,253.5499580852064,15:57:22,-1
76072884.32578021,290.7333679637267,15:36:51,-1
45202256.61227929,135.72254735256507,16:22:18,-1
76212344.41831802,168.85725515951677,15:31:08,-1
10576296.745933184,293.1850720723534,16:06:46,-1
73444020.61000356,199.5559900180526,15:37:11,-1
55281269.14057706,358.79226219556216,15:46:34,-1
56569264.0118615,32.51707287669084,16:17:10,-1
32629679.25498862,219.6835343195985,15:28:14,-1
67119461.87512317,305.6930790153918,16:20:36,-1
55119057.02857839,203.03052501115587,15:44:56,-1
71411925.32513851,283.443622926627,16:01:21,-1
59400510.10942499,92.28696044263258,15:51:25,-1
1904808.8235973767,313.12550752027465,16:13:44,-1
69116984.49130274,329.4415358171699,16:07:50,-1
89970849.3791754,122.0197283153244,16:08:03,-1
74364792.90234263,136.8907294343361,16:13:25,-1
74722734.37731628,173.24168471417823,15:44:39,-1
89051313.70357524,182.39754323006065,15:44:29,-1
51782025.1192267,226.91251662153104,15:46:55,-1
83633154.14019355,306.9962399694829,15:55:22,-1
86208733.71790445,110.05782192130836,15:27:45,-1
978251.5383162702,351.56260327051484,16:09:37,-1
47833475.06062112,37.262262092635424,16:16:59,-1
70777455.55013555,120.31724320685602,16:05:31,-1
10659944.340569882,86.95536475438385,15:57:35,-1
44144861.60627048,130.2663312408755,15:42:00,-1
18786469.282508086,323.5505606191119,15:57:45,-1
50422458.58497504,178.46698869670257,16:12:21,-1
80925292.9303149,73.84484662415754,16:06:16,-1
28492358.825105537,73.82517966227317,15:43:49,-1
33350461.24423735,236.0691033354526,15:59:27,-1
74904630.70224723,8.093202791244458,16:03:07,-1
32096926.19024257,94.53993064869351,16:06:34,-1
13645673.487634864,67.27958739428816,16:07:39,-1
36798380.64417409,74.4624228540139,16:01:55,-1
88667512.22305058,181.33554485600885,15:32:13,-1
8119771.964333349,156.27491241503537,16:18:17,-1
42078924.45392635,101.53376726089952,15:42:29,-1
8090633.768994294,325.8185477127785,15:57:13,-1
43699450.18871766,28.78749622351494,16:04:09,-1
48011396.32244783,50.896506451172776,15:26:05,-1
5654932.336269973,308.43414911987696,15:34:39,-1
66401729.349541485,232.66966158897932,16:17:41,-1
28146816.954396185,68.10292949423552,15:46:46,-1
25600393.020043783,200.5930611171981,16:16:48,-1
18354070.399651665,154.52698539581522,16:10:39,-1
76611399.70309393,255.3661647963987,16:22:58,-1
55395223.71065205,80.01650138814215,15:41:47,-1
25921789.389514707,15.549948268660142,16:04:08,-1
48247321.50867338,223.9447206107662,16:01:44,-1
16314994.540501118,51.25386426315408,15:32:36,-1
81557736.93387808,124.09258391637226,15:45:18,-1
17748742.553352933,124.43667948037256,15:57:36,-1
825364.1148788271,209.2231762913213,15:40:46,-1
53911301.31883046,58.99995363171426,16:05:52,-1
69315799.06353797,104.74166908202032,15:55:34,-1
48688424.664882526,179.69306483408232,15:40:27,-1
12433133.66085671,165.52075696256182,16:04:54,-1
80420054.72951233,121.67386287159653,16:00:54,-1
67515044.79486363,204.9587048170742,15:35:57,-1
62392717.4449933,211.04507097150832,15:53:54,-1
34154501.7653298,27.600544931066988,16:05:57,-1
10644785.007315166,11.257842773874774,15:43:59,-1
7239170.469395461,238.42307067902377,15:48:34,-1
48955517.60312068,201.1153234300135,15:31:15,-1
57207855.333132826,343.1794492157772,15:50:17,-1
60233176.95610951,347.98601526624265,15:35:52,-1
67528336.69415285,7.485421443399893,15:41:57,-1
56207707.74931103,334.2806048761967,15:25:32,-1
85232593.58974981,2.4713815366730563,16:19:35,-1
71550643.6636555,164.58523711898758,15:34:58,-1
39832515.47544248,140.07076839621175,15:38:09,-1
6833352.078098195,289.55252533164435,15:34:49,-1
29836899.99614626,91.87959992688664,16:22:39,-1
25714312.27500598,250.3513130785783,16:18:39,-1
86670694.69836316,348.3842794969291,15:58:52,-1
68571323.96528709,172.82113360014284,16:01:37,-1
69070191.50337283,121.35381586668022,15:52:32,-1
29497356.13409217,128.6365931975039,16:04:15,-1
5733929.430716476,223.38683774934285,15:51:43,-1
25687917.783287294,181.25329120691185,15:40:31,-1
62758017.270079285,247.892492482978,15:54:02,-1
72588364.10124268,160.51411442707797,15:39:53,-1
69002646.27282667,125.22445506426334,16:23:23,-1
36472515.09418708,257.8440389360196,15:57:06,-1
7356612.826303132,105.97963022781398,15:38:19,-1
16664725.927319262,243.50717231901007,15:52:25,-1
36276430.19977214,153.17524968044847,15:35:10,-1
66256649.99556121,172.77393991010078,16:25:00,-1
78926258.625707,194.660128013298,16:08:23,-1
83547856.66866285,177.34100344797835,15:58:39,-1
1186401.4587416311,193.14913561297263,16:24:44,-1
48853660.37974232,253.71750194058177,15:48:33,-1
67613898.03239577,310.110872231811,15:50:13,-1
38690499.11189313,47.303668426242254,15:53:12,-1
63863830.76733244,177.64566133202794,16:19:32,-1
75250708.66631933,30.553681211093814,16:25:10,-1
61103156.2180162,326.86971465260046,16:04:14,-1
49543199.6249532,35.36220444254962,15:45:14,-1
46903260.37600517,222.32732338744455,15:38:48,-1
37424989.7022232,48.96020451485518,15:32:50,-1
60826021.01568099,7.3161827705015,16:19:55,-1
79208462.0337485,254.44300129370933,15:43:08,-1
57155270.84867301,250.9114656285392,16:16:57,-1
39330860.90231014,167.89406109357532,16:01:31,-1
86064993.27639261,233.55445218158175,16:11:13,-1
75306953.13632888,107.12779226312767,15:41:47,-1
64791408.34399781,214.04933491013412,15:51:29,-1
59421114.456228696,103.71165924347846,15:25:50,-1
3805637.152613353,48.40947341168504,16:13:43,-1
75822832.24887106,153.36449032906788,15:47:54,-1
3636235.0234094807,137.28678265492354,16:07:21,-1
71163742.67104083,207.10215598928448,15:32:41,-1
45900454.64714815,158.54152189129908,16:15:15,-1
47576891.56953041,179.82025317580678,15:55:56,-1
31603102.84008236,138.33683981422135,15:36:16,-1
26370231.887404293,30.52181363196523,16:07:31,-1
40686425.13262558,244.95067320891303,16:17:23,-1
52453740.34540788,176.1994335033238,15:25:35,-1
48323956.72403337,289.16319876863747,15:37:59,-1
14618693.637663366,36.95243749903116,15:44:24,-1
89633087.75132763,214.25398910198768,16:04:38,-1
27309302.51462289,211.63235925589288,16:03:15,-1
34411480.97416996,276.94065779531405,16:08:15,-1
28351419.85860412,73.38648616081672,15:59:43,-1
50451503.71434295,315.8484527915536,16:10:13,-1
35893636.63108507,150.8105809677785,15:40:04,-1
40469327.88117768,86.1014968919595,15:39:51,-1
57168147.7469808,83.04074999223229,15:48:56,-1
63238998.92717947,96.92033321565764,15:40:36,-1
17149312.065219425,68.74554004637838,15:44:42,-1
66802732.5833523,103.05275972292864,15:41:44,-1
83480392.31532753,29.06687108418659,16:08:26,-1
84661786.47577533,126.42229419069145,15:53:24,-1
50234805.36065845,167.05439548613944,16:06:55,-1
67035709.09591753,11.6925759421609,15:36:54,-1
4878565.150818814,209.41469358326785,16:13:29,-1
62626425.180784166,231.358022444009,15:28:36,-1
57150714.72171395,45.28542706475994,16:00:41,-1
49535787.25322485,258.29202269218183,15:52:58,-1
49438126.47954112,348.0322451568898,15:50:00,-1
85192281.177221,9.02521773186387,16:09:27,-1
65888235.41393957,214.56089320132185,16:07:50,-1
33185939.984284487,226.48443852897117,15:48:09,-1
234323.4843463551,69.03537201595371,16:11:13,-1
66377085.98702265,5.238411505688267,15:33:22,-1
71912306.21289587,217.54917426969465,15:39:48,-1
16024982.52830713,213.52862661889597,16:07:41,-1
29644329.23840329,272.6664446338342,16:21:27,-1
53396264.74717193,306.748959426024,15:50:31,-1
9676099.618045012,339.7298254490421,15:37:34,-1
18392020.239818305,205.0569632860822,16:07:24,-1
58063785.15818256,307.94035821731967,16:06:31,-1
56679421.4928866,159.14892102653317,15:38:59,-1
80766707.82551624,356.66734103028045,15:28:04,-1
51199273.85482746,199.3541628011026,16:19:14,-1
33589480.4468249,8.760911849697983,15:34:18,-1
7920681.515292313,38.445068033051655,15:43:01,-1
61252565.24079296,55.856951216225966,15:26:21,-1
20931404.85264752,49.70316787788695,16:12:22,-1
43524281.29119864,296.39052219558124,16:07:16,-1
32989364.66358141,6.7290143051730045,15:55:03,-1
35128885.50307879,198.0048846863074,16:10:11,-1
42026117.43806531,188.59229616726876,16:17:38,-1
67806135.36284384,99.11008073931092,16:05:50,-1
67674242.40132098,195.60147126101407,15:31:02,-1
72132308.46381967,82.59984638787186,16:21:35,-1
24757305.331778143,253.36264195784523,15:40:34,-1
5295730.921788015,235.4185803348963,15:38:08,-1
24882051.634941563,303.1202466351487,16:03:50,-1
74732907.96165311,215.63489120847032,16:00:19,-1
43724578.83887367,225.76238264880112,15:32:30,-1
53857356.59489036,82.03803724259237,15:39:08,-1
84254654.12029517,11.889903353988842,15:33:32,-1
86191940.43649699,199.0896735550454,16:13:09,-1
13150953.177737636,53.74835827961797,16:02:38,-1
85307955.2241888,11.373038277374196,15:29:47,-1
63792707.78320372,19.62438330695384,15:55:29,-1
59790741.25572425,153.33293226237524,15:28:53,-1
50022223.63817221,56.35786613923863,16:24:09,-1
53634214.806143,331.715018602735,16:02:05,-1
31288761.93511748,321.1924194392837,15:38:00,-1
87526094.29342446,190.56520169676995,15:55:11,-1
82674392.83682351,77.37250832030142,15:58:44,-1
73870523.36844045,73.36163091351563,16:00:17,-1
57872399.115026936,17.45829658726237,16:10:49,-1
64600188.60131533,60.30801301251327,15:54:56,-1
56550240.789069615,337.0087786393122,15:37:30,-1
50065923.426136434,285.4518142235024,15:38:37,-1
45908140.86390662,59.47270042311347,16:06:47,-1
88916740.07709879,311.181212751326,16:00:21,-1
54650835.00614012,357.5801060471747,16:01:39,-1
21261967.930518758,284.42366461195724,15:51:56,-1
86199478.19542085,170.49142606841153,15:38:57,-1
63262922.71987672,319.0592161875624,15:31:16,-1
5169743.3863736745,312.4634479173303,15:57:46,-1
76714878.08428225,24.2876815212872,15:48:05,-1
6049244.098274912,153.1244556591331,15:33:38,-1
54372622.52025295,255.516903522098,15:30:22,-1
38847955.39739877,92.01697426910292,15:29:17,-1
32484415.264632195,175.26939080668996,15:38:03,-1
35112660.62578089,175.2030166699222,15:55:46,-1
54255266.44674262,232.39558615153757,15:27:12,-1
60325581.299222775,153.0569693534126,16:15:26,-1
51902629.73922572,303.9263406570902,15:31:46,-1
74861222.60778393,278.0888285552272,16:16:51,-1
34724514.3477877,197.0311374846235,16:10:10,-1
56998473.968609534,7.219816683238527,16:20:14,-1
20547859.249879044,225.28723413782748,15:28:27,-1
75070603.05871634,12.631759228272465,15:45:45,-1
80594708.53119037,337.06556951470657,15:49:44,-1
39235159.85449549,94.27887319450105,15:34:37,-1
63901801.16225405,278.68119677674173,15:38:41,-1
30700321.20064561,71.49235882948115,15:39:45,-1
24125765.425597284,80.46718344988949,15:34:35,-1
26706429.05839113,6.2086346870052544,15:41:28,-1
45824308.66587555,78.1470512007401,15:37:03,-1
67591225.26875086,95.29570801663664,15:52:20,-1
76938070.1839116,188.53994486809043,15:44:42,-1
35307449.95611923,257.5585587178632,15:25:47,-1
44835105.85402667,45.94465738448604,16:05:13,-1
66353153.30959682,353.20795868849,16:16:59,-1
67397795.7758415,118.82382087403612,16:22:56,-1
44323080.665699415,176.92928433972014,15:58:51,-1
35006052.74819782,49.21533604482808,15:58:04,-1
52673509.54059425,272.0213347559538,15:54:12,-1
82386051.6936254,184.6906404881009,15:29:05,-1
86035683.41692469,32.09122408196123,15:34:35,-1
10099483.512486445,159.37589448608568,16:18:56,-1
63849617.25180348,316.3031922612844,15:41:37,-1
29522202.98622771,175.3271918034074,16:03:14,-1
1703842.541675404,37.02819734786195,15:46:58,-1
84058366.27606882,177.8378103562579,16:01:33,-1
47601112.0787148,122.70456006031898,16:23:32,-1
9558797.628642298,78.36759699561152,16:08:22,-1
83271391.78910047,257.6462139497216,15:37:12,-1
28156978.190467317,295.0601618451924,15:28:16,-1
420109.9192672483,5.754153150237138,16:22:14,-1
33120781.447689284,301.8759176438105,15:50:12,-1
34958516.25198216,162.7909974798092,15:48:04,-1
64958793.79948222,297.78810156895577,16:07:23,-1
30496185.81093565,56.04510983054907,15:48:54,-1
12513561.242855368,175.09545567306984,15:47:31,-1
36176216.26293215,208.76754831189217,16:05:22,-1
43781438.93434806,195.2674528304171,16:08:46,-1
66837330.20374424,337.74904177304774,15:39:33,-1
36237140.53902012,345.43102558703583,15:57:27,-1
88767719.035632,134.8963783344011,16:15:28,-1
17123615.07276415,216.8703171440468,15:34:05,-1
31154535.74250003,234.71386956687888,16:02:30,-1
80757941.59674186,304.7388942955728,15:58:37,-1
45591909.72500467,236.47251768564084,15:31:36,-1
15537222.443336437,320.5946767992599,16:10:59,-1
46478152.38673759,65.86113053599534,16:21:10,-1
27444643.946216103,265.9062496494717,15:55:57,-1
58038323.40760967,274.8277450702888,16:06:29,-1
84444812.64053082,280.87039273035737,16:24:08,-1
83609566.44390628,219.90574609198407,15:52:15,-1
10823554.81447569,310.8147581714059,15:55:15,-1
65605327.53037863,161.2062318729988,16:06:05,-1
59849256.25833834,36.54609346059304,15:59:26,-1
88908548.17033024,346.8261703904721,15:42:24,-1
80170539.58658515,153.63323806746212,15:37:52,-1
81914337.08227512,75.70858944489387,16:19:01,-1
25408674.991238583,268.70949918859174,15:40:18,-1
74769549.12133293,275.00883028585264,15:47:00,-1
62602198.108147,168.49320960769836,16:05:18,-1
76966140.58949041,280.897904486157,15:26:51,-1
63405995.61198536,167.00738102191823,15:56:22,-1
57575946.13990625,167.1019497044757,16:11:03,-1
27772159.01615723,5.72364003287662,15:31:13,-1
74960491.06865665,204.30224379421037,15:40:11,-1
84519459.85910788,153.51135141444755,15:27:38,-1
82253916.52893776,62.12595312908082,15:59:10,-1
60900022.85001572,221.47165346256952,15:28:44,-1
82262168.57259892,254.31506855491543,16:25:13,-1
20692031.785088427,2.7155343901093643,15:35:09,-1
20242775.231345806,341.7307434869936,15:42:30,-1
47104803.69813954,102.75102642866698,15:58:41,-1
21371724.752577607,336.63709355674416,16:08:02,-1
79433334.02358504,17.899187948900796,16:20:23,-1
2349329.9072010503,325.43068473173867,15:59:25,-1
43263908.48217725,59.36424840522848,16:23:06,-1
19536144.76340822,137.3414928921942,16:07:25,-1
57325456.49639392,280.9927099577271,16:06:07,-1
21912781.0827903,282.0621753704538,15:25:59,-1
81677883.6749473,16.493132226791893,16:19:01,-1
60683472.68982717,44.24902601089144,16:16:04,-1
55326149.44611362,162.43118563288348,15:57:23,-1
2556472.12305406,341.3696546821627,16:02:14,-1
11212521.106608167,162.28329951488956,16:01:36,-1
24215439.84245158,345.2883719188967,15:40:51,-1
68868620.61456029,334.7435289472631,15:33:23,-1
22515826.814938635,220.38163454415292,15:27:36,-1
52312276.70931843,56.97357834096462,15:48:43,-1
62310948.15089564,136.87881698632663,16:22:17,-1
74215643.40338893,20.87921004439309,15:33:30,-1
43821435.48745666,160.26943523216127,16:24:23,-1
55230672.53574085,174.29056848099924,15:27:06,-1
43353196.55043732,3.552688472357133,15:58:27,-1
17370143.206525583,40.75752001561084,16:01:56,-1
9134027.20025317,171.4971885870417,15:55:32,-1
3237004.616262375,72.77270009806956,16:22:11,-1
36213152.63797128,103.86467904999154,15:59:44,-1
68096807.65259294,158.9302623071954,15:40:54,-1
6492482.407628178,229.79236092267595,16:19:09,-1
33140263.84085056,260.3074534771687,15:53:46,-1
53508556.4645212,135.0627716400848,16:14:39,-1
12167490.426491814,125.5723029367918,15:46:28,-1
68485900.76388657,141.52804825184097,15:37:08,-1
29489757.54719891,295.4581471782333,15:37:31,-1
87800681.56267153,171.32196948041627,15:40:14,-1
78028490.20631775,3.402669991974645,16:24:04,-1
6504752.718398637,5.478940727887505,16:18:33,-1
12180245.353934737,37.014574656077926,15:52:19,-1
48332754.02382635,105.77427343829504,16:18:19,-1
11446173.697848186,202.2907124589477,15:38:49,-1
83475695.49078976,51.51314918095737,15:36:25,-1
53473716.56093776,224.66305535350776,15:32:13,-1
65515477.87044659,245.47516863697564,16:20:34,-1
47084936.58235096,269.1906066087858,15:25:33,-1
4105166.744743914,300.5185368845879,16:04:10,-1
23500420.630543683,261.94586588837365,16:08:28,-1
56196252.58069417,351.61141310031775,15:48:26,-1
22783463.977087963,292.0924521224179,16:16:47,-1
19154457.70783117,204.77282694607416,15:33:21,-1
19458767.228259426,5.865377075870861,15:43:31,-1
85727661.42489228,54.46567949627563,15:29:43,-1
85077104.91043606,194.00923203804055,16:09:10,-1
71088584.29317483,108.48105178283024,15:51:27,-1
43672299.82376065,126.84646686243704,16:08:50,-1
73703133.63365585,346.1816429998825,16:18:34,-1
82337780.33294758,185.51858530480536,16:22:57,-1
57809105.3317664,5.470031678335898,15:34:04,-1
70477370.5228844,219.90597434651,15:57:45,-1
79528810.38809699,220.675249951654,15:46:08,-1
38771782.93675671,26.610620511444413,15:39:02,-1
81691075.17944829,171.35918628971748,15:45:13,-1
36942428.4933653,180.6451293607444,16:04:26,-1
58661124.65256382,128.20460416699632,15:52:18,-1
679041.8981668907,285.6646300158744,15:50:46,-1
73213965.68406273,6.673629931228411,16:16:35,-1
67608375.4868884,129.60919020525353,15:44:12,-1
70039017.71781062,166.49432482314958,15:56:37,-1
72770404.65196796,76.86307666525573,15:40:05,-1
82342618.04722823,246.10243660653904,15:39:15,-1
2775860.3260514173,144.67568509969536,15:37:32,-1
27378752.19693785,162.55779314644113,15:29:51,-1
80997876.44850953,227.78314047426164,15:53:36,-1
61657879.77596787,317.57993585169555,15:37:29,-1
35133483.579908274,104.70410814154728,16:18:01,-1
67544963.50754729,185.5318440579194,16:01:05,-1
80010827.37612495,226.86605292838024,15:46:12,-1
77329799.48750876,118.58676382015312,15:43:39,-1
57704397.47520355,140.30284996749015,16:16:43,-1
53287971.2701616,172.5276293461725,16:24:19,-1
26531616.558217917,114.8558864897744,15:54:58,-1
39224664.29733279,223.9607135869065,15:38:36,-1
1878083.5761954377,104.6877980914879,16:19:27,-1
29619895.176935352,93.30049500010054,16:06:01,-1
35442879.62477515,108.82995572868,16:19:42,-1
22121313.676193904,331.1212792656528,15:48:56,-1
21508058.21136838,45.5681634546943,15:42:06,-1
22486320.36236373,228.2890121874021,16:05:23,-1
2243618.3478962462,173.8996231910416,15:39:46,-1
43923951.17428638,151.03777880528304,16:12:13,-1
2443870.234350532,178.719069281035,15:52:00,-1
57521758.3495079,329.92683929885914,16:23:06,-1
88304235.04375961,21.281588299544087,15:44:57,-1
83573181.09120463,238.2932157187496,16:21:52,-1
19640829.39501196,62.36832916433426,16:03:17,-1
57994948.86169879,48.370706906781045,15:58:14,-1
65735769.35954393,324.2094746254584,15:41:02,-1
70325243.86516578,318.48678312035287,15:59:42,-1
2192171.271121742,69.05873759971765,16:06:17,-1
49852970.54304746,250.9326890142203,16:14:30,-1
1432090.9146286028,136.40978031340472,15:27:01,-1
39735307.09214853,273.9200067159813,16:04:53,-1
88559028.05214368,10.424149892467302,15:53:58,-1
36198583.469674125,50.32752042280138,16:08:54,-1
39893728.25130382,207.35961976569777,15:49:34,-1
71929203.2151962,356.0795398930926,15:53:23,-1
85435869.58959875,182.4456947201494,16:01:21,-1
38459386.67175697,292.35440586965035,16:15:41,-1
31652877.50761056,49.71802334343604,16:19:34,-1
73706804.23078503,268.2290341240203,15:50:29,-1
38834267.09213882,2.433318828997635,15:51:19,-1
38416795.73370968,85.09417176218511,15:29:14,-1
9008813.320332805,222.86272333655376,16:00:39,-1
35401221.297427855,2.9235710616517707,16:17:52,-1
30728437.095689163,278.24266467954783,16:01:06,-1
55999707.12316863,240.6398978359318,16:00:51,-1
63352288.40656949,16.94801039322476,15:51:01,-1
69616969.58920003,332.1098305890901,15:31:06,-1
67871236.54773995,100.16707420859804,16:00:13,-1
42745932.31811803,141.52272729631957,15:57:18,-1
46132999.37998118,273.27011762778164,16:12:23,-1
76024395.08935937,334.64256606790207,16:23:13,-1
45963302.48533871,106.2785554130906,15:45:58,-1
43979080.27601163,113.52972048577423,16:13:18,-1
79765815.47539683,135.75183447204068,15:34:31,-1
15759476.91309001,180.59949868271025,15:52:23,-1
29026099.95999809,46.48929974358524,15:56:56,-1
18925666.497932665,203.15239240768935,15:45:11,-1
34603473.692087345,343.6313712787955,16:05:20,-1
38495081.62650127,97.72888065664536,15:33:31,-1
32845994.50300672,302.5953212596675,15:41:41,-1
83215155.84416059,173.71350475597572,16:01:32,-1
18973246.00488306,11.673940093558333,15:28:39,-1
50463434.50672612,354.3127676018743,16:16:43,-1
31577615.301323287,26.867154190828817,15:30:03,-1
49162705.28156776,232.33967733667103,16:18:48,-1
24542202.082274623,80.78842231549518,15:48:31,-1
24831952.725425657,151.56193073422767,15:56:02,-1
88912906.82675673,85.10159523691088,15:47:59,-1
63137547.83329804,107.4862088785666,16:22:21,-1
11014528.341104312,265.1251051769439,15:26:20,-1
67032037.80555792,82.84940749526173,16:02:07,-1
2125589.2177986526,115.09849010817916,15:59:35,-1
2341978.9437441104,122.19288041534936,15:43:02,-1
3720504.449513503,144.39514051646083,16:04:19,-1
5810096.36959271,344.0678413090275,15:59:42,-1
71826063.6407552,349.24528244108643,16:08:51,-1
88167107.09635471,264.34217169995014,16:02:48,-1
7175203.904324644,179.05527747345425,15:50:39,-1
32978559.20100468,159.82144995103573,16:13:16,-1
11304141.534793405,320.4493083769243,15:48:42,-1
43377776.23355747,152.7043617183483,15:35:37,-1
85530327.31638545,189.57278288968496,16:01:11,-1
85009619.67998965,73.98290313339717,16:00:45,-1
8691285.339811543,159.39526156894294,15:54:32,-1
67265014.66518699,285.7049165700173,15:42:47,-1
64916965.23808845,48.58855383842956,16:07:29,-1
88682936.09610131,267.49578601213403,15:27:19,-1
56347883.04055387,16.47254102881067,16:00:09,-1
5783965.095777691,180.38463280352155,15:40:53,-1
26717697.984065443,219.11986305124856,16:00:20,-1
67282718.15669093,17.591198974994736,15:58:50,-1
39545278.75673273,309.9338537653158,16:05:38,-1
32936533.933870856,129.4944676258044,15:42:29,-1
56876282.02454869,145.23925030501994,15:38:32,-1
41653967.22602971,140.2150513239092,15:29:45,-1
52463042.53610975,165.802926880405,15:48:25,-1
9378521.503168682,10.270133666021186,15:48:41,-1
65963424.09304224,259.27256002564667,16:03:27,-1
68778951.0611072,221.9472888653899,16:01:59,-1
7341244.074133715,156.10874832561612,15:32:25,-1
73466934.25415583,55.0214730550424,15:42:51,-1
42697029.37104148,342.6688350557092,15:28:07,-1
53180144.2138244,301.9415237993875,15:46:34,-1
82245996.51643151,4.240565402432233,16:22:44,-1
28764827.05577442,71.49644978155405,16:22:12,-1
19771218.38106692,303.54828490736554,15:59:04,-1
43511281.5870181,74.3154835557299,15:47:14,-1
47139183.24787144,330.16453197244493,15:43:21,-1
25010861.5506839,69.02994455896516,15:47:37,-1
16354588.794431169,314.16116862138585,16:14:51,-1
33676095.18248981,262.88429332606853,16:02:15,-1
79929836.05263218,346.39731109052303,15:26:26,-1
15010736.236781236,322.4500271851638,15:28:33,-1
89328861.2162718,243.18290565148868,15:52:17,-1
70402633.86994186,31.31208100049733,15:59:55,-1
76501142.61872199,70.6977090906546,15:51:57,-1
29072047.436630867,257.44774787628234,16:07:15,-1
69222213.65806003,239.66689884697485,16:06:10,-1
20395558.823134627,234.0046213878128,15:47:07,-1
44354498.02880541,219.88518907059577,16:10:47,-1
70590359.78951158,111.82626487982871,15:41:05,-1
20888875.46575999,166.93236427964706,15:42:21,-1
45705980.96361242,281.8224577889412,16:15:36,-1
20020871.87400572,255.0921902654816,15:36:05,-1
43379719.04496223,305.93383410902953,15:41:56,-1
47933372.85825021,104.21262403640596,15:34:30,-1
16420524.321421947,352.40145395625007,16:19:02,-1
32830213.642519243,248.301456213306,15:55:04,-1
3516379.8885686616,28.415489719487343,15:54:25,-1
3041715.1556416824,184.41435283607365,15:48:25,-1
9643919.662427723,130.25260215187365,16:11:51,-1
6303586.853863248,357.012096103477,16:24:38,-1
63579420.71925091,122.38843908454088,16:04:40,-1
48109136.81487368,37.555208135333,15:56:19,-1
35689825.56373692,36.69715921834607,15:42:53,-1
84827423.47567058,43.10968042808823,15:42:50,-1
53472981.94493884,347.1306265659268,16:23:16,-1
67833461.19892916,182.14843939230127,15:47:37,-1
23548176.337469712,340.0287473275739,15:39:17,-1
49194329.238428496,232.911777597331,16:23:15,-1
43849458.183218494,123.26808352124591,15:40:53,-1
7535592.707993582,253.6177842476871,15:58:26,-1
2393151.3769487524,62.84100183806543,16:12:31,-1
14149533.89890034,123.5611515348422,15:59:12,-1
61824727.61265346,161.93441583609763,15:49:25,-1
66947336.87547994,38.35421940080675,15:48:48,-1
82536259.0443076,35.712551961242255,15:57:21,-1
18748926.99653809,53.53876939812855,16:18:57,-1
12104555.874428725,143.36148458512076,15:50:43,-1
73688074.35578689,248.28472228817472,15:56:15,-1
39308747.95514219,184.5984299134926,15:30:15,-1
14606582.816708049,274.3415269341392,16:12:38,-1
30611023.52042054,149.54548364761283,15:57:51,-1
52953290.03282341,152.2110650991119,16:04:33,-1
88925357.61342931,98.11713644550424,15:27:42,-1
77837102.77387123,282.9685606643406,16:04:27,-1
60442395.20232451,309.7773422814076,16:11:27,-1
30031386.268583637,22.92626470099028,16:18:36,-1
80084965.16966026,97.9803953921381,15:33:15,-1
32466842.81172753,314.9614534339831,16:09:52,-1
75673612.86369634,320.26635717272524,15:41:03,-1
33477330.004522912,193.32567214992028,16:17:19,-1
80628142.44941965,86.6484875945422,16:06:51,-1
41393819.15435123,289.8066481027081,16:20:56,-1
50950311.22059696,276.6420092341967,16:07:00,-1
70674047.0373981,262.5961046803725,16:08:27,-1
10663093.911757244,226.844610944112,16:25:26,-1
81869229.18980575,21.676092161844718,16:22:06,-1
26385649.090410404,207.94037749071828,15:52:14,-1
81056282.99287944,209.44087913234023,16:08:17,-1
73270742.16157316,150.0998445771989,16:00:34,-1
89070774.6524013,286.96070670567883,16:14:44,-1
8713347.952038314,293.608487895788,16:10:53,-1
11265953.660723422,77.32014068135044,15:45:09,-1
69848148.47508186,287.84940042803964,16:03:06,-1
30040626.143262696,201.1755425049276,15:35:06,-1
61338052.99275272,238.1547805915948,16:16:48,-1
23837131.783233743,79.42374626376608,16:03:38,-1
55102541.33300304,344.4630427593425,15:31:28,-1
56247480.67293383,192.94932772518868,16:12:44,-1
6074811.713347438,165.33468212196956,15:29:26,-1
11744058.46703548,53.05446601454328,16:02:32,-1
11046842.376349278,212.8355702364201,15:53:54,-1
4068470.029343863,253.22703041207131,15:46:36,-1
18516629.693593334,126.98850800007264,16:12:33,-1
78819650.05603887,334.45201084023813,15:36:14,-1
71981891.53347108,81.207885666117,15:37:54,-1
64237482.52015534,308.5092124168797,15:50:25,-1
41202885.70391248,85.00768435024446,15:32:54,-1
59642031.13881789,112.176076155768,16:19:46,-1
23081496.557322845,294.1945342612132,15:39:01,-1
34687637.6852517,164.6233840857392,16:03:25,-1
27803310.465497658,260.36202556959,15:58:42,-1
76565338.38153923,143.53430366453176,15:36:17,-1
44777499.49620408,131.18599266915993,16:23:44,-1
42793072.91566844,248.63745125474023,16:07:23,-1
71595946.97844887,12.578550116057414,16:10:51,-1
5740382.918074507,109.65363668358874,15:39:00,-1
39152791.62219535,145.33659163689853,16:20:13,-1
6038987.0055792825,348.0472930922829,15:39:22,-1
40033273.285642,311.8263560024802,16:21:29,-1
48188229.10125646,301.2227693528421,16:18:51,-1
17468186.56785478,238.1466319564381,15:39:02,-1
2449117.0650344114,313.34402469514583,15:40:06,-1
80693966.57231517,278.2299032266575,15:33:24,-1
61306529.48780272,10.267592484085748,16:17:25,-1
70577709.29704149,280.4441397043367,16:15:02,-1
32772068.06859221,25.71630756819652,16:06:16,-1
10556612.166674271,277.6768664671187,15:34:37,-1
45656311.74496792,340.7145744236037,15:37:24,-1
74825888.74111533,97.90779529841524,15:41:33,-1
73380649.2352677,94.41839098265446,16:04:15,-1
27921477.726292346,306.536557571497,15:53:10,-1
81973397.84447421,173.45049715680435,15:26:24,-1
53566340.78207987,122.17659920013573,15:31:16,-1
22625278.98560813,222.20426322468012,15:50:21,-1
58118767.0933173,167.5426692490338,16:21:03,-1
55602272.06449791,358.4968326633581,15:49:59,-1
64634791.69980407,156.8210288927591,16:09:17,-1
10255661.95401879,173.7185043895696,15:33:18,-1
37484979.61531736,265.6950320927129,15:25:40,-1
87768636.5158404,156.8208401477903,16:11:10,-1
16727680.602292856,110.53007920469337,15:38:25,-1
58452153.57447889,326.17256840754254,15:53:29,-1
84359157.60354953,70.41114218306213,15:32:05,-1
48962746.97352178,114.91807773803322,15:49:48,-1
88208142.2240812,94.50753842161969,16:11:33,-1
59709315.60045143,215.0897938377494,15:53:31,-1
80673985.66113055,53.5992833189532,15:26:49,-1
71654642.30808528,312.79427258972095,16:09:12,-1
47797387.28294822,256.6177141368969,15:29:03,-1
67586054.04837757,214.83627768855908,16:25:26,-1
20552630.813100845,124.912577452921,15:37:43,-1
19910172.32275787,227.3826193516756,16:12:29,-1
62617733.0121097,61.82770760753853,16:17:23,-1
76818290.4581471,228.42288703616748,15:56:14,-1
60007333.04609472,10.212751598706946,16:13:09,-1
3255106.5768659594,45.13114342927384,15:46:07,-1
73758305.46289706,290.05662087312294,15:40:08,-1
77954283.16569227,344.13900357987904,16:12:21,-1
49614051.74225965,149.60324946841428,16:15:09,-1
12929823.976616062,121.54299802210568,15:34:08,-1
58693926.758251525,134.95274663965856,15:42:38,-1
35488272.0916574,42.2149757245349,15:34:27,-1
26730244.564613525,25.48229540245037,15:29:04,-1
63143558.55001245,303.6565188500559,15:46:48,-1
28051075.15867152,189.18209618205296,15:58:24,-1
53853473.59311751,164.8196354878367,16:09:38,-1
15614803.19474073,155.75848441913843,15:43:28,-1
51147178.385139145,173.47952198204771,15:40:24,-1
47473497.64118838,159.74216294192314,15:49:51,-1
78965732.25285895,3.83136908069988,15:51:48,-1
37013162.48653327,286.55560160845454,15:35:11,-1
79859632.18714201,20.002350619604773,15:42:15,-1
25874984.269783758,317.1112868571684,15:34:22,-1
38495571.69863645,124.61547901936144,15:38:52,-1
46010999.60386659,344.3664650739605,16:00:31,-1
24519501.863695227,319.32082090591604,15:37:59,-1
61294424.065412335,268.371644440661,16:01:31,-1
67149471.88328177,272.8584341965846,15:49:14,-1
89007322.17860076,266.50786881364274,16:01:46,-1
41242923.53006672,45.507147051068,15:29:56,-1
88852078.77785397,295.8148730832348,16:15:45,-1
3159067.8204392632,189.1307554839474,16:14:21,-1
44690699.16944554,265.7889137625361,15:39:34,-1
65428031.98920288,303.58072830336226,15:59:23,-1
40284037.36122137,169.75637702202312,15:42:42,-1
3431375.1908722445,354.0774923208114,16:11:16,-1
5677413.777352874,61.7012571306125,15:40:11,-1
46044908.98888835,7.05904595020828,15:52:14,-1
12103985.657433242,191.6598779599283,15:58:54,-1
65555182.20112365,8.696358268670625,16:11:40,-1
62294041.32154919,340.28395609067223,15:52:10,-1
46052920.47794843,212.05006901716283,15:39:02,-1
39640566.04003155,318.14749592122945,15:30:46,-1
11893986.061766198,4.980465971034049,15:31:54,-1
3020792.4522198234,238.2062436739209,15:40:54,-1
13640457.63745823,243.7564582670596,15:41:07,-1
36879652.225748576,340.9296915664888,15:52:42,-1
72753910.54494022,297.04544589923853,15:52:14,-1
71951569.07032833,31.221848212050972,15:59:48,-1
32933556.16331308,70.64371079211378,15:42:36,-1
38151816.549309365,8.80264148162433,16:16:55,-1
42980945.59290802,37.961245386056206,16:15:05,-1
2559687.9121660194,104.1486903192388,16:25:01,-1
81888507.54231648,189.01375895320697,16:04:32,-1
48059825.07512302,203.90193091770203,16:00:14,-1
63532791.15398898,316.75758896230303,15:59:23,-1
65500420.80596364,152.93728677833087,15:41:56,-1
38884849.40099487,106.52999019580425,15:47:39,-1
53339867.33187174,190.7959131496593,15:42:38,-1
72576815.12600283,46.49754691861509,15:50:39,-1
45846888.61157715,68.62410150514295,15:27:56,-1
968424.4029140384,286.85740404680195,15:44:15,-1
63906486.197852574,325.4405461623418,16:14:39,-1
4451310.302057304,47.71648691086168,16:03:01,-1
45317671.947475374,344.94296208049536,15:48:02,-1
3478176.2290736185,97.38518225056902,16:11:25,-1
45799289.1115217,120.26600577217418,16:17:33,-1
76089653.13766977,315.2435319822064,16:11:40,-1
47053061.28864262,272.2849647782384,16:21:58,-1
82703930.59002925,325.69387349530786,16:14:39,-1
4111445.891419784,107.61213715758149,15:34:45,-1
43878336.37089249,319.01208999170365,15:37:38,-1
16320259.00286062,335.06360337533,16:08:32,-1
52526938.48532673,223.22481147392253,15:29:44,-1
61762145.14836022,172.77017617692513,16:22:45,-1
46207716.70913607,128.93749722878368,15:37:05,-1
83418183.37824659,254.62623813065184,16:09:47,-1
88408777.44740672,357.49635388613336,16:17:23,-1
71828918.68775856,329.9337348211361,16:04:48,-1
25347948.461580034,48.91871646412675,15:52:46,-1
70715769.132394,192.1363500782843,15:50:42,-1
36379563.55076292,161.39854251472875,15:34:32,-1
5136411.5112693,207.324618380141,15:41:27,-1
39773341.96492525,241.3887874465992,15:49:04,-1
1279735.54883006,159.33958895538137,15:47:03,-1
4339518.899977516,313.5386127422096,15:31:45,-1
49673174.22146218,101.31995480470228,16:05:28,-1
52832004.71196885,206.92521172729863,16:16:45,-1
64209607.43583718,261.48175102453496,16:25:04,-1
31208798.68801043,33.21647985899368,16:18:02,-1
55973323.25425039,292.36573122087395,15:59:38,-1
69796956.93704583,277.51852283797587,15:49:54,-1
21868318.333446834,280.1647720928878,16:07:53,-1
45172419.1600804,246.03467974990016,15:50:17,-1
26585077.301910456,36.039252761453895,15:52:05,-1
24776234.54665595,264.6425482492375,15:44:31,-1
26993626.186161578,322.203794312345,16:09:49,-1
21598463.629167143,275.50095481113897,15:41:49,-1
34150940.483198486,216.3557546091385,15:47:45,-1
51000174.00747689,99.16475370370576,15:31:37,-1
80126947.43297273,71.79282381414012,15:27:34,-1
87895569.86525173,129.16704417480105,15:47:45,-1
15076784.438576048,150.01886573341102,15:55:15,-1
32101183.05821887,132.34765326179698,16:20:44,-1
20187465.974962626,325.87783835702334,15:46:53,-1
35275620.63234089,100.03114098909676,15:53:28,-1
55239424.851501815,279.77983112850103,15:36:08,-1
85080468.6330334,110.46223358840496,16:05:22,-1
12024679.142304417,282.9003377959816,16:06:05,-1
19853576.075727515,113.49217603968822,15:49:31,-1
58506918.22959691,35.1122767813887,16:11:50,-1
29134413.4651239,218.7224010926744,15:48:11,-1
30296636.903663203,39.04422858328317,15:39:07,-1
13895118.539940396,92.12535694563726,15:55:42,-1
14670439.142960086,315.27581034075774,15:44:20,-1
83587635.30559576,295.3658362669892,15:53:55,-1
58484132.73001608,115.11443598080687,15:54:14,-1
45656023.13016281,337.9391103999512,16:12:06,-1
49042413.5826877,153.33952418793675,15:29:44,-1
52709609.76698414,4.480380821788716,16:16:56,-1
28170559.15066185,17.987307274739823,16:00:50,-1
39184287.92898031,25.375136700141976,15:49:01,-1
12785208.939793048,96.9974292471607,15:57:10,-1
48729833.894377664,67.23111353043677,16:15:00,-1
5311362.931179398,246.93643763486236,16:14:59,-1
51700782.20353957,6.477829310164407,16:03:04,-1
53830079.57521063,165.9823457170957,16:04:15,-1
43944590.98380353,238.83566944839075,15:35:01,-1
29892791.66996276,290.929093778624,15:29:19,-1
74247529.45605277,351.3208412131197,15:34:33,-1
24213821.92883602,262.78525892591443,16:08:49,-1
3094964.515464028,270.2895684312767,16:01:41,-1
83690778.32718167,243.55560666076872,15:57:01,-1
66331525.26504532,70.39814631510632,16:01:18,-1
75766816.15725762,173.96643689150125,16:21:16,-1
32759094.12001439,267.1987984457372,15:40:41,-1
53501354.31058855,270.0065871902806,16:24:57,-1
55546821.29290505,22.06955174438971,16:04:59,-1
89532748.24706279,250.58745650013756,15:33:33,-1
48983920.98628086,88.77751652180127,15:45:07,-1
66528665.765495695,269.39925083823243,15:51:21,-1
80539091.11232257,233.7957378517984,15:45:28,-1
5828463.45208459,66.25246957281449,15:26:08,-1
23647242.38983297,282.3362191417064,15:59:04,-1
51105859.1380944,207.8927657846076,16:11:30,-1
46925220.71563305,183.95659793017217,16:20:54,-1
88055947.1835864,50.98147154776221,15:48:11,-1
48843665.54623331,226.68361434686005,16:02:17,-1
13779217.392244147,180.17035686207103,15:52:49,-1
21453255.414841767,75.75896220703683,15:51:23,-1
62421499.48258369,13.502371276998272,15:32:08,-1
6564578.425386666,175.1466811623346,16:13:42,-1
39599547.04579004,139.82902273746626,15:25:31,-1
23373052.713619877,107.18306475364514,16:19:58,-1
12119019.509794988,87.8563042189081,15:44:49,-1
32860407.80780157,160.16282629891234,16:01:18,-1
56821735.21456873,190.026006829354,15:41:08,-1
52943547.48761623,82.12911409498241,15:35:39,-1
85790014.49618566,224.02880855980436,15:33:22,-1
14655979.684152843,221.2407458083888,15:34:51,-1
20338460.23620505,294.5723725167979,16:09:20,-1
31917054.846692324,270.6035324359653,15:49:51,-1
28927565.078893032,179.5225575919016,16:04:30,-1
50427650.07590581,237.5137258486507,16:08:55,-1
2546625.71683614,325.1980198954634,16:11:15,-1
67796008.5883539,75.59232278900726,15:58:35,-1
37155318.222174935,74.23806788710304,15:45:46,-1
55276482.98411141,236.9175295736286,16:13:17,-1
60202895.67169369,74.86560011361553,15:52:13,-1
49308121.68142232,266.40143892369764,16:16:54,-1
64787000.9955888,303.93887727669755,16:23:08,-1
87595289.64311083,75.2420895182026,16:22:08,-1
79444235.02851564,184.018092601211,15:33:26,-1
59186165.43139969,272.7815493997612,16:24:00,-1
21667201.90561049,228.59195422427464,16:18:35,-1
58784879.50450946,213.9141673387136,16:12:32,-1
64217158.17459963,263.9382387212022,16:19:28,-1
49777191.31872754,69.09768472647147,16:16:40,-1
67871338.55732973,258.6031347576958,15:32:19,-1
47614743.62275602,192.0870205224559,16:19:59,-1
16054676.433175389,112.74211410528228,15:59:21,-1
4554616.685705564,130.9454921629269,16:18:25,-1
43739633.71929201,27.267305553739966,16:11:01,-1
25539074.01609284,266.929088505799,16:20:34,-1
86305517.05235274,272.9046496436775,16:16:11,-1
25655842.37820608,79.47033701741877,15:40:39,-1
54001168.69101415,300.6662727814654,16:13:06,-1
9760128.640381845,68.19265371749303,15:51:06,-1
35369268.01003136,234.6926315562845,15:51:56,-1
25204775.78463814,337.3148498979997,15:29:58,-1
23146800.21287496,19.83691053741468,16:14:02,-1
77629949.48994382,302.8012578920225,15:59:38,-1
63869713.01494078,52.7389609479597,15:58:34,-1
54715282.39092472,159.87475647206475,16:14:19,-1
34598387.23363162,127.4614517326188,16:20:21,-1
17179436.921168763,259.372958816793,16:20:57,-1
82554809.62570728,165.52213414718474,15:31:25,-1
49790774.2907321,124.1956069102782,16:07:28,-1
4712586.879249738,354.321460243179,15:35:48,-1
17329553.879075155,322.8933525098656,15:33:16,-1
8158325.087630932,179.33100897545592,16:21:47,-1
74919139.29739855,155.42539987907705,16:03:34,-1
3634432.602114887,348.24799202062644,15:28:38,-1
30638080.09772339,350.70284309482395,15:55:37,-1
35520098.7423102,249.88191249369925,15:47:07,-1
55224313.991762005,52.46718602429901,15:32:43,-1
38769752.61152225,133.14896143446734,16:12:29,-1
16539829.222024933,169.4815753810534,15:50:31,-1
37862286.69896153,205.08900332720495,15:59:40,-1
77970711.2631448,107.1646199449036,15:51:39,-1
70311009.57029487,138.37469523468263,15:31:14,-1
17818966.92150215,13.991683575849256,16:14:30,-1
55042773.3562459,337.529449938301,16:07:04,-1
70857343.4108872,267.5917406183624,15:40:12,-1
71168086.60417718,168.79002705345377,15:35:00,-1
41932212.108087495,46.08341391089858,16:02:46,-1
86565594.6608709,23.133071444001462,15:26:03,-1
54962866.20034576,252.5206498759368,15:47:09,-1
68662493.64232531,267.1586941458338,15:59:06,-1
83602355.95250642,176.28631470555163,15:40:39,-1
77799039.49547951,140.04025345081823,16:03:37,-1
59385784.97464027,179.06797536439154,15:26:14,-1
28347562.780752208,352.3866190451702,15:45:59,-1
64205316.74702905,236.3746147015179,16:00:34,-1
1983789.8781933803,322.9987617713611,15:46:28,-1
33977026.59228704,53.69884751254401,15:31:32,-1
12432868.373401567,263.37093071158785,16:06:02,-1
29994695.512014173,112.80528699681,16:20:59,-1
42653027.9324334,317.4368644280069,16:07:21,-1
11614062.997810325,97.27977845636258,16:17:01,-1
31251749.00165357,293.68232847549325,16:16:40,-1
80816135.44654116,220.7024849689152,15:35:16,-1
29428708.407684032,172.91371465236446,15:51:38,-1
61605487.04228629,251.5264407573864,16:25:24,-1
26970265.494207613,57.22844820629561,15:57:09,-1
28893702.57436555,9.897877258005249,16:11:05,-1
63033857.5425222,68.34951013459218,16:17:07,-1
50186595.22823952,147.37670638398689,15:36:12,-1
26983508.41925903,259.6470880347519,15:48:55,-1
34343553.43871945,281.7998129208389,15:58:19,-1
29081608.97934969,34.50834466244284,15:37:09,-1
84524043.22399785,233.671864623661,15:35:05,-1
59814383.7283675,356.7305956312582,16:09:32,-1
8657735.99363159,220.17175695368803,15:50:33,-1
68528159.76335523,240.97613902540928,15:56:51,-1
76549508.71829176,74.89402414095312,15:39:32,-1
56456718.20968718,2.7179537742251325,15:34:45,-1
30208257.374415167,16.885322449398288,16:16:27,-1
49738702.0221109,314.779428752589,16:16:15,-1
35355199.63556739,2.344494052787849,15:51:21,-1
32759386.301426817,206.5015181830084,15:56:03,-1
34949065.69711844,233.953994430868,15:30:58,-1
24338619.51926179,70.48819593891928,16:19:18,-1
3870852.982559784,282.9968169667566,16:16:12,-1
1133624.9810298264,231.7056221757365,16:17:44,-1
8644169.179475926,216.29662602021708,15:32:27,-1
69793768.63145724,75.8220178785717,16:01:20,-1
1387541.6485291289,256.0554706408321,16:18:01,-1
5252648.051798275,65.53344166533665,15:30:16,-1
8818143.314245688,216.9456756349748,15:28:00,-1
89889406.16338992,13.582990967140116,16:13:55,-1
24281572.08125374,66.11337434567753,16:24:27,-1
55000690.04763284,32.96984403005361,15:34:41,-1
77939454.62669957,74.57938401878202,15:57:57,-1
84289711.78250498,24.773310840647884,15:42:09,-1
70059836.85165662,50.16651696143689,15:33:42,-1
88929885.23135686,4.668922521827135,16:18:57,-1
44509487.5461987,292.8422904930634,16:07:42,-1
48267134.1500963,27.72548006519961,16:02:45,-1
54907654.360659845,113.47151690160904,16:04:45,-1
37958911.76431985,275.3441538210216,16:13:30,-1
40407904.91485897,165.9686138624955,15:50:59,-1
27839747.39388065,297.6164297936012,15:43:13,-1
38926770.70362051,78.10217111726239,16:06:02,-1
78598240.89738964,293.67259352821003,15:58:47,-1
4480812.470765766,14.960908410637357,15:45:02,-1
21492813.494286563,325.28429975750583,15:40:51,-1
89323440.52010377,154.52526847401737,15:52:55,-1
15108856.948381271,242.0443199041202,16:04:54,-1
22996389.38070917,171.16717471445057,16:12:39,-1
87883133.11023945,143.47547055508485,15:56:01,-1
25200188.29725552,117.56590716158874,15:41:59,-1
42977348.06758112,42.28514751675933,15:34:51,-1
20179378.967056908,21.530699739421564,16:14:57,-1
32903606.7835734,71.45791607799349,15:37:35,-1
15215622.8354578,330.1752198891585,16:16:28,-1
36792521.74000785,153.22427751201738,16:06:43,-1
11856754.997326942,16.181833053646514,16:12:49,-1
18374844.42719452,294.03654786203055,16:23:32,-1
26006136.536338225,32.349072510155096,15:27:04,-1
89665248.97231065,51.67989419697142,15:42:59,-1
54151963.59435486,251.81491062421412,15:26:16,-1
45358637.87775938,233.69358065095355,16:01:18,-1
4448701.127321679,242.9095034852464,16:04:18,-1
87969550.91862226,119.73822245879803,15:37:26,-1
79548812.76900598,75.72836604587819,15:32:25,-1
56194614.97755464,205.09272391628775,15:44:26,-1
22643824.953032617,60.514044611906286,15:56:43,-1
41101277.66163389,309.9543044691391,16:24:55,-1
76670887.31213833,35.92626297637618,15:37:29,-1
25128492.658377144,218.26888549923456,16:00:37,-1
56119499.90220208,220.97384985501208,15:44:04,-1
83896896.05546236,262.9233928592976,15:58:07,-1
5803392.679231624,257.8101450458819,16:06:40,-1
44500711.36539631,256.4604391128044,15:38:34,-1
27897030.47454089,322.47872457362644,16:12:07,-1
78311126.49432833,215.5339811801333,15:51:06,-1
77252687.03605169,52.79925008476359,15:27:45,-1
67885034.6828885,55.53793037827199,15:58:53,-1
11035898.763562908,328.7635051912323,15:57:00,-1
59419136.65806178,33.57638179841351,16:24:22,-1
59714741.98199619,118.54879609328162,16:13:57,-1
57321664.1185417,305.4825408938979,15:57:15,-1
16399500.926764738,273.7356080643028,16:20:39,-1
55559749.80849941,144.0680563843929,15:35:54,-1
80090690.03604838,152.30519413627587,16:14:30,-1
66992796.35540093,7.729124569565058,15:30:50,-1
66613313.13292528,221.7379529096577,15:59:06,-1
65273883.377717465,209.541945507866,16:10:46,-1
15455326.395079955,63.882191280891526,16:05:31,-1
35613379.88518048,103.18028439312818,15:39:06,-1
49521904.95776296,116.19174303438702,15:58:05,-1
57243750.24055971,298.6871963236393,15:54:10,-1
25160440.779480133,42.77853848169171,15:26:56,-1
64903985.64993547,207.56507365101055,15:40:01,-1
80331162.25679414,228.9433702838788,16:22:19,-1
84238869.1732559,212.4240380602457,15:30:35,-1
71719739.31263737,209.71984462701403,16:24:56,-1
28867200.1507083,307.32374919864293,15:59:37,-1
28674106.295721125,77.36143610986507,15:48:35,-1
30468083.466408662,107.14388283032716,15:33:06,-1
79062872.70475793,188.03950136350463,16:13:25,-1
18539013.346243337,90.61501612012974,16:22:43,-1
10373990.058708653,27.519548832410905,15:25:47,-1
49402843.37913446,320.0217259445837,15:41:10,-1
64087994.54733556,316.116876709855,16:10:11,-1
78320617.10006134,45.68891816051509,16:05:13,-1
41488544.09861102,176.74605923990973,16:19:50,-1
70642690.1429898,53.01523870831714,15:26:09,-1
24231636.45362933,27.98560674008957,15:33:08,-1
10972541.05858871,184.48113202467175,16:01:04,-1
65365713.16952537,157.79690432743075,15:29:33,-1
83794367.79942271,290.0409860687846,15:34:04,-1
38964269.0488599,164.03041106848937,16:04:00,-1
3567946.469386648,170.8314021639287,15:47:16,-1
60218814.20236045,98.8598038321036,15:58:04,-1
88831817.87270324,234.3500101626505,15:39:28,-1
67327753.31445053,154.48727227332753,16:23:42,-1
49586836.42115978,274.589082260391,15:34:37,-1
12688684.381456751,99.64544516653405,15:57:23,-1
35925244.23453351,284.75408153071885,16:23:27,-1
65579234.43104704,135.79688501190032,15:54:20,-1
50745610.59915148,338.4127182666481,16:01:39,-1
19634249.78480736,158.72839687464617,16:15:08,-1
46741507.95762218,159.85558996423435,16:20:07,-1
74163496.56812179,91.55047763275036,15:41:28,-1
61549902.16427812,237.52260797485104,15:55:44,-1
48383190.65034649,197.1038227342722,15:40:15,-1
29545815.22228312,8.903641791121938,15:32:24,-1
10186806.34945584,312.7708379429772,15:46:49,-1
57492801.800046645,40.60016191592158,16:10:05,-1
55462080.4423056,319.477835443047,16:19:13,-1
74516711.19095072,282.8252554535947,16:22:08,-1
6554908.6460179575,100.75866029456203,15:53:55,-1
18919281.268252067,80.60358783872289,15:29:30,-1
69729585.74618283,156.04905300655318,15:50:21,-1
10530523.038527278,21.21811938162734,16:16:27,-1
33097706.31653301,255.26637012266343,16:22:38,-1
20994466.02392077,347.8497944469958,15:29:30,-1
49746064.63121287,299.3469565296379,15:26:17,-1
57955792.98414291,348.28075616200795,16:09:44,-1
46626704.32493973,355.3312326489772,16:14:41,-1
24788016.70828274,150.49294884857605,16:03:38,-1
8086940.479370963,197.528269298161,15:25:50,-1
22722446.987874158,17.69088519364121,16:16:55,-1
9137359.642127732,109.20032970861617,15:58:37,-1
60616521.36514089,41.88428924894105,15:31:35,-1
6255500.651361864,203.8247303374158,15:38:24,-1
51342789.10724416,296.93211281568034,15:30:22,-1
47469108.66571392,143.37898104824413,15:33:02,-1
37003415.21921668,65.68657329005873,16:12:08,-1
37095127.97931016,101.25530855807251,16:13:52,-1
14534591.893444609,312.5603422946838,16:09:24,-1
80916161.74245036,215.30225643299968,15:50:07,-1
81398231.24569553,161.23304526256908,15:27:10,-1
37215314.48675935,333.3086410172068,16:01:24,-1
25260238.062578134,46.30042132662052,16:11:24,-1
23338658.925785694,132.30926886380936,16:02:22,-1
13640982.066691449,20.50981796620839,16:14:37,-1
8353876.197727141,343.30763569084786,15:36:55,-1
77233247.06559886,31.67157380485048,15:29:19,-1
7797451.903620284,267.6081874564905,16:13:19,-1
17209643.831712425,161.2829822687589,15:42:26,-1
44099206.70251841,343.51409498569336,16:18:55,-1
22997045.7721215,179.33681841197856,15:48:21,-1
63287135.45168484,103.42015403133968,16:05:23,-1
63755149.57661814,34.267828346960734,15:45:16,-1
34171702.781793594,134.39741564352153,16:17:06,-1
10538977.015230931,99.09850262411058,15:35:46,-1
85644480.58040588,88.09921822788766,16:00:28,-1
15504830.892809698,356.7204523888264,16:12:05,-1
41469466.08199596,137.9788064723615,15:59:36,-1
3510217.439782476,292.81601610028304,16:09:27,-1
27077741.057404388,140.8241542759516,15:44:55,-1
30588668.777994547,195.9613544174701,15:45:28,-1
87538196.59730983,187.9044743570977,16:16:50,-1
36968301.588999145,62.64146285105882,16:09:42,-1
66571961.98924835,74.52001420369552,16:08:38,-1
56581745.94108971,141.76338378089332,15:26:08,-1
64644517.94570664,322.33760067127554,16:06:02,-1
48946178.28126136,229.1647741067259,16:21:09,-1
64018928.88038674,192.736722658187,16:02:18,-1
44513958.06998228,50.78787267651195,16:11:20,-1
3145756.9301534896,101.69668513993452,16:16:45,-1
84880404.69649452,93.04537855070532,15:52:35,-1
9771338.153960092,261.6329545464363,16:08:42,-1
79678097.45962791,155.60459479954048,15:58:45,-1
5691584.1954811495,51.43020479301998,15:35:16,-1
64225465.421757065,30.3208154209924,15:47:44,-1
52272202.20199703,86.38633249653869,15:28:20,-1
12821028.880014198,161.0823121292555,16:04:30,-1
32181174.71405161,43.56931300450605,16:02:10,-1
6893798.814986252,255.81348856108625,15:55:33,-1
18924756.05189541,29.66739557736293,16:08:07,-1
46284675.49506641,165.89245073098255,15:26:53,-1
85871066.3767093,96.8819017127175,16:02:24,-1
57242914.60878763,39.85150035155495,15:25:35,-1
48057729.86952605,284.9614131647943,15:36:34,-1
61798180.66262906,117.40916289791974,15:50:18,-1
29550301.714536943,145.3661138223339,15:52:34,-1
44041955.19915542,296.76014015972424,16:08:49,-1
63202028.78643464,331.3877675405936,15:44:32,-1
36395807.55023336,78.82121166779851,15:45:08,-1
72546536.468952,3.48263591733506,16:16:51,-1
9528001.8333346,204.50130990303177,16:00:41,-1
36870788.16077712,73.18143262018556,15:30:26,-1
76042242.32010207,223.5518192234657,15:51:23,-1
81172666.50747347,289.79982390714326,16:12:37,-1
16517114.158855274,57.02901487463943,15:29:15,-1
72930418.07064222,214.7759431205412,16:00:59,-1
60428790.57213944,328.4058053890417,15:27:30,-1
21727731.71450472,54.29662512436926,15:58:08,-1
21007861.003017105,347.0758578842276,15:43:43,-1
39872899.51870226,111.3015365041152,16:15:31,-1
12278380.982289808,119.4942795101765,16:14:23,-1
14765293.97617649,266.57127278907615,15:59:11,-1
34783923.31758571,14.65726450507734,15:37:49,-1
75582555.87278335,123.28473604596287,16:13:53,-1
3359740.774393153,228.11367050284716,16:22:06,-1
59468124.74939933,164.2361262590075,16:11:55,-1
50595847.363023385,31.55799470671965,15:54:43,-1
73652339.8504889,302.5088377770998,15:51:16,-1
71482466.98272118,82.11702654178293,16:01:02,-1
14762356.500562802,178.84541166032002,15:58:01,-1
25007974.360284302,21.731252208082896,16:01:58,-1
41518223.58481566,293.3134540780803,15:46:24,-1
89157799.34288117,60.86280509845103,15:28:15,-1
32705287.082061917,206.66639179808504,15:26:31,-1
51370118.66318682,16.041243975847056,15:46:32,-1
81507717.790806,108.9421325503096,15:55:13,-1
34345958.31611895,93.59949483481448,16:03:48,-1
29835619.737680767,18.328118898373678,15:31:39,-1
8586617.312687311,145.78899890705333,15:37:53,-1
34165468.27071475,285.1436713345348,16:06:18,-1
44708924.62932227,309.2223827938886,15:41:34,-1
33682025.51222308,332.6110994623832,15:36:39,-1
68979573.3558413,39.80061899302135,16:25:25,-1
47266177.91335576,112.073315006068,15:32:48,-1
66025750.16915233,97.93937753249908,15:38:33,-1
10986374.731950238,2.1732848829634666,15:39:22,-1
53752132.54253471,200.2915400471316,16:10:40,-1
7047329.784707752,129.21417784687816,16:07:56,-1
19984415.36923248,259.0660336145271,15:32:53,-1
50117712.18596367,163.02346757121643,15:41:16,-1
72340600.13842379,184.95113673312056,15:27:51,-1
5920495.931100608,297.8414464003227,16:10:29,-1
51404227.35299003,238.0918478018001,16:10:24,-1
17602790.681018505,269.4699708698756,15:34:58,-1
23461027.062642813,59.01958704810564,16:05:52,-1
17262446.560099162,110.92661793042048,16:16:05,-1
71100341.43634318,148.0964008010857,16:04:02,-1
17711421.83415401,102.34506883062366,15:37:50,-1
16839362.245334048,216.22286906243968,15:58:14,-1
16104752.043750336,8.186324297297528,15:53:47,-1
31956371.64389148,124.8658009286211,15:35:15,-1
34904575.92968789,275.81169618846553,16:20:36,-1
58844207.579988845,275.7521636102694,15:43:23,-1
63160359.09347703,332.32133112551816,16:04:12,-1
74095839.68579677,157.25386839616647,16:18:01,-1
32455436.186995417,103.4258615107342,15:32:44,-1
20256771.77943085,96.0025763569922,15:44:26,-1
14343414.258997278,255.01111733995705,16:14:25,-1
9484636.529953854,23.6334913453446,15:58:30,-1
63150235.37035033,150.38095151200662,15:42:41,-1
20042857.3064947,85.57537943486787,15:59:12,-1
4791123.921141185,193.1863681643616,15:56:50,-1
60115657.241142526,116.23566642480569,15:34:51,-1
87117854.30977601,242.27426576592205,15:42:28,-1
14639026.92191046,59.69003899892013,15:55:58,-1
60802472.75139169,119.72335686098648,16:14:16,-1
17113142.226031944,238.5721132195092,15:37:05,-1
34567189.417345874,93.11806619125193,15:55:52,-1
39555681.42739833,214.6354072507623,16:13:53,-1
32121903.78852132,63.32399504252839,16:22:42,-1
47063270.8825821,252.48721081403943,15:28:03,-1
60715190.706986174,67.94912595766081,16:09:39,-1
56612372.71510846,178.12908852279395,16:25:06,-1
8199514.322722163,243.8560551006172,15:26:26,-1
52717545.1375061,340.6119788090623,16:02:11,-1
38166397.71458578,89.35968840218936,16:15:24,-1
2582984.3142835344,145.05174581065157,15:55:22,-1
53530601.08403941,7.797048172950189,15:44:20,-1
87184524.0289776,143.56903360951955,16:12:13,-1
62224143.47856597,261.2578703211251,16:08:41,-1
84290563.00894077,263.3165699915656,15:39:33,-1
84350948.04034021,252.73765885150968,16:04:12,-1
32416570.016296957,146.41211366848503,15:50:23,-1
71873198.52768342,3.8844630167566807,15:38:39,-1
78883773.2166101,359.7376970764793,15:49:42,-1
31421996.82245077,235.32882875112165,15:51:28,-1
33358773.999472544,285.9914539025313,15:32:33,-1
4495383.347821407,272.1944072737717,16:17:00,-1
60240182.55558188,94.4003889449945,16:21:29,-1
74567631.96224537,219.64373379810968,16:16:43,-1
51621035.66319699,134.54978565674585,15:33:17,-1
28669861.191789124,260.2110607393192,15:34:41,-1
59117738.44787344,35.78475142012502,16:08:00,-1
891866.5805345153,164.73579360563693,15:50:35,-1
11937668.80294402,11.28054770158812,15:59:14,-1
50153494.21799384,242.29241043770827,16:00:43,-1
88616398.73344654,64.73103224136011,15:44:24,-1
41693593.16157962,218.71745495874185,15:37:26,-1
71910726.03318374,175.49784498802254,15:27:09,-1
34238382.144468285,273.10405730123443,15:57:06,-1
57953141.35462864,156.82101612682305,15:44:17,-1
19612331.84336161,244.2364030520548,15:39:10,-1
49205409.48276836,294.8260027712081,15:46:05,-1
21266538.237316776,299.4403821059123,15:41:53,-1
20508717.83418681,130.9610463303183,15:58:28,-1
1575262.1072848977,14.035030398969802,16:25:02,-1
38814872.46685863,182.45862610743,16:10:03,-1
89361359.84552565,262.13695208001724,15:52:36,-1
4963394.266829303,197.7337391756338,15:56:39,-1
16578459.528785998,200.09737595118585,15:26:23,-1
88478598.46863641,179.1859697010453,15:43:12,-1
167551.59907982175,353.848063310776,16:16:06,-1
50811258.72236496,114.3404984652582,16:10:01,-1
13701688.434071133,29.47835790024467,15:52:18,-1
68688205.11379124,342.243617518677,15:58:45,-1
524413.660118903,165.53705638046316,16:01:41,-1
53911015.54009872,32.79779950785135,15:56:18,-1
28157265.88827564,11.97853729711833,15:57:24,-1
38227070.49382186,275.7709102289288,15:51:31,-1
79555006.5971512,67.14885952326809,16:22:14,-1
75844229.3763237,247.99029202125567,16:00:34,-1
19753964.639337234,101.5028687680164,16:09:34,-1
84770942.65978266,213.27577468555708,16:11:00,-1
4976762.974059834,119.29723228462106,15:31:00,-1
12466242.416930344,271.17882490039034,15:28:12,-1
30237862.81911262,109.59279245322482,15:36:52,-1
59363395.81608761,168.02866196328324,15:33:38,-1
23754838.529215187,289.1841629157807,15:33:01,-1
68339768.63903272,343.87139137571444,15:43:44,-1
52311779.72042253,35.5145965349347,15:34:53,-1
15090870.619645271,119.53595983932622,15:34:39,-1
48139855.42596757,289.02653548513587,15:39:41,-1
78731749.87221542,125.30126826806789,15:45:33,-1
60091122.06992664,198.90882873477736,16:01:04,-1
49128337.38543544,220.8510735593855,16:15:05,-1
32182129.32252373,37.77882248539037,15:27:05,-1
10180432.018428927,195.03251255109328,15:26:42,-1
23533536.621288218,205.26705337805367,15:46:56,-1
68895867.77648616,175.81016531767304,15:53:09,-1
75473103.75457533,51.12303234685074,15:34:49,-1
47159357.83096051,123.53662694312236,15:46:36,-1
65017074.455974445,337.40273117568705,15:43:37,-1
75736910.35856618,356.93386414584063,16:21:35,-1
59650032.68793438,80.079875307688,15:34:23,-1
33392571.09373259,347.76542162810205,15:57:35,-1
73494693.0042073,57.15799271353429,15:51:11,-1
55163660.07952145,230.79461112190563,15:35:16,-1
71590833.66512555,350.6073961050722,16:24:39,-1
69509014.83711296,164.75473115653372,16:20:25,-1
65845466.65942144,121.14772793757128,16:24:06,-1
35989867.31358797,314.60251050122866,15:52:24,-1
49723564.350105286,163.89912105584403,16:18:52,-1
676269.8068240234,162.55795405569307,15:55:37,-1
46711922.67486615,277.8633710040698,15:46:48,-1
73840124.64642721,262.90165353091,16:23:50,-1
71155258.80612326,88.40095057758975,16:19:19,-1
14842204.619659811,222.08413986056365,15:57:25,-1
68640588.92762521,89.80405657102126,16:00:42,-1
72476829.4417469,287.1292488881176,16:08:39,-1
5232591.703511284,349.4081487518308,15:31:57,-1
45600263.625434,323.21610497555645,15:35:50,-1
42512812.59040168,68.83941670405052,15:53:45,-1
20859160.81076285,167.4395325987307,15:34:30,-1
76263978.78044306,138.39122210485823,15:26:21,-1
1763306.0317073911,239.34005851720275,15:32:22,-1
66457681.56001546,36.89957815258293,16:23:34,-1
51167520.04156175,237.06220135803764,15:46:05,-1
66426225.73919115,12.497168624640906,15:26:14,-1
56544394.52757567,346.20597864672885,16:14:18,-1
88495722.5272052,153.0849111114893,15:49:47,-1
52950571.64921822,24.44192251317721,16:11:02,-1
14604364.712212784,50.0833192192946,16:04:56,-1
31698601.795121685,115.7470396539446,15:51:33,-1
88805802.7467895,56.30975756983557,15:58:31,-1
64179605.88751296,138.2200482642171,16:24:21,-1
29633869.086215857,242.3388234121616,15:41:51,-1
21554642.248950694,243.78967152813516,15:46:32,-1
5947854.047975748,19.553537816071834,16:17:11,-1
7133083.100298849,277.1433608816175,15:37:53,-1
14100485.292302612,195.12256196355617,15:50:13,-1
88062897.80162077,211.1172732155729,16:17:48,-1
88067078.71442665,60.9015926626636,16:00:36,-1
43724745.63382418,113.99570291332934,16:24:23,-1
37168947.69619544,312.2889584135253,15:33:55,-1
89389660.63848096,208.24560756784533,16:06:06,-1
47534330.069473945,173.02359070231137,15:34:20,-1
17244999.57183418,87.81742324529694,15:32:20,-1
49439558.26033206,301.0836918913155,15:31:19,-1
21879301.015094537,56.254007692811655,15:55:17,-1
64298945.83609571,122.6089049569232,15:44:15,-1
28828911.1678606,347.92092509800545,16:08:42,-1
1910486.896930652,336.4938085042568,15:57:41,-1
2140767.2780077383,311.0792858434225,15:34:43,-1
15722752.657110188,286.2286330528616,15:56:23,-1
79780677.31216162,9.814710057431755,16:10:19,-1
5281308.504029489,49.78697249195622,16:05:09,-1
79502327.5366634,243.9386187943937,15:27:50,-1
79698319.86875378,271.38548056510297,15:31:57,-1
55385339.62505025,165.70917938122682,16:16:12,-1
32183569.84394016,187.7830705616772,15:30:23,-1
78914775.52085778,144.0419772483682,15:53:12,-1
70319072.36164983,90.95618585656956,16:02:54,-1
61084234.78958093,214.1927077863132,16:24:42,-1
34323310.940885864,309.42901211661285,15:36:36,-1
63503886.96061147,342.7699157364748,15:52:15,-1
61776532.93724572,38.88714008174604,15:30:28,-1
59050490.224003926,170.83065981656577,16:06:28,-1
85155880.61322589,189.37194099073605,15:53:21,-1
42012387.332051694,199.91628118178127,15:25:46,-1
74037155.66590875,356.31364677818914,15:48:26,-1
43076518.106003456,317.0479354127368,15:32:32,-1
65517048.73034316,204.8830778304745,15:41:51,-1
14599202.229940085,350.00790178360205,16:01:06,-1
26243569.5210328,323.19211775132925,15:41:36,-1
73351872.63601144,313.91372468621495,15:30:03,-1
25056960.13256771,40.13831553305501,15:51:23,-1
45229430.71520887,308.80646260099064,15:37:18,-1
6886812.295257666,40.10303073477718,15:34:33,-1
2840908.9164693626,333.82224507801925,16:05:19,-1
9366433.350364828,235.8654415080301,15:50:31,-1
7385795.874473589,58.0764741391223,15:44:14,-1
56033900.73565989,169.4848145630011,15:56:58,-1
5088328.551762794,252.0115327934596,15:41:57,-1
30357680.291959785,310.73509280151933,16:04:28,-1
64893730.78951784,143.16785524803703,15:41:46,-1
22870222.960101515,313.2883571543609,16:09:21,-1
36878971.44655916,18.54268858218596,16:01:39,-1
69648095.48997216,33.51413140126289,15:57:24,-1
58295372.26512562,120.85953746660726,16:22:04,-1
88395848.69505528,148.68685144185946,15:55:34,-1
45475718.49773853,29.37169883875152,16:12:02,-1
84946777.45473246,50.703005522687775,16:15:32,-1
12774356.061077723,28.20437103003853,16:10:16,-1
1157081.2938297288,39.47215911552171,16:24:57,-1
75486455.42109156,351.50320338750214,16:20:57,-1
1409363.960664517,15.037738974895266,15:38:02,-1
49693144.04309122,54.93006387067393,16:24:47,-1
77759307.58453578,125.21219852123492,15:41:51,-1
83020697.10781355,134.47807631381426,16:05:01,-1
38988424.00233892,225.6213657060256,15:34:26,-1
46903779.471676536,75.9661415056248,15:37:10,-1
27015119.351901416,38.30368252869425,15:50:55,-1
34288979.81038048,54.86838065047548,15:31:10,-1
8169292.937760645,100.91695184510726,15:33:46,-1
50542295.04796716,302.62399723361835,15:44:12,-1
27849275.041105315,118.22170854433224,15:43:53,-1
51614252.84406429,297.81261231219344,16:03:56,-1
46513337.093795925,204.69480091239208,16:16:56,-1
59499111.83838619,85.39555044686279,16:08:47,-1
55478012.1000741,282.5753944832942,16:17:18,-1
79391083.65629445,341.91506745958617,15:33:20,-1
40901971.64614634,122.39516331029188,16:16:17,-1
31425349.963804554,102.84889700338644,16:22:11,-1
56816618.519787244,278.3254894674914,16:01:29,-1
47420727.95539226,225.75653420127284,15:39:31,-1
81366658.73137666,302.1760183436711,15:58:55,-1
49779726.0241404,136.3132567564362,15:45:38,-1
1914767.5999412723,350.369047486013,16:25:13,-1
43067847.14317544,221.4994745683184,16:16:42,-1
69668893.29617167,68.35390414812237,15:57:42,-1
6449420.5369019015,228.0103775052732,16:18:36,-1
75426375.41789566,127.85082332869818,15:27:08,-1
29298335.933061976,47.54487252579909,16:18:55,-1
18890159.56345472,101.31388336204895,15:59:00,-1
61410009.69434363,20.46139122255582,16:06:34,-1
27547932.37946102,267.5683087991541,16:08:34,-1
34728315.58846501,331.3647605400826,15:30:34,-1
57276551.17649381,18.473659097913764,15:37:18,-1
18533943.53928934,334.9282258924304,15:47:39,-1
24421402.79191982,199.0635331209088,15:26:19,-1
47714023.36026883,170.8774446192456,15:32:08,-1
49967790.49519444,206.32900461604385,16:13:18,-1
86074716.49789281,189.8421478152117,15:34:29,-1
53877747.86403966,44.61095207243218,16:05:49,-1
45191884.09182605,132.37126274741172,15:45:23,-1
28270324.48663985,191.41367297346676,15:51:08,-1
19758391.95018959,250.86658456077697,16:05:22,-1
41387519.15008519,359.6085332495184,15:52:34,-1
27917455.656690978,201.9934081605975,15:27:55,-1
88718221.52583075,79.97569362514567,16:12:07,-1
16556048.102737209,299.40219128477,16:04:54,-1
11568759.04825722,40.05976849073137,16:21:51,-1
59651017.79820063,303.8315013585003,15:48:47,-1
3878748.742817888,232.0344964915483,15:54:53,-1
5391486.021259951,213.5499999286078,16:03:32,-1
6096083.267115088,335.4836918894145,15:47:39,-1
51068754.85789175,181.29944143857023,15:38:44,-1
68563562.63241136,280.27651301067266,16:03:15,-1
88441571.11565095,53.86037696004235,15:35:28,-1
58198384.02648256,165.56007531150385,15:49:32,-1
81113889.70165966,143.64672276247393,15:46:59,-1
69694683.41761918,188.52262614169248,16:02:35,-1
78541963.39012998,134.20773398231464,15:58:51,-1
34497140.19653835,165.1132450217789,15:34:18,-1
614218.1815707685,38.66963352470783,15:59:01,-1
50664737.38022357,33.183021462942186,15:35:32,-1
19738615.9279784,8.37738883307642,15:42:19,-1
68947254.71216501,194.43309765054207,15:26:00,-1
75436759.30378713,292.21176468179823,16:20:00,-1
23583232.817530323,224.40523834294308,15:33:52,-1
29141154.89724488,167.93088959756562,16:02:37,-1
59088448.38180812,267.663784102239,16:23:50,-1
87734440.66781715,251.5862581423098,15:36:43,-1
69620851.97551695,27.456033914700026,15:58:19,-1
24090270.10912259,142.2076905788483,15:31:54,-1
75281684.11335362,5.279452793988755,15:59:37,-1
57564606.12159851,123.6901407448334,16:11:06,-1
42308660.083719805,358.7443950086956,15:32:15,-1
14379667.370263545,50.99888980392231,15:39:31,-1
41870653.99517911,148.7525815552495,16:13:34,-1
77116467.92716768,307.09336557794336,15:42:18,-1
58552888.783065446,295.7781096688785,15:44:54,-1
54562210.75963458,198.0724733447653,15:41:34,-1
86607529.80861697,164.25975376967406,15:59:03,-1
44174786.834637806,57.59302480942732,15:50:31,-1
48640902.85603814,334.56568744684785,15:39:09,-1
8235598.144708919,186.30391836388077,15:53:24,-1
24049081.79779607,120.23229860085786,15:39:01,-1
81578834.59235111,293.9690858339307,16:19:23,-1
38334081.494792014,156.31110008698357,15:54:05,-1
44836154.17775664,70.82077002987283,16:18:34,-1
71604308.79137571,269.0040029886181,15:50:50,-1
63497278.55481935,151.93294437425334,15:38:43,-1
87083207.26276769,22.98386888974168,15:52:12,-1
44379494.033037126,317.99318618356165,16:04:49,-1
6069681.553976901,244.49228770292515,16:16:19,-1
69972011.177292,98.13380810952614,15:28:20,-1
67925358.86027175,283.6331674049737,15:58:18,-1
281641.8087163269,169.83639628558578,16:07:53,-1
66863140.174196266,255.56923049626965,15:52:59,-1
38566396.05765168,190.48242040536863,16:14:42,-1
18817574.64482677,311.005144866598,15:37:57,-1
60454033.74635075,132.62943310285686,15:32:10,-1
30661645.93034925,176.74032441808947,16:01:08,-1
37086248.61508571,81.72183770137998,16:15:18,-1
73772537.14132665,126.4230658751909,15:30:50,-1
50784912.31216591,67.50939959061745,15:25:51,-1
50293203.45708048,50.79812698723854,15:49:31,-1
12848797.585994843,274.1004678259071,16:16:45,-1
42285376.19506119,274.4587891899665,15:44:57,-1
31910696.613224007,293.3074286923008,15:40:00,-1
73894500.17253989,50.35700657244815,15:42:06,-1
3269822.456594577,349.2939245339639,15:27:54,-1
48958433.67036109,172.54590270597242,16:10:46,-1
66007499.924095765,124.566540210549,15:56:24,-1
13618582.396817202,345.74111028473584,16:12:27,-1
17016246.31775609,341.84138731944813,16:12:14,-1
70730599.2200527,96.06362834744932,15:48:30,-1
28091381.00411082,139.59936836113522,16:22:02,-1
6845363.263734086,346.8801021203548,15:49:18,-1
20379318.989299275,333.6923125470541,15:54:49,-1
5338292.148662574,129.0638286431787,16:04:34,-1
23026701.83875751,16.3523216993104,16:24:56,-1
727867.7099730801,63.080527910260805,15:41:36,-1
78700171.23612893,306.65311025777265,16:15:37,-1
77013867.0422589,153.4493214145681,16:11:15,-1
44356321.64767032,34.46009923237713,16:19:37,-1
22544163.84243909,171.35653544417622,16:20:19,-1
85101379.46082327,198.14919079250117,15:40:12,-1
79189291.29841006,266.7242112798224,16:22:55,-1
56962019.70377277,82.66555568142938,16:02:42,-1
153482.0381874073,269.0368866526623,15:28:14,-1
12433826.64003029,81.71841861645684,15:38:56,-1
59514649.49185968,329.2522595362988,16:18:09,-1
46251440.61645756,344.58773736553223,15:32:55,-1
53472856.20599,0.5829185510681034,15:37:40,-1
15535021.947655784,209.33821997699408,15:31:23,-1
56075969.10549239,234.3019344899177,16:23:37,-1
68882640.6484327,277.3901336264774,15:46:23,-1
80142140.58888315,352.6836865438213,16:03:33,-1
78920530.20227535,273.2341080281826,15:51:33,-1
50174545.105298586,209.48147124375416,15:55:32,-1
43098579.73239552,211.57516185148944,15:54:53,-1
51231228.12844795,85.46580987671244,16:05:24,-1
7828916.52740158,207.9442459251161,16:10:09,-1
66869997.37153968,62.23212868910019,15:36:51,-1
55643321.11475499,255.7671370902353,15:41:12,-1
17788727.7518747,66.50846595434537,16:14:40,-1
86271333.59235847,349.84225989175127,16:02:47,-1
54937591.19089052,44.33037832422288,16:09:39,-1
33379586.39293896,100.68073121397448,15:54:06,-1
60165619.78394401,24.409643298866573,15:47:57,-1
23906608.568617094,185.14216359715297,16:15:26,-1
25414489.80326825,311.25824765023253,16:14:13,-1
88519949.18107046,168.92942994265562,15:36:17,-1
13090508.29049936,165.86610316746865,15:36:44,-1
16709317.45525012,168.85182637519165,15:28:29,-1
52155864.46131884,38.82714578152762,16:10:03,-1
67505586.23692754,204.70077022345188,15:32:59,-1
52908931.51806601,76.71288873075802,15:38:19,-1
40490797.58411805,256.95495988120064,15:30:29,-1
78282398.21143329,8.572021994795227,16:05:52,-1
16393029.401262648,103.69432245961876,16:13:16,-1
49116879.1349346,267.8239317547465,15:42:35,-1
26254117.23331911,239.8097743606166,16:19:35,-1
11174001.647043351,276.6659418684667,15:49:15,-1
65778746.50391554,264.8583452460513,15:49:41,-1
9554140.201261677,206.1467271882751,16:11:25,-1
54294716.836552575,130.27037494549967,16:23:05,-1
50732120.6656642,333.5732495769908,16:06:00,-1
16163806.166722706,295.9215004808132,16:19:47,-1
6568594.749618307,67.56734462325537,15:34:17,-1
89684785.2257678,276.44133584126456,15:41:51,-1
17161575.86930799,250.506244918773,16:11:57,-1
22366071.53995703,201.60711050216932,16:14:09,-1
24607353.279992517,121.25804621475216,15:45:05,-1
46983048.39146499,77.137996974725,15:54:27,-1
42686775.89936701,279.0770662579351,16:08:10,-1
78968478.14481798,242.1978660073507,16:01:53,-1
71727928.504125,36.48746954104959,15:39:33,-1
88547784.41452734,166.55823714391872,15:29:23,-1
33411354.823232643,340.66656012747933,15:55:00,-1
86429879.18682827,200.8296703045544,16:21:35,-1
54723576.1306366,62.875968516460304,16:02:53,-1
47108169.74839417,113.80463220439142,16:22:32,-1
74764948.3527968,23.25506677645324,15:26:56,-1
12080123.32761398,84.79381171960355,16:12:16,-1
20832926.71591418,206.3381451157497,15:38:52,-1
81693602.15010042,55.259706688168485,15:35:50,-1
15623188.80252015,57.38474308589449,15:50:24,-1
38689389.55621189,88.6358475514938,16:01:56,-1
77996585.27483566,163.80122745230906,16:14:39,-1
55247865.22395632,303.962882758521,15:46:42,-1
2473877.717242751,66.93995009421542,15:38:20,-1
87964798.14428268,247.3563684247956,15:53:06,-1
38122720.80633912,329.3005670662017,15:43:56,-1
26674067.302220423,137.33884062213363,16:06:03,-1
3339464.907543936,158.65182994482748,15:28:20,-1
3893031.249236237,149.44337861670513,15:32:35,-1
35327728.109520346,95.55312250275144,15:47:32,-1
26508410.35412795,4.974943144374291,15:27:50,-1
71965739.06533833,213.1519002192584,15:34:31,-1
23132351.03365757,259.8281027895083,15:56:29,-1
83128590.09264232,240.8867218271107,16:08:05,-1
81580518.80706963,230.7654910131799,16:07:38,-1
2315528.8741113623,61.1685732373659,15:45:57,-1
31530591.03055184,258.41259334666233,15:34:40,-1
43115802.66287765,20.564691956835656,15:42:32,-1
13464921.9982857,195.98955182136908,15:51:19,-1
2424535.5231168694,344.68604891844547,16:00:15,-1
25424959.47905657,169.18363522774956,15:47:23,-1
58590178.7900008,217.9631138491642,15:42:23,-1
89198851.69994201,320.16566874538887,15:36:37,-1
56755933.89079917,338.93755548207304,15:51:44,-1
38068751.92150042,299.5327980118871,15:38:33,-1
45857438.52108937,118.67112500078542,15:49:29,-1
9613862.687328374,310.8842982988084,15:42:23,-1
63867148.19860511,304.79838624965515,16:18:50,-1
74939280.2956324,139.71153151822736,16:13:39,-1
49805973.35149947,152.21548718202598,16:05:27,-1
67741511.27304865,176.26267076891563,15:58:05,-1
39987873.514260665,276.6825515337336,15:26:32,-1
11352440.815942064,33.8100946476904,15:28:51,-1
40935165.68299522,140.7724305416557,15:48:42,-1
13340354.76610488,354.5258217307304,15:44:02,-1
41388577.19892438,27.441945863654915,15:48:39,-1
37338732.396814734,248.29024617962665,15:31:31,-1
65575476.82914674,241.1450436842697,15:55:38,-1
41731246.892943785,38.50581021271434,16:17:46,-1
39425749.62552201,186.35502044930465,15:39:01,-1
52730426.59665083,316.43360445564224,16:19:08,-1
69067650.89781469,228.6972038146125,16:17:37,-1
46799750.47924218,167.72290735917335,16:06:10,-1
78803429.5428545,59.45768201976493,15:29:16,-1
73032280.85861076,288.79070286718047,15:58:39,-1
25364481.11891068,135.82579532870437,16:08:50,-1
77607806.43467955,273.3297135193318,15:47:37,-1
86239738.12280448,200.9608797079869,16:17:33,-1
50070945.32837396,119.33999868782053,15:30:44,-1
64177892.29906224,285.7561206442661,16:09:28,-1
25056016.74464905,344.2464618169,16:24:46,-1
4762136.38832649,188.52398105395795,16:07:14,-1
10808400.139663072,101.78106108954368,15:38:45,-1
58160370.014648624,82.74653561968152,15:46:12,-1
30121735.81295948,258.9921677079801,15:44:40,-1
25925112.45430519,33.810479182568535,15:30:02,-1
42134306.59556275,352.3070103202034,16:08:23,-1
8592063.339358022,29.50418053458121,15:54:55,-1
27854726.02434619,173.04103666875395,16:11:53,-1
33087691.25773818,75.01995839650853,16:18:40,-1
72099854.219766,162.61335132304944,16:25:10,-1
84296934.83702166,252.7269560790791,16:19:36,-1
67427886.0265942,269.9932530794969,15:29:26,-1
14810840.36283194,39.11228956075944,15:58:24,-1
16365634.009606512,28.676772196940764,15:40:51,-1
47530667.35836651,356.29272360456054,16:10:16,-1
32964018.32061804,130.52687554316304,16:17:58,-1
29467119.43507724,292.5839292225343,15:46:15,-1
64095039.17877276,147.66292502113222,15:39:58,-1
8090792.821579917,338.7716013698801,15:31:05,-1
15986741.064888356,303.55070746637506,15:42:47,-1
2994971.724985422,135.31824735796036,15:48:23,-1
67169656.31429736,72.95874679993484,16:00:25,-1
57146476.42287728,301.177645664188,16:08:37,-1
28315201.980861485,194.6426898532566,15:58:49,-1
12650731.273019744,71.85248662357436,15:45:59,-1
77937539.66960226,252.2502887450645,16:06:49,-1
25239041.96992039,205.58631115591388,15:32:23,-1
42400236.49051677,170.0828900390078,15:33:15,-1
32677921.594047688,125.02866349018932,16:04:49,-1
45612486.942182936,188.18844057098212,16:20:20,-1
15980349.719189432,14.25562737766468,15:33:40,-1
51814320.42394407,33.364601000137924,15:47:20,-1
34928760.21731118,335.9130415333556,15:28:22,-1
40279813.01104765,16.017656093349103,15:59:17,-1
62297993.0766329,141.0003967413502,16:09:28,-1
73790930.0799232,357.1415189614595,16:14:58,-1
63878836.89228799,105.88957375172686,15:46:11,-1
82089374.78333294,164.9514359001126,15:40:24,-1
81052636.39546321,28.96836283430153,16:06:14,-1
47250469.61182117,165.78832521617085,15:49:03,-1
50632954.4128562,19.24618517826211,16:18:18,-1
25377350.341751646,333.8321115660343,15:48:54,-1
89554124.63225912,76.93080505554138,16:21:23,-1
81317503.49811578,140.4794786221032,16:06:54,-1
14036074.74418138,41.73739030611648,15:51:34,-1
22824074.405590262,102.84523152143753,15:26:57,-1
12773225.774008172,200.6620186090352,16:21:40,-1
22101043.474128984,262.6316220044839,15:35:10,-1
35470249.63904265,304.6160839707342,16:24:21,-1
48248061.27083942,71.14187732404952,15:55:16,-1
76919039.56129669,263.4845182150312,15:35:46,-1
13617811.874733772,173.42308754873375,15:39:09,-1
61526385.31447933,67.03191590971835,15:56:23,-1
73337070.85149387,297.2872856667128,16:17:15,-1
46274728.15307228,195.2826373411926,16:09:47,-1
81589688.96699458,175.27957107422313,15:57:45,-1
58657924.5814366,193.11367437394023,15:50:24,-1
25878348.58564516,72.95915130211978,15:56:00,-1
24276588.662962,325.8965248569543,15:55:58,-1
65098908.48151005,221.46244613124895,15:56:15,-1
35297000.99258574,260.2973850881993,15:41:30,-1
19688579.751453064,238.83351384287263,15:39:59,-1
17079109.912731186,286.72192816963206,16:02:37,-1
56075371.6587984,265.2283884715206,15:26:37,-1
75910542.46469206,355.148025816165,15:29:22,-1
16442957.15263534,347.86645738147104,15:32:18,-1
70624888.32324195,39.13246117247685,16:21:00,-1
11353782.965630068,36.8785527992574,16:16:14,-1
81245888.4837015,210.5616358156985,15:26:44,-1
29812096.48497169,355.5034483309046,15:36:42,-1
51081771.13016786,55.194288223157336,15:45:30,-1
69045859.21357577,218.2035669448215,15:46:00,-1
25640870.187892504,138.96399432405153,15:46:21,-1
3275708.353858476,79.7487845901227,16:10:41,-1
58262449.22304129,295.0313799286277,15:33:21,-1
40437936.52996293,251.62764102458317,16:06:58,-1
42652271.67236628,254.66263695978552,16:18:08,-1
64536631.3311034,294.5181142257758,15:52:48,-1
27511303.968353797,230.40590600255325,16:20:59,-1
20254221.689914588,249.54920946358743,15:48:56,-1
65729101.7474502,58.579747185682514,15:44:07,-1
83413646.8933713,288.9044140933454,15:28:35,-1
56013371.81917499,60.92097853286899,15:47:49,-1
43663713.24184439,275.2210394584538,15:33:17,-1
50364614.09770039,240.58430764406305,15:40:59,-1
52715808.322983965,52.614683113554406,15:48:48,-1
82070584.07410654,110.274423211376,15:41:40,-1
11464028.31652424,71.74438243191516,16:00:44,-1
36310097.983017005,32.45860015360374,16:25:01,-1
18686175.99441269,262.9746983904856,15:27:47,-1
10699261.2500884,22.28735237691517,15:50:08,-1
26937653.577336878,213.88791741808848,15:27:34,-1
43203190.429424666,142.7591089449819,16:08:25,-1
84494894.84132448,325.89710737756,16:22:57,-1
73602613.75399432,260.921514753475,16:09:33,-1
39761106.45524095,102.83608710677775,16:16:57,-1
7091019.387227113,124.25455730373768,15:33:03,-1
87820242.36391099,288.1518161246553,16:15:40,-1
57171565.9552887,258.60540401651616,15:59:36,-1
49166384.53901687,137.07241369822387,15:42:26,-1
23044434.05347345,68.69685672731521,16:07:07,-1
49841571.150713824,179.70712419952284,16:01:36,-1
24635011.4953391,203.15384426792613,15:41:12,-1
36450387.621678144,72.81825938603208,15:38:19,-1
58731865.347934745,140.9717782611471,15:56:58,-1
57519563.80723293,29.515057309892143,15:28:53,-1
18429478.011970837,47.60158127391254,15:36:31,-1
48210888.02549332,43.99771415345316,16:00:17,-1
18602612.969625656,147.3636980839829,16:19:36,-1
30885961.62954173,156.77719233665442,15:57:29,-1
31615798.507717226,142.46150682659928,15:28:41,-1
29945041.798119534,346.7945151161182,15:43:40,-1
85702250.77493241,34.48697078485844,15:53:35,-1
25849834.80061207,96.10433480387248,16:17:56,-1
56566377.50282494,49.050901749879245,15:42:38,-1
85118071.56801759,338.6653660246684,16:18:57,-1
85295535.66150971,125.15308569474712,16:04:09,-1
15573674.396132544,119.9677976246162,15:33:35,-1
83908901.8261409,270.27658599860547,15:30:12,-1
79381677.98406908,137.03290337658677,15:33:44,-1
12033019.85518024,14.817845936442602,15:49:35,-1
21305032.60385028,319.29895931252395,16:20:41,-1
27924309.47074642,229.91270108754523,16:02:17,-1
24658102.13836378,348.22775957515523,15:37:21,-1
55575236.20090988,30.60532275893324,15:27:26,-1
43380927.341197394,18.060548881918645,15:30:24,-1
77492727.7426807,195.60719355740244,15:43:02,-1
30871828.50015747,264.83330528024294,15:36:09,-1
11644902.20003431,64.72009996393547,16:15:57,-1
68908390.72839338,32.82763069900945,15:36:08,-1
87938677.3303348,184.13828795669,15:45:02,-1
48163787.12469909,184.17920786532665,15:42:07,-1
7395727.965070668,331.15512500699054,16:01:04,-1
16904783.666354686,34.23691858798294,15:27:19,-1
51183265.6643943,37.06339902933881,15:29:19,-1
26541716.506946992,224.6708682150449,15:25:54,-1
82629157.04238951,220.23552623830847,15:49:06,-1
25060652.07554989,285.94976991058326,15:55:12,-1
68263123.74787712,357.6477855849748,15:48:27,-1
80566753.03951877,275.4985326504498,16:10:24,-1
64619728.5838873,157.82630523848283,16:08:22,-1
76262221.33564836,18.08277899430413,15:29:19,-1
24612904.503787864,44.817524488644274,16:23:20,-1
41085355.057612896,10.74718847033672,15:54:34,-1
49017229.49052312,29.546524521808504,15:37:47,-1
77431457.66844258,2.951854159943124,15:52:07,-1
5794428.864338154,314.16496522886456,16:04:52,-1
71392435.55374305,237.04662223373995,15:55:25,-1
24231766.57476681,306.12723076802297,16:20:44,-1
10526130.083663624,302.7992175902384,15:41:05,-1
84629485.5378927,58.203127313279566,16:05:58,-1
52708029.28169826,19.739553109645826,16:00:39,-1
30584229.091597788,289.14544272155,15:57:18,-1
69983817.06984548,161.41841934057362,16:12:29,-1
33871294.27658981,22.00502203112924,15:42:09,-1
82515407.7328752,186.07526773209003,16:04:23,-1
32561691.152862016,20.25357824721378,15:30:00,-1
82056024.2978783,343.4140553272576,15:59:58,-1
38209911.39870489,203.8228002157507,15:28:01,-1
52233618.019297965,323.99705530378435,15:36:07,-1
25547879.429669835,283.96806187503665,16:15:54,-1
68024930.28947592,150.2731275400846,15:38:20,-1
38921160.591097,326.12179167956594,15:39:19,-1
85162151.81452183,267.887158230571,15:43:05,-1
61974513.48347107,111.14620394519535,15:54:04,-1
67092180.34469776,231.65448689733995,15:30:30,-1
54038078.81523452,150.13806972952852,15:37:16,-1
572091.7600334702,29.827688877698325,16:02:33,-1
35000151.704178035,71.45715972046824,15:51:56,-1
9746516.008700956,11.354779573200355,16:15:19,-1
33309023.60265835,357.7075541327402,15:54:55,-1
52829671.01882928,251.53120636740388,15:32:05,-1
61493101.79083505,249.33670623164275,16:22:52,-1
37253190.732278295,270.62541735749545,16:05:42,-1
4957838.391225014,33.8019801051461,15:30:41,-1
20980653.285997644,18.008602519034934,16:18:31,-1
68043933.96950749,38.97894328842029,16:01:24,-1
73178753.41564986,252.9900036417367,15:35:40,-1
47064647.98063164,245.11965540706893,15:40:10,-1
7537279.656871521,235.50153243914187,15:28:30,-1
34204570.09190501,214.7776348034741,16:23:18,-1
82453743.8442961,279.363136905245,15:30:41,-1
58737946.47109889,251.04371810650235,15:40:12,-1
37846406.67771494,212.62106699268,16:09:45,-1
55470848.99542222,165.8728781907387,15:50:16,-1
28207469.113566995,166.24917756964052,15:37:52,-1
80595410.71197487,72.22737592223649,16:21:00,-1
80299068.19283795,149.7263730716477,15:31:49,-1
9453836.646776428,222.1535723730105,15:48:43,-1
88080920.49751998,307.4792915565229,16:01:51,-1
16350870.38189168,252.3275909143525,15:59:41,-1
18680699.48749569,189.2002837771998,15:27:53,-1
89466306.84291828,39.49340381510429,16:18:35,-1
53880341.374189846,344.17750128848115,16:24:18,-1
84947460.2685342,263.25726028360504,15:32:26,-1
57820161.92810505,122.17877291439612,16:21:33,-1
37587547.90577037,154.11246125019142,15:53:04,-1
58651848.65457524,202.393640286236,16:03:02,-1
64253558.24372515,212.64815634676856,16:17:11,-1
22975552.33380623,148.40504292479346,16:21:43,-1
12117867.621590536,331.478179224896,16:10:17,-1
74668605.94589065,52.73181386901119,15:53:38,-1
82970309.90163086,244.7454938766137,16:07:43,-1
72284849.6460653,83.54964129912071,15:59:32,-1
44316224.99666832,249.64968877205865,15:36:19,-1
47225981.38244948,188.52290715772696,16:00:28,-1
54630583.63623613,264.55224287866065,16:20:28,-1
39058380.92092059,252.79045143643955,16:24:45,-1
42307303.2601957,38.8457133709456,15:47:33,-1
1070260.1289411993,283.79711954086537,15:42:47,-1
19325112.197843965,144.4364571623233,16:06:19,-1
40397708.98278956,20.541119921300528,15:32:51,-1
74280191.59467897,97.63439468535611,16:01:47,-1
83854370.4787133,7.059944863034136,15:37:21,-1
62460525.58124138,72.37934600876295,15:31:14,-1
87383850.7711726,179.02530343600006,16:03:36,-1
9970850.041265888,342.047200239546,15:48:19,-1
62792474.682682365,186.4017894133775,15:26:35,-1
22207818.263699483,117.0392929779471,15:44:50,-1
69825993.65823846,170.8310042095504,15:36:35,-1
81913634.26807347,16.196458725206927,15:43:48,-1
33453482.2171579,39.017791251062285,16:18:16,-1
67307988.58681884,110.50551409790516,15:31:36,-1
60028803.276879534,51.65866988368614,15:53:28,-1
89251636.41650158,336.6370009553095,15:54:54,-1
10053268.163022472,191.87161200516067,15:35:33,-1
67302845.60350953,315.1777613970038,16:19:04,-1
75892017.30927686,116.44591749627358,15:33:59,-1
7988448.209798659,76.2230557551865,15:47:02,-1
80494545.02250609,41.79236430140289,15:42:58,-1
3930178.294615437,210.48446423209447,16:24:24,-1
11718632.133674212,324.1042017753588,15:34:37,-1
34411593.40901251,308.797134671282,15:48:39,-1
63823996.95930763,229.35643624960247,15:27:41,-1
9906747.565990591,338.74615802133565,15:55:15,-1
46392397.34520712,340.0197847501834,15:37:13,-1
30523964.266820025,52.890864396268334,16:16:58,-1
30973284.995287742,134.56613221662352,16:01:33,-1
86713250.19704087,116.94834841486684,15:38:53,-1
83872296.49969551,21.258430454184072,16:02:14,-1
85317998.3030106,210.81307936745247,16:23:45,-1
35313747.926644474,135.39761110249736,15:59:20,-1
44145591.66877339,217.64509818625777,16:11:08,-1
77068691.09864767,228.4292164500374,15:44:59,-1
49891231.8705172,159.0072448130912,16:14:50,-1
18237013.44552138,300.76042573057657,15:27:24,-1
28579083.19005349,115.80697225982628,16:20:24,-1
60066658.21135048,223.099579512746,16:15:47,-1
49787198.839437954,107.0459828528078,16:05:11,-1
31460626.61949902,77.32867397743043,15:57:48,-1
78800686.1645448,82.88837644349175,15:58:24,-1
50901875.12533724,355.8226608063792,16:02:36,-1
53177005.21847419,349.9672323254662,15:28:07,-1
51289162.22054765,19.62804847563116,15:52:05,-1
58307427.69975869,105.08464326066824,15:45:31,-1
43283039.29816199,60.79710999459285,15:41:07,-1
3495810.834712442,10.160391045200235,16:22:43,-1
10298402.325615283,302.11341369103224,16:00:17,-1
69990683.65276913,325.967623577545,15:43:54,-1
66614008.59937812,303.9105293881108,16:25:20,-1
65991298.63428456,23.71864646818321,16:24:08,-1
77131960.9681686,331.77960098311274,16:16:21,-1
71155560.886439,168.93399038158898,15:52:19,-1
78627167.44255914,88.14396220942325,15:37:39,-1
26750194.677959044,350.0041296618626,15:32:30,-1
89819917.87334226,349.4801285989733,15:53:37,-1
87277290.80738123,148.0958548189951,15:50:37,-1
2037237.326554355,91.9870098418313,15:39:43,-1
63895246.91940687,89.92522296399126,15:45:54,-1
67141719.19581515,272.595162839333,16:21:07,-1
47525150.79048001,229.5136977049727,15:58:18,-1
42170652.23669852,101.91081316265982,15:43:28,-1
67933685.17148995,255.5947433434231,15:56:54,-1
55526938.90141402,302.9852643188726,16:08:26,-1
42937175.90516678,176.34784635593297,15:51:57,-1
23981969.922806103,358.9770306897681,15:36:27,-1
53193392.30760084,150.99976384709174,15:31:05,-1
6241778.6234544655,256.489137770801,16:21:47,-1
49903904.11664045,65.76563588265232,16:02:37,-1
4178371.4430683474,183.39984499347707,15:32:15,-1
37976731.73590788,55.96483549373936,15:52:06,-1
21715523.490489066,80.99130449408551,15:42:47,-1
15558152.6955645,282.83480000028146,16:02:14,-1
84220672.93341242,304.8278679388308,15:58:48,-1
54159465.74512194,185.1595264579496,15:46:26,-1
66360701.81156199,222.07499005738296,16:17:10,-1
28975147.3294652,272.5873687896887,16:25:19,-1
14477102.079412924,180.92818361233049,15:38:49,-1
45076171.52703619,222.5741044246692,16:13:07,-1
7704414.875166154,355.22120088691787,15:25:43,-1
37959972.7926954,225.1778105172904,16:11:05,-1
85807204.61281179,249.73191366377733,16:14:07,-1
44065374.89309848,352.6507346347948,16:21:49,-1
70892954.59085405,73.20882013468851,15:56:59,-1
60834497.3292043,132.85943540754147,15:30:23,-1
31649176.561662007,134.43299865326296,16:12:48,-1
44917352.77915082,299.7772240889059,15:37:06,-1
62866961.29320751,106.244209339112,15:36:53,-1
27198265.51853177,138.8633892471775,15:41:31,-1
62171454.84986872,246.61707469983472,16:09:45,-1
61508429.947344206,230.8135795351209,16:06:49,-1
51141513.74665378,134.75851665259077,16:21:08,-1
31397188.977381628,187.9779563001768,15:42:09,-1
33307681.1528254,247.7665444173434,16:07:08,-1
32309812.325956494,120.3996527394064,16:22:51,-1
35606771.35678918,149.55470204156438,16:24:52,-1
34846686.4601128,210.14093833183875,16:11:53,-1
43404541.147095606,324.05766773896767,16:19:24,-1
89615016.30002764,93.23824815070114,15:59:26,-1
67866193.18484494,41.019518645333775,15:30:36,-1
4083088.954226397,85.87604914205875,15:32:35,-1
69060660.87240732,151.51169396299142,15:30:51,-1
11833164.437503684,29.981249644436293,16:08:13,-1
54253555.32100154,56.0577927645977,16:21:38,-1
82578829.3886673,358.04251055998725,15:49:04,-1
37172389.59372049,19.395827722449823,15:52:40,-1
58606094.01963934,131.25399958604348,16:20:50,-1
20743412.56158642,127.15517718481874,15:33:55,-1
28622777.167695656,201.7355435927612,16:11:38,-1
25914912.00509204,295.2790240927202,16:08:07,-1
2955626.772935098,261.3814595542996,15:50:37,-1
17864706.717796832,333.2977942089712,15:30:52,-1
81808837.81000377,103.30834951977997,16:14:17,-1
69496912.50628741,328.00147217000006,15:51:34,-1
74144098.82668282,166.05065425244857,16:10:52,-1
48097083.89730246,22.716295490052683,15:50:45,-1
16810237.085683394,36.15001743329882,15:51:32,-1
82866222.7454522,337.489371084921,15:32:38,-1
62455488.85122392,339.0025336830104,16:14:42,-1
26779302.39383992,214.1415703541427,16:22:27,-1
54758555.9544892,171.90944419827173,16:16:34,-1
8240645.493762073,162.10813783779037,15:29:42,-1
7592315.683091948,107.58871219380156,15:44:18,-1
65005976.09513315,263.3485546377983,15:39:03,-1
4376214.805629168,1.2825732029075445,16:00:00,-1
65584123.56931777,348.71914223337774,16:22:15,-1
42358370.468297936,169.14550735190485,15:32:54,-1
87275573.69910257,114.14011265171764,15:51:44,-1
82582193.84707102,264.788812113685,16:01:39,-1
83379470.85064359,191.5587296433752,15:53:34,-1
11709412.637936708,265.8245444721929,16:16:21,-1
23050253.30209066,31.24012068446109,15:31:54,-1
16683514.431352818,188.23159294022489,15:35:47,-1
30542560.373665094,338.6709344812975,16:08:45,-1
11352405.39394776,298.25920950842897,15:35:33,-1
84536447.99445844,44.56183386007651,15:34:44,-1
71009445.46219398,0.2609379283041679,15:56:52,-1
66312122.508397415,10.72352805261474,16:16:07,-1
21360732.978491638,280.13212365793834,15:27:28,-1
88744086.42545241,41.41841111738877,15:25:35,-1
14729585.674898056,234.24060600218445,15:53:48,-1
2537363.3836139925,67.34951108984274,15:35:08,-1
40774892.19790056,86.68381147178086,16:12:19,-1
77947969.88796894,348.4777316014984,15:25:41,-1
83861138.88056658,197.07241085128317,16:03:00,-1
29558407.53014805,283.1700538958058,15:56:13,-1
92591.6660354777,127.92175770373782,15:27:25,-1
49071152.87492551,77.71188213741095,15:56:31,-1
58159168.48654383,239.18295284853644,15:25:35,-1
88479676.43087375,167.2695393749824,15:45:45,-1
75779293.3511578,189.2541660485677,15:52:35,-1
30562824.15160247,355.8512610729701,15:36:12,-1
9495367.105295898,258.3483799211747,15:51:49,-1
40748853.56544179,189.00510711160643,16:05:36,-1
21415144.8029694,110.7042500806296,15:39:06,-1
40992472.37102828,304.3969323354699,15:41:04,-1
66573313.46815373,8.087374392519289,16:21:11,-1
42254823.64537681,148.26513278173977,16:16:13,-1
19098508.2110998,326.85313538344883,15:42:39,-1
60557644.22399113,198.3416411537613,16:23:35,-1
1313172.8003061006,234.77728262378955,16:21:17,-1
66593180.35415736,90.30355096576244,16:15:00,-1
68203800.11485566,168.95775754722683,16:13:29,-1
55458069.326011,72.64480641309666,15:49:11,-1
6600307.289538943,208.78761466160955,15:25:53,-1
1148226.0384634093,224.02601396544225,15:26:27,-1
52111708.402062304,252.1244767647788,15:46:00,-1
27538654.89388574,40.229062161968216,16:19:55,-1
19880260.81943393,236.8039314099617,15:36:26,-1
21558674.9156291,134.7293213749653,15:52:18,-1
66484717.31184206,185.42364329408645,15:51:01,-1
15496434.49250856,210.02327525414807,16:16:17,-1
41890874.31505463,307.86428400950973,15:49:54,-1
29822205.13652826,222.3988717247053,16:07:17,-1
84913694.77141103,292.51874554955066,15:37:07,-1
49477735.75890778,340.8866066490725,15:54:21,-1
82283590.53683488,80.35923281778057,16:04:54,-1
4367928.326544747,152.04810129355275,15:44:45,-1
5194381.3681738665,248.4243529632343,15:50:27,-1
27168821.50273461,20.244729844224345,15:41:29,-1
54147035.18210909,63.30117047127888,15:35:39,-1
72792331.55452372,358.0077622475548,15:31:39,-1
29555722.09145037,174.1963690051013,15:54:51,-1
24662743.87238617,87.77590471165257,15:56:30,-1
15929290.9876583,320.60602648269213,15:43:23,-1
15335057.519336838,305.6581683841355,15:57:23,-1
19423972.26932705,164.02709557876386,15:32:27,-1
30223842.347661316,53.17707026444104,15:34:12,-1
51281645.37978401,85.6596530806176,15:32:57,-1
52307460.93258662,289.19032081868176,15:34:17,-1
85629991.35701855,332.90097029716367,16:09:22,-1
54727642.650046326,25.69904837055613,15:44:59,-1
26597697.84755665,207.35502708810284,16:15:41,-1
72236432.23567615,352.2232415307424,15:43:42,-1
64932456.4537112,299.03675553483106,16:09:14,-1
34262600.992239736,96.35769117469356,15:39:35,-1
80603965.55898264,197.70671102618405,16:09:49,-1
46003546.56043752,166.20503214642645,16:06:29,-1
37559593.476310894,160.9870582997228,15:39:34,-1
27636003.81872226,157.29833232865178,16:14:40,-1
50418230.50935333,219.5820863213885,15:31:24,-1
66389724.00914071,351.2365944024471,16:12:57,-1
16030036.001229428,345.59697560931045,15:35:59,-1
24663498.09455601,147.5812718984169,16:14:11,-1
35860248.097176775,4.403075943100396,15:52:56,-1
20363248.824464258,134.4823983377833,15:56:18,-1
22669887.362753183,220.85084118593448,16:17:52,-1
14298326.738585208,136.69879231682,15:56:16,-1
60334369.46756663,338.6899043104311,16:18:28,-1
79316768.71429715,211.49838686255643,15:49:06,-1
699630.7520897265,305.79117849213515,15:35:22,-1
45275379.17435448,26.483344665895977,16:13:38,-1
37366655.39785887,86.64019340582004,15:27:12,-1
89962437.44579256,148.74837540042864,15:46:30,-1
14348463.499665435,173.8736877162352,15:49:53,-1
83523608.51870267,226.37427398600337,15:29:04,-1
42378164.18124735,310.9327317566893,16:16:35,-1
25824724.017652884,272.97735353786715,16:19:38,-1
20838709.706525493,212.8885842788528,15:33:01,-1
72156197.59625064,319.4840198541744,16:21:10,-1
80242549.83254127,192.17524311959625,16:06:08,-1
84164650.15948701,275.5041726290184,15:33:42,-1
74865845.34477514,228.40936305252455,16:21:01,-1
74930126.69247805,314.5171141898562,15:46:53,-1
75711131.47295742,207.50294046101877,16:07:17,-1
13703004.318586385,59.197954707338106,15:37:02,-1
79472696.31942588,40.311340340588885,16:23:23,-1
37224241.54688621,116.88412617761982,15:32:01,-1
38019433.83311555,178.27698252964757,15:40:20,-1
56133784.22844667,21.717413224476186,15:59:34,-1
39372437.97402104,99.75111531938838,16:07:12,-1
81658042.372839,175.9589569045861,15:52:44,-1
11495699.42407839,224.59876281005788,16:18:47,-1
56965581.2168943,225.1685463394641,16:09:30,-1
41002527.671454825,227.76420975364093,15:50:20,-1
3796242.807483439,88.41272387001196,15:57:26,-1
6222656.126761354,198.65204070671535,15:43:19,-1
77221604.33293404,45.40545130970642,15:44:02,-1
41875438.88432632,164.16652277008583,15:37:34,-1
79528638.16999279,109.09874048266512,15:43:36,-1
15166972.565074565,268.5963920941463,16:25:29,-1
11344579.39001176,147.90871979894445,16:22:24,-1
11862145.127809037,84.25292667526884,16:19:49,-1
71531181.6773626,309.4609496710395,15:46:56,-1
45201641.0328003,325.1611097968726,15:36:07,-1
18047997.3879442,35.97171631247494,15:52:16,-1
10111410.115474278,57.613521314569326,15:53:43,-1
63636751.8045033,32.10355647887826,16:13:25,-1
81302921.66645293,307.33561034532363,15:58:20,-1
80880142.7823748,187.54379890752185,15:33:59,-1
17161520.889994804,14.369566739629716,16:22:22,-1
5436128.240641373,24.383706353191243,15:43:35,-1
43553533.54173496,58.93571754564527,16:02:25,-1
28729921.176427145,258.6871633834808,15:39:35,-1
14662798.847295033,263.93910934422763,16:09:40,-1
32126256.887556307,228.25186427912547,16:23:01,-1
43454424.66812544,357.9702908986694,15:41:36,-1
69351586.66176961,316.6403479253999,16:19:47,-1
54262475.73748973,344.57653906547966,15:48:42,-1
9436434.977547709,104.80017663148496,15:42:39,-1
60373372.37765568,357.7045793830821,15:40:16,-1
31872209.85176553,237.78119532085688,16:11:43,-1
46870507.22296934,139.11600589903568,15:50:05,-1
43095493.22249214,12.402758270652342,15:38:40,-1
31013865.85840964,109.14345541996548,15:34:34,-1
85849715.91695243,4.395950860419058,16:15:55,-1
48831534.13148521,316.1742245570887,16:13:47,-1
26002609.38811749,212.7567338280931,16:18:49,-1
68518558.23437728,78.55525344488667,16:05:13,-1
8477896.333520863,234.8107640729475,16:08:14,-1
42943766.24049784,4.237223917667747,15:52:51,-1
44820530.16181334,95.90174048422682,15:26:33,-1
10869602.365908263,335.31144982747406,15:35:27,-1
40254610.14251164,292.3304479045715,15:52:39,-1
86674005.8039835,345.86784882181183,15:44:01,-1
83364853.90659219,271.971662879718,15:37:03,-1
46464188.38874984,319.3366796041593,15:58:40,-1
41877047.20724032,216.05148714109592,15:52:45,-1
76264118.81907937,304.2652922946223,16:17:03,-1
73293472.94148809,175.50580517062554,16:21:04,-1
27977911.699385908,166.65583889729226,15:52:00,-1
41085162.37435671,10.325090850996022,15:55:57,-1
84973974.14320257,146.84693886698994,16:02:54,-1
85427400.7813878,146.8554766952244,15:30:09,-1
45254065.74869346,16.992059156162096,15:36:17,-1
70479650.20104316,311.50123343502463,16:06:04,-1
34112404.3879508,162.9900316693984,15:55:29,-1
86943107.34681623,356.5680822735677,15:28:10,-1
68851554.12838218,7.848400341313515,15:32:59,-1
67007880.53325372,69.03820915363481,16:23:54,-1
32209773.184232596,266.7080116735541,15:29:53,-1
58498983.008350044,234.03861505480813,15:31:34,-1
31145867.14948358,17.657833646241325,16:07:35,-1
4574829.96433544,241.08537463569547,15:48:08,-1
25698286.033513226,310.5102075814106,15:47:54,-1
34833791.451959655,316.16122939031294,16:23:24,-1
10350547.730167946,101.73525494704946,16:18:43,-1
85589788.0622253,217.92329479127707,15:33:36,-1
20411379.34785796,139.70741210911618,15:36:26,-1
7687237.397905348,291.919751471616,16:04:28,-1
6024175.841387714,68.55276806879974,15:37:15,-1
53372801.13734619,78.50705029033718,16:13:11,-1
43922965.20741748,30.99888912329415,16:02:18,-1
56519209.66951682,104.20356232443378,15:25:56,-1
49973059.98699475,176.2075792099203,15:37:00,-1
64665912.35713296,233.60704517985,16:01:29,-1
59184641.06014418,286.1568267647689,15:57:08,-1
6145205.356101353,332.74388544245693,15:52:41,-1
472540.2741149118,288.7349305043326,16:04:54,-1
47683202.73075413,111.11233950674738,16:16:38,-1
72124706.3376675,154.32380377058777,15:35:06,-1
38941490.00463662,302.1232520613653,15:48:43,-1
19515535.390011244,318.9732995500155,16:06:22,-1
6304347.62440583,224.058183678916,16:03:48,-1
34405752.034630105,271.5882204434528,15:50:33,-1
57526602.64088507,65.37792658093382,16:08:23,-1
53706468.25908566,29.09137054540445,16:00:53,-1
50916353.59680842,203.41954897384304,15:49:51,-1
68347592.38884419,247.28670250553387,16:21:04,-1
88627976.32925823,352.4733314797294,16:16:41,-1
18391223.932633657,275.25835312387426,16:20:51,-1
12564288.6222929,101.06542694409634,16:01:58,-1
7497629.436249311,203.9439551020594,16:07:50,-1
30273985.76843089,213.5991315268797,15:52:57,-1
14302735.542889448,71.05767079932677,16:19:17,-1
52482394.10913655,220.75686067338992,15:36:55,-1
61399781.49946084,174.7013964550965,16:06:43,-1
85504231.72493605,187.8749408928116,15:57:57,-1
26579596.731355965,241.4399246986256,15:56:21,-1
3457706.5150774126,256.2455562732685,15:33:13,-1
4244738.930087559,168.16594446899626,15:27:15,-1
48437907.97048338,193.14928023397607,15:42:02,-1
55070743.792786434,323.62826378028336,15:50:25,-1
68593146.98288389,11.21609882890132,15:36:25,-1
5595650.111886201,292.5569038606108,15:44:47,-1
79695985.44055517,350.6384215391156,16:11:14,-1
68420440.75487709,93.40865358100754,15:42:23,-1
39656644.259232014,301.2635923569369,16:16:24,-1
38681381.52038361,256.3335493414376,16:25:20,-1
70199097.25885504,325.2453923429059,15:29:06,-1
48368316.43187836,138.44332336204516,16:04:28,-1
10376597.890639994,247.94236427505655,15:46:22,-1
84119305.46157522,258.5169820931187,15:27:50,-1
65368978.34748269,205.51022616250623,16:09:19,-1
82409264.1848759,317.4314356217357,15:37:15,-1
43594168.46551577,253.1972668543419,15:52:12,-1
58556026.42468817,268.4952038864961,16:23:03,-1
16178845.740160512,90.14255462677473,16:19:22,-1
44088031.154578686,205.33750579827415,15:29:39,-1
23351704.10925151,114.74816677789912,15:52:58,-1
54484772.2404945,173.4357870161938,15:33:07,-1
14295408.714838922,73.08094140406169,16:08:29,-1
43471074.80477184,88.63370279823569,16:18:02,-1
42335414.70614468,274.175733943433,15:44:24,-1
35905662.040342525,162.7710961538716,16:25:08,-1
34116489.097301416,30.91052159106668,15:53:15,-1
65755608.16457347,61.119304675476215,16:15:42,-1
56294036.681560434,93.08705815362168,15:49:26,-1
21728258.473111164,188.4361976446048,16:14:48,-1
187908.16667915453,179.51672900804567,16:17:10,-1
52069811.88025369,87.56474460143122,16:08:25,-1
37107883.62145453,24.29371823746905,15:47:19,-1
48062463.71586615,63.68169828021313,16:06:34,-1
11217669.183038002,334.78280004268646,16:16:19,-1
44667110.92104691,244.7306205415228,15:25:31,-1
48977060.27733053,287.7711305995443,16:02:30,-1
10711980.400961235,210.66106225629372,15:50:30,-1
55572640.01028734,190.8857184572605,16:21:59,-1
74195648.5481732,155.05418638731922,16:02:27,-1
63638069.23498175,55.02137097911173,16:23:14,-1
38001339.90605457,166.5585237796897,16:13:18,-1
3906584.128336466,28.66462099498169,16:08:35,-1
65332641.67838828,319.76427719867,16:18:00,-1
71220755.2159995,232.743162757344,15:32:09,-1
46601596.37418517,38.13163573066704,15:54:10,-1
85798777.88697231,235.9459102066796,15:47:50,-1
14358506.79483532,330.63689988504444,16:21:12,-1
78499522.26954362,54.40469495898897,15:52:19,-1
13062256.49053114,284.42657932095136,16:00:37,-1
88008010.81941737,146.87566355435496,15:34:46,-1
4705237.585675062,74.33028313909399,15:49:16,-1
59999597.00803354,38.474428415220274,15:34:37,-1
53744858.55654645,299.40776057874285,15:40:43,-1
5196830.513231581,174.00815968000154,16:01:10,-1
60298339.35199463,10.31387319052538,16:25:09,-1
58676257.13342296,241.20913266824695,16:11:05,-1
75446471.90377617,76.00951735369384,16:10:32,-1
8209731.855076979,149.34306092852822,16:01:38,-1
70436023.92457443,350.75933780376363,15:29:01,-1
47794408.65964685,237.7626612106889,15:58:16,-1
13523560.95179291,17.05315004300179,15:30:49,-1
51844951.26447125,144.66137014315208,16:23:41,-1
40150016.609355405,267.45582161448056,15:35:11,-1
2636838.1118378043,16.185337934050178,15:50:03,-1
65982148.99818296,115.80941309846516,15:41:10,-1
10193650.998665662,262.11710169641856,16:10:55,-1
35732164.836267605,252.93216236803957,15:55:43,-1
64289749.88921526,45.88701455556565,16:06:10,-1
80499910.50452556,196.7730294729866,15:57:50,-1
41587352.06272289,13.219412884069325,16:14:50,-1
38132928.15535222,27.517203102354387,15:33:55,-1
64504929.418702304,146.94852949110478,15:46:17,-1
27885019.667865034,38.168742277657984,16:04:50,-1
30847474.15968934,59.54437844203347,16:00:13,-1
21734633.70625195,162.44235701967727,16:02:29,-1
87801941.52547203,191.81492179116884,15:54:38,-1
84432179.55632795,136.89164995083982,15:47:47,-1
15957855.226532845,219.2876066418125,16:11:26,-1
17845428.381605018,230.0192391128809,15:36:49,-1
4902928.803356999,312.25634925664195,15:53:43,-1
44489698.68826117,56.7598835054529,15:33:22,-1
20791171.72710053,248.50394609476456,15:25:45,-1
35643608.935538806,31.566555084622667,15:36:28,-1
8659293.71269201,12.26687332717228,15:58:14,-1
58102563.37005927,14.394484423315635,16:11:07,-1
15611415.321915304,252.94538766694217,16:09:30,-1
64604104.69203799,317.7005838613543,15:57:31,-1
71242009.34396072,288.84147771041694,16:14:24,-1
821326.2051999364,194.3647468073016,16:06:44,-1
62095969.48166243,200.33591211685305,15:30:35,-1
75209158.62474602,95.06341849784556,15:44:40,-1
61850369.66778632,199.075955210927,16:12:02,-1
35965269.24344125,4.477280719020742,16:03:52,-1
39396172.3255342,98.52202722592448,16:03:34,-1
24567173.48023376,147.40029430509426,16:11:41,-1
43641538.63681723,48.69590468588823,16:09:49,-1
31802064.11935417,298.37155399506565,15:33:35,-1
9272310.883345906,345.25327225571374,15:59:16,-1
68641055.12943156,182.6858630403608,16:09:13,-1
6762522.099764285,148.4490811706536,15:31:20,-1
19044433.536419347,129.12662505242432,16:16:31,-1
83246442.99150188,310.4355060607053,15:47:52,-1
9386580.082998749,139.36668517051086,15:32:10,-1
33252596.996187925,306.7098060509824,15:36:12,-1
5010655.297547728,285.7901161375768,15:46:30,-1
62135491.58043051,171.10840443630616,15:44:01,-1
57584949.90904855,79.5841519295973,16:03:02,-1
68828710.06262283,129.95325836382833,15:43:48,-1
62340326.28239089,288.0633122961921,15:49:42,-1
24870882.760803405,45.32810167389489,15:29:53,-1
11118642.271788424,359.6113476521677,16:08:29,-1
32167829.046573907,254.03241778231364,15:46:02,-1
21068011.37297577,232.4564959347601,16:02:02,-1
62993723.95983664,303.6224328949534,16:14:34,-1
33714170.467738986,343.1485925856521,16:24:25,-1
46005034.37991195,182.48859242468177,16:13:55,-1
23864611.64828592,346.66736055605054,15:39:12,-1
19526230.799693547,326.54507810225124,16:02:50,-1
13301612.100687323,267.63231355168926,15:38:31,-1
51496983.08971442,40.21298832372611,15:50:15,-1
10288469.649155822,169.193556665928,15:52:21,-1
75519081.92720161,354.38073152274893,15:31:29,-1
10372961.759760156,312.59657220439937,15:44:18,-1
47571474.48649711,279.6605361877856,16:13:59,-1
18244464.7053391,250.2207096407176,15:53:20,-1
75030167.65300292,116.43603880033244,15:55:42,-1
53159728.3264546,132.2454525223452,15:26:48,-1
36764419.29821856,295.5389508124006,15:44:31,-1
19424275.845910106,99.01482324452242,15:53:48,-1
5043808.548463717,78.64957677575102,15:40:04,-1
88844767.73172985,263.2809689998292,15:59:40,-1
70571329.35352683,317.46890623983376,15:58:42,-1
86789715.63219768,248.6060916756976,16:22:01,-1
40937061.15485828,71.7175314801473,16:10:06,-1
59309554.57752725,20.004735802795047,15:46:25,-1
13825738.269372229,71.79455185138974,15:55:48,-1
59709357.2604097,260.41877438838026,16:00:34,-1
30745585.32629978,2.8541022989846354,15:58:34,-1
48567559.4478851,53.05768498245814,16:18:49,-1
80648753.4328154,31.582868861731747,16:19:46,-1
45753358.76411918,240.2973312739606,15:40:00,-1
6841264.867459577,55.603746398432136,15:49:43,-1
37839192.291721895,62.68150783148016,15:40:47,-1
49599977.88449085,27.614497874013782,16:05:27,-1
37919166.19274758,234.58111623295608,15:34:59,-1
69913870.04190746,297.4285816290816,15:37:03,-1
26965888.938078307,48.45295069828105,15:43:41,-1
35535333.30623905,113.16889682188108,16:20:53,-1
76688464.35799304,104.3188363197634,16:16:39,-1
19713784.601063263,186.65243215482283,16:21:08,-1
18438566.23129049,304.6356967088745,15:34:37,-1
11849038.80643452,84.2932506297792,15:26:02,-1
59757578.29194495,168.1676658021339,15:52:14,-1
17773568.315158922,100.19602206076908,16:16:22,-1
25870491.91486101,71.96488196902105,15:37:03,-1
63009229.7997298,348.95084905799945,15:34:09,-1
89769405.59132865,99.12859194000202,15:44:43,-1
53734088.14565552,288.5210539790755,16:18:59,-1
66345872.56197938,43.24189692770162,16:01:48,-1
49067075.62542926,233.203919130024,15:57:21,-1
58402959.40533665,98.52584385829404,16:17:48,-1
82912263.40907213,271.00409527756125,16:06:19,-1
79384382.63869882,19.773571775718413,15:30:47,-1
24682974.40259458,295.37450663497066,15:57:09,-1
45878016.8658855,101.08291304191282,15:41:46,-1
80190646.1517384,203.27434067879005,15:44:41,-1
86920813.78593561,230.73660903916945,15:34:19,-1
67716922.8156046,19.83799933693842,16:19:45,-1
31222416.334248625,136.08510664009356,16:07:04,-1
76078963.77968128,140.28032970269757,16:06:50,-1
53407812.43230504,214.33055972570415,15:44:57,-1
80094289.09069961,113.75863347159584,16:01:16,-1
74017116.52983283,83.53485387426342,15:27:08,-1
88612863.75322084,143.19683336229207,15:47:07,-1
16777308.000502057,272.92948932337896,15:44:13,-1
83924248.35907802,266.0097799701023,15:49:33,-1
23154276.918773856,201.8287456809341,16:10:19,-1
10729113.257697372,159.82885925451785,15:35:56,-1
43496323.69188964,69.11112633479503,16:09:54,-1
55214808.03582855,82.0624108028045,16:20:56,-1
65863102.25865384,147.66323087574284,15:55:07,-1
59062617.51525843,15.448403809838492,16:07:21,-1
5186863.099254723,330.608113448362,16:05:44,-1
84224693.82762575,279.4550601414165,16:15:05,-1
27757273.195384234,2.1345980781259355,15:42:46,-1
14840360.898860492,10.183814456141771,16:22:24,-1
51383809.34688094,105.61543912996407,15:44:55,-1
65546050.42384228,90.97104451490536,15:43:52,-1
56944711.3737017,274.9098007793093,15:35:41,-1
72714642.08891211,247.34907871139777,15:55:40,-1
50110136.22803112,138.1173535086419,15:47:33,-1
22941910.53819892,182.87133706988604,15:33:48,-1
58900572.12947821,76.67007285148217,15:29:07,-1
78859872.74875616,132.4929534862587,16:24:30,-1
59965248.0026352,343.0437935394306,16:20:02,-1
83398221.1001313,52.25211127472218,15:48:11,-1
86771107.89840478,168.79022966444035,15:35:36,-1
52835940.28834438,54.72735323740798,16:20:45,-1
20885066.548407752,126.79823488688888,16:24:01,-1
73096110.8513148,272.64561069422257,16:07:16,-1
62240580.41367695,199.33342900807943,15:59:57,-1
25575413.368850432,76.63672588723018,16:21:19,-1
71696784.4194943,112.21959979901186,15:59:14,-1
104930.56786954384,247.54942643211203,15:37:22,-1
79305113.31841116,221.9618056636911,16:01:12,-1
3380483.6895704595,145.21583607193125,16:19:30,-1
58179672.1360772,353.462304609758,16:13:47,-1
62615118.76306808,176.3156154432454,16:24:24,-1
64688723.20502312,301.0985085943641,16:12:54,-1
77961484.49865933,335.06484373325145,16:16:20,-1
55907738.792492144,40.003834086597706,16:00:05,-1
23078710.610242963,359.9905071065386,15:28:20,-1
84900083.78874843,172.47623484041534,15:31:42,-1
28206947.84996109,243.89987373801733,15:57:23,-1
3092906.5500476025,285.4198620890957,15:49:20,-1
74352527.79211886,279.2676663803296,16:15:15,-1
58774136.58000059,218.78375865185467,16:14:00,-1
18271752.24831138,163.55734199717054,16:23:32,-1
42427118.33899856,285.4770445499232,16:12:37,-1
9947749.694820687,51.28982247068747,16:09:05,-1
61255014.59229447,168.5775185882248,15:34:18,-1
31285606.6329514,236.28797135517297,16:19:44,-1
59144660.88669355,133.90136768103594,15:52:33,-1
74853617.34976397,84.36804239609938,15:40:30,-1
50165445.14538589,347.6935839193367,16:25:22,-1
11211322.61584886,215.5497832851752,16:21:37,-1
6091782.830641094,306.81605646370093,16:24:14,-1
55223096.79331628,280.7947125788902,15:51:35,-1
75819801.16036652,130.97911438005315,16:06:06,-1
35770185.951510765,81.05085944651223,15:47:24,-1
2270211.923313964,229.09446279477424,15:55:09,-1
5152477.652213322,61.17889066464271,16:00:38,-1
80953832.16516882,314.1125496291231,16:15:20,-1
15162855.707932783,232.8778668955769,15:50:04,-1
85496046.18638545,56.69352005738686,15:59:09,-1
33358809.18678044,118.4879114374803,15:38:16,-1
30623690.926490128,167.39818128920638,16:06:42,-1
83974707.25065847,116.25017997347,16:12:40,-1
42150131.92488735,204.4921966010208,15:40:21,-1
9298688.101333898,139.63618145891792,15:47:40,-1
45291651.44299382,171.5389086299708,16:07:43,-1
54461952.184673086,34.22010644732983,15:37:12,-1
80553007.08154511,266.055283431993,15:33:34,-1
62159040.44231939,135.9337952824452,16:21:56,-1
59491659.38784641,299.5971042150335,15:27:21,-1
6946674.302182187,129.21723199515554,15:45:30,-1
26099614.195173174,284.4261578573007,16:05:17,-1
53894270.10744841,134.38390272585713,16:19:03,-1
30812696.5415181,42.55095504145909,15:57:12,-1
13384278.749323774,210.30227176074052,16:19:10,-1
52211237.50749071,199.38866385456163,15:42:44,-1
46324493.97342389,164.6485879541679,15:45:25,-1
55294822.4713854,191.12946642850147,15:45:42,-1
51935078.419283256,309.7174315252945,15:53:59,-1
73297139.83476582,156.82527590844066,15:43:20,-1
40947494.77922192,104.76890335073593,15:54:07,-1
73458882.22685242,297.82780982090225,15:59:18,-1
85060988.74671827,277.8506453193063,15:30:43,-1
48492089.60493445,329.02411588394244,15:58:34,-1
25203822.562917035,303.6707291624999,15:55:49,-1
69132555.36341633,309.9053776886829,15:42:12,-1
64930358.36451662,359.8936942329904,15:55:36,-1
47737557.953759305,352.4783214209107,16:12:44,-1
36345087.716267824,221.31630653600956,15:34:51,-1
6424114.601781452,207.37916777627692,15:36:42,-1
38889104.83627404,83.4911533651643,16:04:32,-1
77898516.77758208,140.02758780324376,15:47:27,-1
80403434.05818072,155.12541513677292,15:52:34,-1
9385900.197871312,144.9382351943485,15:53:27,-1
71507082.95769832,216.90457769350343,16:07:19,-1
54355637.056411535,357.5019942064279,15:46:59,-1
18650838.603711657,89.29586792591479,16:14:07,-1
15821093.514190331,240.51056758953985,16:07:02,-1
58916369.82924137,107.37652370114334,15:26:06,-1
69228973.32809791,148.48911298551403,16:19:41,-1
66026506.63979872,150.0142424515976,15:38:08,-1
31095958.653052635,143.6758104336254,15:28:02,-1
70128610.39657792,297.60095610701666,16:15:08,-1
34482302.13672901,51.119392031976,16:16:38,-1
13751107.394721778,351.0398126001785,15:48:25,-1
36642154.84674453,252.0983738690757,16:00:31,-1
41200922.47382827,312.47496960529656,16:03:24,-1
79487057.79122765,304.07982225446176,15:26:45,-1
6362305.455129619,296.5964745899583,15:39:31,-1
73068470.47686592,230.79443949337323,15:52:20,-1
59776167.0587379,234.14681920953856,15:33:11,-1
37322407.08478279,0.3859530449571569,15:50:44,-1
64344424.940778986,269.6970285528701,16:14:33,-1
73318324.37150337,259.4999652370948,15:37:28,-1
3004429.0554506234,202.17147033478292,16:03:52,-1
6786268.552075407,277.80370441286334,15:41:39,-1
16281082.076935692,139.02085183849027,16:21:58,-1
62021051.31948628,209.8150605240627,15:57:13,-1
56285821.159632064,292.9020688191723,16:08:14,-1
80702446.5710454,11.12903593819027,15:30:49,-1
49411791.82553954,11.186248033963988,16:01:01,-1
55492490.97768452,147.02994814507232,15:57:27,-1
1006317.0912579997,76.0773857445292,15:44:01,-1
58070354.34950882,247.24351428817445,16:21:00,-1
6696944.810963925,225.3917659278334,16:18:37,-1
22150286.15788141,49.06020221036579,15:50:45,-1
56854523.54515542,219.03622442671,16:04:08,-1
9001325.183323102,305.58154148687737,15:46:33,-1
44297378.60744694,311.72445666362825,15:36:10,-1
60822109.335797735,13.119557586101903,16:20:57,-1
51506600.3249215,339.8743592101642,16:01:00,-1
60189220.38522825,84.23676347100894,15:35:32,-1
83974684.5664551,91.56037827306442,15:31:45,-1
76358513.16690557,180.2970212453,16:17:39,-1
52588181.01560365,101.24965080097084,16:24:24,-1
50328300.47172043,185.42676023527912,16:01:23,-1
73539148.68661724,209.32854916723576,15:35:55,-1
41539815.03234371,270.7897890709375,15:51:25,-1
11381473.769255694,39.68417895992063,15:33:53,-1
42632435.232437015,181.3759981310621,15:32:55,-1
67186590.04984489,359.02647061083246,15:48:54,-1
14930704.2180119,255.12120845457375,15:47:54,-1
48569337.09547032,263.2422348867468,16:03:37,-1
1167319.365958758,233.8009588222267,16:13:28,-1
9492804.53250617,145.98941263606653,16:14:20,-1
10388978.658337452,111.67692778002916,15:28:39,-1
40333819.68279032,264.8841089756982,16:02:51,-1
49732288.204825126,116.71242591218402,16:17:10,-1
52158239.516795605,215.2162585655345,16:10:33,-1
2772784.268050706,260.15227312587217,16:03:33,-1
22534382.610679045,151.21276975307595,15:32:05,-1
55263223.28277442,242.5950182212939,15:34:07,-1
59916845.318789765,169.9226416223469,15:53:03,-1
73992112.1912012,209.64721797006504,16:16:02,-1
88992855.97871657,108.5248828483657,16:06:00,-1
25893675.238041177,346.0781663644372,15:43:34,-1
85952998.94705619,305.40687922004577,15:31:55,-1
34698664.48279175,149.992693408994,15:35:37,-1
21109415.54507828,7.52741814853247,16:19:21,-1
11706972.267500715,132.6014683797343,16:13:01,-1
68144565.93634541,336.07211088692856,16:20:09,-1
25846936.57696948,197.80074775814376,15:32:35,-1
23161516.778383348,190.0459184076214,15:31:51,-1
29596790.531160858,94.3513619949607,15:53:14,-1
61066310.719841234,39.6356350432867,16:12:50,-1
22217910.267947964,109.03400561489886,15:48:40,-1
22800999.043134563,102.80692051691534,15:43:48,-1
27512197.396839306,15.24947174975656,15:57:56,-1
62722655.0343677,273.7896894923675,16:03:30,-1
4952601.136719108,176.03936878885517,15:28:22,-1
86327716.91343775,271.4975626742854,16:20:28,-1
83820187.6455745,54.30089312950989,15:29:24,-1
63157279.664494514,274.2013466228552,16:22:48,-1
39904501.448876746,123.51705597506567,15:52:02,-1
49894333.37761206,216.0817447572524,16:18:00,-1
49586510.53218918,32.897721065174494,16:02:10,-1
67877837.76762658,48.05900869620305,16:00:50,-1
83332834.56436498,228.86795013731515,15:39:42,-1
83617426.07536411,338.9653107190117,15:56:44,-1
16286190.31161424,34.47480511946037,15:27:38,-1
80360163.22539395,166.5090245887246,15:31:39,-1
34555558.888076,13.853988127315516,15:55:44,-1
58189221.384678885,287.9736668883232,16:09:53,-1
43548058.23919423,137.2472353604948,15:49:02,-1
28237034.2679895,39.13895754907388,15:32:13,-1
30425771.817857016,241.90260692490423,16:07:55,-1
25922734.28632751,289.3022689760257,15:55:37,-1
66154550.56123487,166.5836571879369,16:23:46,-1
18775342.14719421,38.195622494942015,15:32:29,-1
79095641.25278433,265.17825148212046,16:10:59,-1
44386679.15858113,213.3704498772124,15:47:51,-1
32940481.313430723,331.8980627466752,15:32:49,-1
20724238.92523337,301.6318453588826,15:55:27,-1
73551309.33020777,84.3661670025243,16:01:16,-1
65159368.93905916,335.7908942642196,15:56:35,-1
46019654.92108036,136.37159611957222,15:59:00,-1
42498824.80169803,28.363614753241716,15:25:33,-1
23859916.03698166,239.97470309220907,15:37:05,-1
31961769.494591184,335.70562760358456,16:00:51,-1
682701.0862381483,212.17292646363677,15:43:54,-1
11264693.174507124,288.44232186739987,15:51:20,-1
84805168.48040481,56.050363664111714,16:08:15,-1
34545994.45760018,10.21590114604352,16:03:15,-1
43875180.25259326,117.24546820882476,16:09:04,-1
34747835.547682054,324.5177793424057,16:02:25,-1
89213314.41448137,286.5844385677263,15:53:37,-1
34643382.08994679,3.676020926118939,16:14:45,-1
43376895.03509709,203.1600745489568,16:07:27,-1
72809841.32518768,270.5586714891209,15:36:48,-1
17427452.71470533,109.33957878058324,16:15:59,-1
51871569.20942814,84.53229636730256,15:28:17,-1
8131972.886498189,235.05808354231,15:46:10,-1
80427173.16767983,3.3620433651212167,16:03:27,-1
48527998.69545957,64.13949596800151,16:05:52,-1
16607901.35227463,13.824082812894895,15:33:11,-1
69877359.7221626,313.2621062840065,15:38:25,-1
57597565.82842152,145.60562995756848,16:07:28,-1
20738365.896773804,146.27775470989772,16:15:51,-1
84995696.89254032,138.1565199910831,15:40:37,-1
27503421.27708952,195.9940974403709,16:10:59,-1
2947060.8822572413,62.61728801791166,16:09:43,-1
42194379.50955796,16.32197874531968,16:09:09,-1
18969154.50463256,8.154315229700725,15:46:22,-1
16210081.917020869,16.080802484014708,16:01:39,-1
22299049.7275324,252.94062172864608,16:24:35,-1
10125580.740661772,302.2182350060447,16:05:28,-1
58482930.00417905,197.6829517153495,16:22:40,-1
31680053.77923793,201.50824379611495,15:39:37,-1
53247089.40005009,312.3339185335509,15:45:25,-1
21608997.8045292,100.38446063177985,16:14:59,-1
4690780.3654011525,151.3025383441009,15:26:54,-1
81071145.30526485,241.3037005116628,16:16:48,-1
79184334.08057037,56.25694485729053,15:54:27,-1
59911619.048118085,266.0294325545258,16:09:58,-1
102777.5590714805,163.9120675136417,15:52:53,-1
20146165.981245723,165.96292656860527,15:58:27,-1
959724.9722707708,48.76953865097961,16:12:54,-1
30754933.49931817,57.46180061326838,15:49:43,-1
24023455.49821665,202.71112861750063,16:07:09,-1
79023131.59137568,131.11047166646478,15:34:07,-1
51125622.59049053,67.9060688826893,15:54:01,-1
13163136.027645469,55.18052707017293,16:20:20,-1
47308828.556006975,306.82337526375164,16:01:21,-1
38969967.75128669,215.6231778951277,15:47:09,-1
32425563.33832336,22.83454623017748,15:27:59,-1
26089276.570879556,53.23110735269306,16:07:21,-1
68793280.41393442,201.726007077842,15:26:37,-1
35363595.293428764,138.51631092130907,15:42:25,-1
6190997.432228797,30.538888204470915,15:59:34,-1
71694546.72315173,222.5395091584157,16:11:24,-1
582859.3212523345,75.31204953493118,16:04:12,-1
29898807.007895663,244.8896989990653,15:48:44,-1
35154742.16104852,294.163968303697,15:50:01,-1
64415630.64344589,64.42725511039119,15:38:43,-1
15833070.863096142,64.27837815585762,16:22:08,-1
86175498.4016064,31.428217309573117,15:38:04,-1
65048476.36396162,279.1630820493857,15:56:17,-1
52118610.07466933,239.50161816459163,15:51:46,-1
37329234.31177988,238.60266852062816,15:54:07,-1
4897548.290773505,97.3201832669454,15:30:24,-1
68428662.20553565,314.5955728425,16:24:13,-1
78530311.43827128,323.2442398266749,15:59:24,-1
56815781.33416888,122.30595445814264,15:59:54,-1
64646083.43824357,38.439521465827305,15:47:37,-1
45109017.43889124,169.31906868316185,15:56:24,-1
80782797.01373206,244.04563418451065,16:22:32,-1
71839588.38332552,7.2092573769379875,15:30:18,-1
9660355.555919817,158.72782903630585,16:09:18,-1
83378532.15212774,203.24709369418247,16:18:33,-1
34574783.89396793,36.39068816938543,16:14:35,-1
31162147.298796427,354.0938384694824,15:44:57,-1
29294408.528566528,21.37007540925907,15:45:29,-1
23062747.3806107,200.56131896168355,15:55:12,-1
81761928.60817888,117.91930487889832,16:18:09,-1
76896273.74397527,272.84563447852764,15:51:40,-1
49542185.86317434,155.63049237385218,15:43:39,-1
28723863.157142717,277.4508235524298,15:34:40,-1
77403412.09940982,86.51549666985467,15:51:58,-1
60368953.69888063,60.42921540142246,15:28:45,-1
20100138.38595206,62.13464386689194,16:08:49,-1
48998463.3120339,203.58481673606772,15:51:05,-1
80939447.94289497,113.34445809208349,15:36:59,-1
1352933.3278726626,326.09736152197934,16:16:52,-1
33200634.278250568,13.555420960547853,16:14:12,-1
84840043.83825478,314.6345968125198,15:28:29,-1
68061002.48866463,318.26419618901144,16:18:46,-1
66294938.57433469,172.70461778496542,16:12:11,-1
2954478.180886738,142.10527010067156,15:57:19,-1
73305741.35647143,36.90473387500996,16:24:07,-1
450588.79621101904,298.1579289154476,16:01:58,-1
19303418.09502829,101.47053542010327,16:04:02,-1
82527768.53418446,326.06088627446235,15:25:32,-1
25289656.382255524,19.25226229909431,15:26:36,-1
46226011.34365665,89.39555632711789,16:17:24,-1
30022309.38004321,281.45307935147633,15:50:02,-1
77871174.41844596,266.63546721844466,16:10:43,-1
21282206.01058132,358.2760615596002,15:59:40,-1
48582070.314711735,131.10098381809755,15:54:06,-1
41380625.23122685,170.3669814133473,16:23:28,-1
35264242.48494087,163.217721592171,16:00:14,-1
38053431.21998388,340.7013158008544,16:05:25,-1
67340544.18119957,291.6241439368672,15:47:52,-1
30968235.491190933,343.02992981600903,16:19:29,-1
27490216.84980247,115.04871601767616,15:59:01,-1
66360550.35351805,308.9571929455817,16:12:14,-1
12655348.441106573,163.90685543632327,15:36:27,-1
27724470.93616369,15.26761164015622,15:45:01,-1
40276108.93861383,177.63402675945986,15:49:58,-1
63953462.48691336,241.88411274629968,15:49:08,-1
23480545.08549537,338.1551419908991,15:46:07,-1
39569511.03302202,139.22989247079826,16:01:22,-1
46692263.99241135,187.9018625767091,16:05:24,-1
38473178.15904132,36.24380906172784,15:38:50,-1
10334022.958752126,215.83522837619,15:38:15,-1
72272837.67762311,199.84662850914376,15:55:03,-1
80512738.4568388,299.3253700553229,16:08:10,-1
88661708.62488139,78.08834840285199,16:01:42,-1
75295505.0397721,107.55738849388182,16:09:30,-1
14749568.246113276,305.79017833262014,15:50:42,-1
34644321.05972796,305.339817401536,15:37:34,-1
87607319.7855687,144.1085819941948,16:01:39,-1
43970193.13879645,268.96516258067584,15:27:01,-1
19990569.096556928,25.204659637131765,15:37:15,-1
62147720.91531947,237.47616125508432,15:34:36,-1
21308.71404454103,270.43027987126226,15:30:03,-1
16961558.027567573,148.32772696059203,16:25:26,-1
26530876.43101332,301.46174770619365,16:09:47,-1
38604698.60678215,48.15128813941183,16:00:08,-1
77202873.0561242,26.23045197065164,15:26:41,-1
15699345.540383164,211.19295550761785,15:39:54,-1
60045068.12917789,333.5202542589185,15:36:34,-1
7825821.225867965,333.2109943884656,16:21:02,-1
42944866.24454918,175.81973950707044,16:09:50,-1
2246107.915616519,260.35691767664053,15:31:45,-1
31289613.06369379,193.54709232773868,15:27:45,-1
78415481.76136945,266.5265084468241,16:19:32,-1
26662380.094789125,254.48743406202524,15:45:05,-1
5877661.66075851,31.11924292589647,15:30:01,-1
59571831.37248675,356.6637615102252,15:52:07,-1
49634815.26124792,221.35182744138427,16:01:47,-1
76481976.59572014,339.2985932216096,16:05:14,-1
71460500.69964652,122.05445144397756,16:14:01,-1
46465544.355314754,247.7242079297635,15:31:38,-1
32449408.57408681,7.105386064092598,15:48:02,-1
17058937.746788137,38.97986295215182,16:20:44,-1
68020404.35618787,83.26793516367407,15:36:36,-1
79666138.48103034,87.66932221383433,16:13:44,-1
73306868.79011191,87.01444822516237,16:10:42,-1
61442296.41927174,172.88164597303503,15:58:22,-1
79950824.16495486,275.2512190707579,15:49:45,-1
53619048.51445216,326.6166499954885,15:42:24,-1
2891102.9393068,74.5210372809339,15:37:22,-1
17604739.43469864,266.7829825175081,16:02:22,-1
11932807.240028117,216.7050339367461,15:56:31,-1
5245625.240501591,320.97103416742965,15:51:35,-1
61844562.21920523,156.79996096739555,16:20:46,-1
28700331.314320937,174.07507354269174,15:49:51,-1
19521928.67309255,101.76830853780358,16:10:23,-1
57082790.17283543,145.4687646414839,15:40:52,-1
51954362.29189531,255.2014218968297,15:44:05,-1
48735596.18621109,83.6140424100263,16:09:44,-1
30184379.72636658,219.8963639081701,16:15:34,-1
42584344.37357114,308.32791394907446,15:41:00,-1
5599641.850136176,203.6791868146416,15:29:56,-1
81447278.84053688,43.82563524310274,16:21:45,-1
48185250.46946683,189.03843435223092,15:49:55,-1
66237743.44250088,288.32728949350195,16:23:42,-1
80574219.02546123,191.3015312913637,16:07:56,-1
75313265.19191168,206.15195613123345,15:55:19,-1
68915693.14369005,299.3384008552831,16:23:00,-1
53533018.04584128,197.53396466750172,16:07:01,-1
25100901.380300306,223.6556667402296,15:55:23,-1
73866810.78897484,215.1830446301805,15:33:44,-1
64810920.93386932,6.092621343198115,15:40:10,-1
84590239.61155851,210.77013892502603,15:46:10,-1
25631682.04965133,304.5910606436209,15:55:34,-1
14099980.12232555,193.30928530067985,16:19:08,-1
65477827.56165586,49.19934478171743,16:02:19,-1
78118798.03102636,106.24090965330451,15:47:31,-1
66675715.87943268,195.5933739453812,15:42:03,-1
43189954.48375195,71.55514793201854,15:55:56,-1
4921861.215141901,106.9930299169985,16:22:30,-1
86988398.54611887,151.50666706266892,16:16:42,-1
63073264.54452617,39.3357848292355,15:26:10,-1
36399713.1700749,328.94893117682403,16:15:01,-1
71141297.89562103,106.03445686136554,15:39:01,-1
73602222.30499211,24.45245811217775,16:17:59,-1
34526099.607522234,203.2450015518358,15:27:40,-1
2597494.8969686,196.67380502448444,16:09:53,-1
26750250.01745001,211.31316701499912,16:15:20,-1
16115632.282077065,348.60361341107034,16:11:58,-1
41893226.72497043,237.89211267470785,15:40:11,-1
33221052.06415131,62.41478772688793,16:01:27,-1
31747981.809690516,246.30391924856227,15:36:21,-1
83746869.89203437,93.67262122037528,16:11:32,-1
27415607.006463207,204.1687121971501,15:58:34,-1
43743438.12034785,0.0464312267450539,15:30:38,-1
3460880.6213399232,317.69626082583034,16:18:07,-1
27200001.496623594,202.97698791550496,15:57:15,-1
18666281.18917473,190.7678225024431,15:29:24,-1
63477728.18713332,145.8204383920893,15:32:34,-1
52284296.24608273,181.74645042703773,15:28:25,-1
20767432.314873006,352.8147767550983,16:22:27,-1
35244267.20763943,152.79468614259196,16:02:18,-1
12362428.664102215,184.71530986291236,16:23:49,-1
87284032.77381955,241.6791169097293,15:54:15,-1
32863093.16458239,30.43864329213944,16:01:37,-1
75252730.12698698,159.0069559004048,15:30:28,-1
2269764.7203143253,248.6962735240991,16:23:19,-1
19932988.755086858,5.752061217349782,15:45:10,-1
82402732.37534872,165.1159952744887,16:04:50,-1
19499298.56847599,120.83891169600037,15:52:40,-1
63605526.13851517,340.52422984844304,15:43:28,-1
45856845.949468136,107.4930276922571,15:32:05,-1
63877793.8267794,158.34889937557114,16:18:27,-1
7637833.181248885,222.1560444694045,16:03:17,-1
43582605.24639901,33.531307775143695,15:59:15,-1
80254512.15880658,83.07838412879391,15:32:25,-1
39034554.204872735,277.5986298311434,15:55:35,-1
42589790.77830407,321.1366904146544,15:47:06,-1
36910417.01924399,118.4477166262776,15:57:09,-1
43606448.22033401,208.9338874766462,16:00:05,-1
69184525.33452898,265.98094880715263,15:56:17,-1
69368978.1544109,355.32142495465695,15:58:57,-1
47055114.65086109,224.6063951181713,15:52:10,-1
64000010.58709138,310.42012589796497,15:58:24,-1
83969625.58419107,6.279578910141752,15:59:18,-1
70322430.08821565,144.642164891645,15:42:57,-1
32345994.758320697,160.04623418640864,15:49:18,-1
81945243.65893796,261.9098836165886,15:36:32,-1
54146046.96352175,224.35080582698043,16:00:14,-1
73255079.25136256,343.32699185221463,15:41:48,-1
72843250.95405164,149.0199343016292,15:30:19,-1
7565207.164339973,98.29145451627646,16:15:42,-1
27290853.20241283,1.7632194913464172,16:09:43,-1
61541343.64957723,149.48288936365964,16:22:08,-1
56822899.96837423,298.8017742715236,15:51:33,-1
52534163.50817166,297.39821179635345,16:03:41,-1
88271403.7151701,251.8803479167859,15:35:28,-1
71931355.68547834,62.23234431185509,16:17:00,-1
60898978.58522712,102.24425456083222,16:07:23,-1
2396798.5275878827,61.79196436094159,15:45:54,-1
50529831.35105736,165.8229441321193,15:34:46,-1
74755589.39402235,117.8433672839221,16:24:22,-1
8135245.825705569,292.9848086360438,15:42:33,-1
29988181.31195609,29.34208246028378,16:10:16,-1
2128354.4996589976,302.7455380624924,16:03:53,-1
36283540.85131677,164.97431210380535,16:12:18,-1
52828900.85615797,247.8931701575752,15:36:47,-1
56710125.22887648,41.10656000168417,15:53:22,-1
40093879.06884801,38.30057008760628,15:51:33,-1
61469224.73011204,202.79028631470769,16:21:21,-1
75542752.98139088,100.3305608242486,16:21:42,-1
17145410.456706222,122.91359849862664,15:43:53,-1
16530805.559423288,271.9151397761683,16:00:14,-1
83496285.68960702,259.4511008822044,15:46:17,-1
22996707.070466623,282.06666195939505,15:52:52,-1
25651913.31608145,88.7168390203192,15:45:28,-1
31750428.491187148,89.62429263475128,15:46:00,-1
85189804.43573022,201.2702898927027,15:28:06,-1
68972750.50752528,69.13311418769833,15:54:05,-1
81179938.13815528,248.10218062542765,16:06:55,-1
5598030.87482401,279.8192765299058,15:54:34,-1
28841347.776874267,94.16961072473032,16:14:11,-1
21962200.46526672,303.61338010770606,16:11:34,-1
6395597.159401579,326.0945201819647,15:47:05,-1
27379253.409148507,248.2495227390132,15:36:38,-1
39984638.4058532,339.2899207363143,15:32:18,-1
84084826.5842039,141.6302492626607,15:35:02,-1
46331604.57457805,110.13540311736666,15:51:54,-1
35094208.58406166,296.1335374866884,16:10:21,-1
55088773.11331403,28.40521034484821,15:30:19,-1
71431918.1705483,262.4502427729616,16:05:28,-1
47309599.55857117,316.1125262828686,15:44:44,-1
43878646.90783315,102.42347924136864,16:02:13,-1
76390093.89667574,106.6149542739918,15:35:54,-1
36460563.93611223,191.0834125865564,15:28:41,-1
77617388.08396605,178.28611169338518,16:24:47,-1
86626925.87722343,191.9678650142644,16:07:30,-1
70493496.34741645,128.5199760598702,15:37:23,-1
47410392.45631449,295.5650708662132,16:13:10,-1
78798710.84131642,139.99690503179218,15:37:46,-1
41661486.95941605,211.046482527245,15:25:41,-1
55896391.81945432,266.5770528878046,15:56:51,-1
9192073.309592994,263.094979535172,15:46:29,-1
44854163.94639933,227.63250617232492,15:50:19,-1
35796714.13730652,92.51365616126095,15:28:21,-1
73674574.09244074,231.92350045549264,16:19:31,-1
16290598.922807563,52.82526298880532,15:43:20,-1
41575006.60589513,47.474681572317245,15:45:24,-1
13290529.136438536,105.57926212285032,16:20:29,-1
20940429.24202218,261.4345404948764,15:38:46,-1
32925546.169090018,103.31401347331156,15:58:19,-1
64147239.91439666,168.79509275854605,15:58:24,-1
41997093.02774027,148.8956888854924,15:45:03,-1
6079356.780950196,100.50824020196563,15:59:35,-1
42172277.00913502,181.10882009108929,16:08:11,-1
27133638.254948743,66.94370665536357,15:45:19,-1
64278037.15277156,180.3308454107525,16:02:00,-1
69490084.22667521,332.7495585616175,15:36:11,-1
72844839.5235531,299.63732190795514,16:14:57,-1
1967644.4131847844,336.04732501712454,15:42:58,-1
31047029.970905256,37.29308784559399,15:36:34,-1
7693818.7405695105,308.36906250055705,15:40:34,-1
47496975.33341581,298.5204515139452,16:01:55,-1
85255133.83424112,346.6219023213747,16:23:45,-1
74195865.06502032,164.50221537614738,16:21:29,-1
22971867.828905683,143.9257654466822,15:51:42,-1
32265115.74253063,159.22769081795605,15:27:27,-1
71848443.9170663,172.96671784974677,15:42:39,-1
60526306.27660394,153.65923332812795,15:52:08,-1
33666500.1970018,107.98328709589228,16:08:29,-1
54596725.36510161,108.90960337482848,15:51:06,-1
78769202.70248017,20.517072365477247,16:07:23,-1
66321712.89413089,90.78681316172673,16:24:47,-1
42561836.66253842,244.8104586836796,16:09:56,-1
72926214.9572949,172.10289854818626,15:27:52,-1
55612147.64147662,356.86687442663134,15:31:18,-1
7731127.659210915,205.3912434095338,16:23:35,-1
44945977.09810956,161.36926534062343,16:22:05,-1
23460077.848467328,349.6554420973381,16:09:30,-1
9236670.901703613,51.54080943831845,15:53:50,-1
31196364.68266488,53.45189704636228,16:11:32,-1
63542010.49836593,301.5323226822253,15:26:35,-1
73901577.84338284,294.53867123666765,16:22:27,-1
75632064.97885641,88.53638143150638,16:22:03,-1
19473913.901524734,6.629884384451454,15:56:50,-1
39497755.3454442,293.3756407114201,16:18:07,-1
20605895.026047185,180.7679132526248,15:48:09,-1
27256849.34275141,251.77343441502344,15:36:17,-1
12547892.644074902,9.269186271280493,16:17:48,-1
89043790.77662574,264.24718450406243,15:29:30,-1
39695351.74430744,197.66970769623316,15:30:41,-1
12872081.558704635,97.38024918970626,15:46:00,-1
66966657.58066267,62.98392109523615,15:35:33,-1
86133273.14697191,304.81826659903544,15:25:37,-1
16783684.35830983,261.99406117589325,15:47:45,-1
4831376.985317168,249.24404220700032,15:44:46,-1
68794241.47958615,91.52896687600808,16:04:22,-1
82783897.98557664,229.97622896153024,16:23:56,-1
157648.48798064116,300.05460573182364,15:31:35,-1
34086641.7205116,231.6258369013937,15:59:52,-1
66116056.94751005,267.4929335309418,15:36:18,-1
87041909.40936828,264.2285417188903,15:47:05,-1
24621867.630672865,248.52686411233933,16:20:21,-1
52482331.479017206,166.06768747746196,15:58:40,-1
79823977.60269532,251.6054818812497,16:17:00,-1
37197900.35256643,209.4844228241541,15:29:20,-1
77951912.86226979,180.0082901458138,15:57:36,-1
74194192.52977948,228.89639157524076,16:04:32,-1
53853873.22087495,181.21602184563136,15:32:07,-1
53399197.47456252,46.97948901220458,15:58:12,-1
52708242.41633941,153.53444987978918,16:05:08,-1
62463144.2446933,284.9866788099891,16:04:49,-1
75771687.03114785,97.61155346517972,15:40:26,-1
17666417.49089562,126.35525355483531,16:19:37,-1
59163780.23647954,31.543492286013365,15:47:33,-1
3954810.955945204,146.96424512609283,15:29:34,-1
46632426.09073131,88.5600656529787,16:04:09,-1
34180081.53281392,15.261345206540732,16:07:35,-1
70669452.37085086,326.07591740784864,15:50:04,-1
40020632.00256301,134.04151260903848,15:47:25,-1
58340526.40829745,357.92457789159374,15:27:41,-1
24060317.769961867,75.7240668360082,15:28:47,-1
39862931.985749744,64.66891542148781,16:18:39,-1
50472464.97985723,159.46029970362494,15:39:05,-1
59076972.12235823,9.440057464908485,16:18:21,-1
74708667.44555989,307.99367248421913,16:25:15,-1
81932651.71279326,298.7842522412678,15:41:04,-1
67611123.76710437,208.54925791678875,15:43:35,-1
54513878.949602254,222.364763145607,16:21:24,-1
86747650.14391437,195.74663935296684,15:53:21,-1
4551961.089075008,347.2135775375904,15:52:22,-1
35044992.31877245,258.6236405002849,15:52:11,-1
35278261.81491921,49.88334615549456,15:49:05,-1
75295420.92448163,128.05694661505385,16:02:32,-1
27825689.46158349,115.95849267789389,15:51:20,-1
48193208.75803252,49.54448829559655,15:40:11,-1
17118538.295289572,354.19047664714986,16:12:54,-1
32436096.34554221,79.29647326578778,16:18:56,-1
28360012.237255678,322.69604592811174,15:45:45,-1
46698211.20277318,117.01695267371647,15:35:22,-1
15562180.665310595,100.74189179090372,16:21:13,-1
68450797.99032016,209.32889317116548,15:40:40,-1
73763054.26408544,150.06515653058585,15:35:22,-1
58444336.91319431,247.33438851063744,16:05:39,-1
47623060.42631479,4.169576820897221,15:32:35,-1
4720607.795422262,121.75170519149223,16:06:33,-1
29091089.941409525,170.86655574415124,16:05:56,-1
81269289.63688602,51.965261913372736,16:11:03,-1
3608458.183132027,125.38667220480596,15:52:23,-1
16247352.236579372,43.65976299859112,16:04:03,-1
74501202.93495978,246.6346695894732,16:06:52,-1
44093542.116471484,83.11043793969709,16:21:14,-1
86092441.48418756,94.008850954629,16:09:44,-1
61469026.20729396,239.4798779536416,15:52:45,-1
5466908.500295511,197.2763990082063,16:06:00,-1
67086030.41047004,25.14573307240556,15:29:52,-1
47585813.92862148,242.57709091078104,15:51:31,-1
27968149.225439835,43.90759799917897,15:43:55,-1
67266812.91804792,55.26801614025314,15:27:25,-1
20397510.53160348,293.8048135528923,16:03:32,-1
85116511.32441305,168.36442948737152,15:57:00,-1
12339303.477672655,329.9669835328354,15:57:59,-1
70278940.45196341,277.1452435514744,15:32:08,-1
40022441.68968182,146.63222767875487,16:06:15,-1
8168036.416378736,54.368284294246365,15:36:50,-1
34268578.17955322,189.0450795649492,16:16:12,-1
58486448.50353358,288.4615751216405,16:12:37,-1
40641815.94290817,87.77811000610501,15:54:52,-1
3507606.6154230223,315.1280967522767,16:10:21,-1
68555691.82735343,49.6667628474803,15:30:51,-1
64508743.74730686,195.63236276795055,15:30:20,-1
55316435.22922316,87.79803842354883,16:06:44,-1
68316642.79809992,31.18749632263183,15:26:36,-1
42078442.84015601,324.9673550390144,15:28:09,-1
40435981.56585664,112.30784184395208,15:49:52,-1
54976245.092952766,319.3374283698771,16:10:18,-1
27618467.326400217,143.29863887874507,16:23:07,-1
6439340.982372646,229.94022419673664,15:57:26,-1
44896316.12879221,109.81862945992724,15:26:13,-1
62310949.34325923,163.55415678508402,16:07:41,-1
85864788.18275341,3.6457302453819818,16:21:29,-1
42365003.974489816,251.59623040699717,16:09:17,-1
36183372.22171589,30.54441531117311,15:51:04,-1
42690589.51168816,32.3273350384919,15:54:29,-1
5973337.420215071,78.67336255173122,15:27:16,-1
18665898.914602607,93.34359033533676,15:36:43,-1
31556162.354135968,132.73022249650728,15:36:19,-1
32171856.14358601,354.2631110326374,15:49:03,-1
40248656.674203135,195.8754349982165,16:02:57,-1
51192837.65283443,257.733097192484,15:58:24,-1
14524344.740513338,86.94854288336225,15:27:27,-1
12286869.80475615,140.50373492750765,16:10:35,-1
10405582.34950328,179.801020172455,16:02:03,-1
54624726.18437522,168.27220156408666,16:11:32,-1
79700936.95137393,207.42397507059425,15:44:30,-1
27642075.34361697,167.88753250026525,16:04:57,-1
4136331.041504876,174.52593514125246,15:36:43,-1
40828735.60977839,27.647993423326067,15:51:10,-1
30408242.054762542,310.963911331256,15:37:23,-1
63557513.70179233,6.270151103388471,16:07:24,-1
42736762.54796091,84.75697666276592,16:10:50,-1
29374703.595691584,299.5924268796024,15:51:38,-1
55109523.49325128,8.524676746808959,15:26:37,-1
43974107.3716022,207.0611796696007,15:51:36,-1
81809056.17794842,59.79617915272746,15:56:29,-1
52897614.579012096,298.3346156328978,15:51:25,-1
78259591.56535435,3.755353895268949,15:36:38,-1
23982416.57231957,229.29461175262136,15:43:18,-1
19765955.17030686,64.79317374681487,15:47:03,-1
923806.0058738014,50.07056951839764,15:26:40,-1
52162686.76444555,317.983055160522,16:22:07,-1
65310697.2570156,32.38983089495252,15:55:39,-1
64482386.77949203,81.98820031948507,16:00:35,-1
50646515.34544221,243.85728911630517,16:10:57,-1
69405282.91169994,261.52041766977266,16:05:21,-1
27650876.385918885,60.24406565865733,15:50:31,-1
86944020.08078268,129.84609095788588,16:19:24,-1
34618538.19063071,19.231274504119803,15:50:11,-1
49867660.84577262,36.68831242783455,15:31:34,-1
30575021.05088821,308.2167101176558,16:09:23,-1
15000368.580745444,253.8556329441112,15:42:57,-1
20557955.80776953,228.3693643596551,16:23:34,-1
77448821.52897532,188.02210538643996,15:33:17,-1
83973659.17044418,0.35864989836631,15:33:57,-1
46758001.97810691,192.6835725079193,16:04:41,-1
51194775.7174554,260.9799287573765,15:46:25,-1
29728666.857678264,255.06069432082504,15:44:14,-1
3175387.861758116,60.229775118918695,16:12:42,-1
28338380.715204984,332.1903062040021,16:15:26,-1
62162892.65798462,235.3621886815336,16:03:09,-1
75831138.82079855,255.6802464757083,16:22:30,-1
88780499.3464169,213.3357580849693,15:54:25,-1
60039320.842727564,75.74141169056443,15:34:31,-1
45436971.53187881,114.55757144207284,16:07:11,-1
8500616.15551871,290.8198020484977,15:52:15,-1
46099959.87548889,121.86734705734575,16:10:47,-1
82155249.61165996,206.06956164425023,15:54:07,-1
62472301.1014092,152.61187242444808,16:20:24,-1
33900479.23948546,251.5749591225305,15:30:19,-1
86807194.3793672,333.16997396527523,16:22:35,-1
22636395.966299515,172.2039492661135,15:57:41,-1
46901641.5382961,347.0310774690647,15:54:58,-1
8747672.48529078,225.1438664929056,15:29:26,-1
79371856.77046162,226.4672719700161,15:26:27,-1
50790110.79005137,60.22051488210594,16:22:42,-1
58777461.85715047,291.22200776573555,15:58:36,-1
72889408.64896223,48.43962422998517,15:55:10,-1
31048888.28628201,67.35730050922292,15:33:22,-1
49168735.522985786,173.44222045069665,16:20:32,-1
39419707.56587369,203.35570342682408,15:26:15,-1
40689444.10202025,335.35449161897697,15:48:45,-1
14136910.16247218,243.25733807730677,16:00:38,-1
61892451.62936521,154.97199510512036,15:59:35,-1
60349768.823640384,26.09382169268509,16:09:10,-1
59561725.420817405,23.2766670947614,15:54:30,-1
57035028.783397324,54.795842562598914,16:17:42,-1
69238680.47814356,51.51873806679418,16:03:12,-1
78011624.02704698,216.71276588303297,15:53:18,-1
22019389.903361756,47.90897391612034,16:20:12,-1
79950224.75712186,105.44692775621904,16:00:11,-1
586996.8977965678,88.97982364110678,15:28:18,-1
45572533.23072894,256.091703339487,16:04:58,-1
43509473.49730895,212.8825373134808,15:50:32,-1
23865228.09153272,159.6262233118684,16:18:19,-1
79353970.5517372,179.2303619857474,16:07:38,-1
88167606.72759011,73.37810245662376,16:07:53,-1
37827898.26379453,125.72820300907136,16:17:40,-1
16395780.17521624,141.66216530516152,15:57:53,-1
38621048.70416328,120.9895190733857,15:43:48,-1
36980843.84253853,107.79266675188636,15:56:53,-1
56737905.65442543,238.30039581099052,15:27:28,-1
9059370.80085236,67.51659120945925,15:56:44,-1
83517561.60587893,73.86270658860741,16:10:50,-1
67876805.63038276,17.11773883891983,15:44:00,-1
62772659.02743158,162.8293043233774,15:51:33,-1
27330660.798375387,103.0469336355374,15:56:08,-1
32211425.114594992,312.31842095307417,16:18:03,-1
69843239.77944347,201.49737403885985,16:22:45,-1
54607060.64135421,25.871749806179928,16:14:54,-1
26954516.067146774,150.71071250674572,16:12:04,-1
41484185.63320427,184.22314170896783,15:30:23,-1
56819100.03259002,223.93143417560543,16:18:01,-1
55521295.01979395,9.20558913283099,15:46:03,-1
21413168.6895871,333.36622356770846,15:27:15,-1
54313040.59314749,251.66530766422244,16:09:15,-1
59023955.62963212,67.545992478791,15:52:44,-1
29984097.837907966,309.27760166851664,16:13:50,-1
2832791.612154303,352.5779978941522,15:35:35,-1
59399859.09067745,342.4843240488053,15:39:10,-1
33632848.22578443,20.868391964940287,15:43:27,-1
62498848.00675661,68.52829819734707,16:03:04,-1
2832068.8105909782,270.10214959708645,15:56:14,-1
46558822.880409405,14.88305875744469,15:32:43,-1
75616929.17680147,104.54931919943392,15:39:33,-1
16965437.60438087,295.83165694555873,15:31:07,-1
72588099.44475451,132.89457711697153,15:30:26,-1
48895123.82187496,140.69098499814197,15:45:36,-1
55256373.3164771,122.1107003084838,15:46:54,-1
48824729.931438334,136.47491426534833,16:12:16,-1
32120907.005763665,223.31045699361655,15:29:13,-1
86005265.73536158,261.18779573970784,15:33:12,-1
78518433.58150983,300.44025366278635,16:21:20,-1
28245816.229870357,195.8135879156206,16:20:22,-1
42905660.72203631,355.56698480210605,16:03:44,-1
84615648.79230279,123.76989031262438,15:46:34,-1
81820454.16867124,346.22618534746044,15:35:22,-1
54643113.54575022,250.8883355036725,15:33:18,-1
32643445.215987403,232.5295577998154,15:53:09,-1
29583271.83315064,318.3262485121171,15:48:17,-1
80039367.21971995,10.838173583695436,15:25:58,-1
84685748.01142912,150.27657397059144,15:26:12,-1
84890829.45395502,159.2599162810276,15:47:57,-1
22019225.185681988,57.16303435126366,16:23:15,-1
66975430.95669693,350.32172241914964,16:09:02,-1
87831910.31483555,117.37308121038691,16:03:36,-1
35210300.195058025,183.1579836382726,16:24:25,-1
38300907.333802685,276.4917341645477,15:57:17,-1
67847447.53483514,23.59277519918852,16:03:05,-1
25918151.055304844,131.07438706162014,15:40:32,-1
38388847.43178354,153.78809936798783,16:20:50,-1
30738575.64515516,183.33962860841547,15:57:20,-1
22650899.367613222,247.56331068517727,15:31:38,-1
76432682.6369501,231.6422409117727,16:24:20,-1
1895233.59638727,60.458774654839424,15:40:51,-1
64963490.31939447,112.09502842357637,16:17:06,-1
295545.35263901594,205.44883287105696,15:32:27,-1
45991391.14876382,186.31283432748168,15:58:02,-1
86895481.24117734,241.44266748846584,16:13:18,-1
31157922.41419462,149.30720267472225,15:33:56,-1
31649483.95855228,23.89092387448599,15:30:02,-1
77496479.63027275,219.2190853380729,15:42:50,-1
5042583.462268911,295.2380537847021,16:24:03,-1
63069023.27503847,232.64998796699857,15:39:28,-1
24566808.6153812,223.0682280377161,15:46:36,-1
68890679.27706957,333.4071366047797,15:31:57,-1
50770186.70305832,289.6617187345798,15:54:38,-1
50541115.09277135,127.93371270079828,15:32:10,-1
69740365.64248757,235.1540624120881,16:13:52,-1
71902834.63808033,6.562525210571657,15:52:43,-1
79531859.94817807,114.5912271118703,16:16:59,-1
9234775.119347306,282.08049006961363,15:51:59,-1
51596869.22441549,169.73405221451685,15:46:47,-1
39974291.20864231,239.76398563572695,15:55:53,-1
63647899.19164546,27.722686462268868,16:24:31,-1
4854523.21786856,347.4690701599469,15:54:39,-1
53061077.51977911,29.38629993153208,16:13:12,-1
17912792.472206555,231.5374137923954,16:13:39,-1
10889307.524212215,82.36595508632217,15:50:51,-1
57146785.54382953,64.54721772395503,16:14:55,-1
40561124.12258606,320.220522972238,15:44:29,-1
49844489.0612099,163.450523810749,16:07:17,-1
82425718.39329144,271.8943305628396,15:29:20,-1
19125313.80451512,189.35706454027536,16:05:35,-1
32754187.63936292,48.51739596233929,16:13:04,-1
71061591.4044167,37.06008345100025,16:20:29,-1
83926774.94943541,187.5458967447107,16:05:55,-1
54300472.48818404,279.41107387427616,16:04:31,-1
66072804.22220594,120.87139424446296,16:07:05,-1
28005183.577503443,112.47821339507342,15:30:09,-1
7842698.589317636,62.93872120753486,16:10:32,-1
32671025.06855962,33.23846571319445,15:56:00,-1
79041542.45730352,62.02953961380241,15:32:32,-1
29042912.99358187,297.640181770945,15:45:25,-1
49374605.51717421,271.25192068750465,15:49:31,-1
73244664.31143138,88.06122761223195,15:34:32,-1
27363796.83802777,37.2258612415282,15:32:54,-1
49386734.46305565,169.87611402519482,15:46:44,-1
72699115.8803804,126.52986862716222,15:41:46,-1
88831260.05425349,251.61594252770945,15:33:49,-1
43563859.64406687,196.4159822721392,15:58:17,-1
65411458.860038094,337.230201411207,15:30:38,-1
72271828.27304365,227.98101248882148,16:10:49,-1
55389479.761122204,140.70063477615415,15:33:29,-1
36283938.25183296,205.843029109422,16:10:20,-1
30165183.301869974,307.8490450982576,16:19:14,-1
27583521.12416893,325.0631314334136,15:27:11,-1
54801325.78986108,209.98534577145483,15:55:58,-1
87415631.48347534,153.53837170580005,16:23:00,-1
54562745.5828816,298.07273395056103,16:00:27,-1
60530153.533639446,29.045090231768288,16:12:13,-1
32537020.54460428,167.56976581076782,15:28:46,-1
79415702.813489,252.53239112600497,16:14:37,-1
5209211.069373247,196.94779642998367,15:43:55,-1
16503518.759923331,243.28808986026888,16:11:52,-1
50849512.9320581,128.04566096384778,15:38:30,-1
33032813.47154561,334.87753029971896,16:12:20,-1
20114854.44180599,96.56495825196076,16:14:53,-1
74960780.51599792,65.46862231270852,15:44:52,-1
25360266.26497821,137.0649975444166,16:25:11,-1
28252466.399589915,56.042478421335865,15:56:43,-1
66452710.901300624,140.02639111715897,16:17:38,-1
18348260.65551134,202.66547264898185,15:51:42,-1
62422261.02977565,91.08339303528302,15:56:59,-1
66621008.99180238,156.18272972961068,15:45:18,-1
20194569.15226185,218.79110188238647,16:10:27,-1
86076909.04266372,277.76202315691705,15:38:55,-1
42000114.6062333,314.2646856455172,15:25:44,-1
60131947.7783237,207.17691082766075,15:48:15,-1
66786475.815771244,268.9312063839177,16:03:00,-1
21805194.631035503,130.21578198849926,15:29:07,-1
50202380.60809868,133.45735965895534,15:46:46,-1
84817219.66866106,241.9372562268815,15:27:54,-1
89358576.44032967,201.1602678557761,15:57:39,-1
83601439.87878363,188.8129572835209,15:26:16,-1
58537878.19845818,176.57907151789007,15:41:32,-1
50059314.9194082,45.453937154885786,15:40:43,-1
84897331.5052252,238.1348817161281,16:01:45,-1
6150333.685003114,264.04281846447043,16:05:41,-1
4641592.919415142,225.63947239117405,15:35:26,-1
84409491.13632469,57.556432285622144,15:55:10,-1
74269668.00455517,188.96901843300773,16:15:20,-1
44164967.39716984,184.184953619774,16:11:13,-1
66904094.15358456,187.5427386604889,16:24:00,-1
27485526.669843853,66.54597876761477,16:06:39,-1
8046901.9504272835,124.23094380977923,15:40:57,-1
73747369.84009348,243.9076496149892,16:18:20,-1
61278206.48012875,316.5332320756255,15:27:12,-1
85766628.0848212,280.0471301297087,15:39:59,-1
65261716.91271957,186.3598810485275,15:37:20,-1
87181499.01415066,342.7548240610581,15:33:59,-1
85562562.1913282,14.726941434230362,15:30:20,-1
8481730.90392169,262.8966997635728,15:54:17,-1
88605855.94216697,186.52901026275487,16:18:40,-1
37710321.86660603,115.92865894315509,15:25:31,-1
62037249.03534921,10.424832479639846,16:03:31,-1
28374331.423173923,105.304198105154,15:27:22,-1
23724254.839686893,275.0272958169836,16:21:22,-1
58477851.96125202,139.87184663804578,15:32:31,-1
25321517.42939539,9.220037927454907,16:20:07,-1
64240079.06649041,1.190920355359526,15:33:46,-1
48414865.51808156,216.59583846716168,15:42:50,-1
16141029.766300213,222.87436113266045,16:02:37,-1
34140915.33602407,86.73400825799311,16:01:55,-1
75969051.7113406,153.32327033333544,15:48:16,-1
42736267.79791718,84.5396807549582,15:54:09,-1
77694653.89129709,351.5947630044621,16:19:54,-1
88469546.14385772,26.63837357895682,16:15:58,-1
20570431.589870594,65.80849253483726,15:58:51,-1
78724472.03780982,63.99763425985763,15:44:06,-1
6474369.3612255175,123.98643241359328,15:39:50,-1
24552178.131295923,217.5450150328016,16:19:18,-1
60847158.68281874,254.89922210450743,15:49:23,-1
9733703.98433285,240.11847966559404,15:33:29,-1
42959799.12050074,184.83813262849984,16:21:42,-1
13541774.760439558,295.99707420204135,16:23:50,-1
64802748.80107636,328.9591715903806,16:06:30,-1
28178202.310298823,41.70822032550674,16:05:07,-1
24490869.499055333,165.54902965405975,15:41:07,-1
63852355.57172176,214.60958119977383,16:07:33,-1
27880084.914232425,25.474960204821635,16:02:43,-1
64727256.12464835,185.61097457777677,15:54:12,-1
70415708.4252118,136.26659947988682,15:53:42,-1
86724081.12300529,250.5841457464459,15:33:30,-1
52362147.23464463,119.41415918272246,16:00:48,-1
87216197.8100489,57.942687115429685,15:36:46,-1
77877079.65770751,216.9697853820057,15:38:07,-1
33154204.23460976,294.48276092804554,15:37:02,-1
14002546.62724923,266.2435047300056,15:36:04,-1
76668904.60446034,198.15628163819304,15:58:08,-1
78691413.61880304,99.7293155864038,15:57:18,-1
16981064.014497478,55.420430525437936,15:51:59,-1
83335427.97732674,61.6145648033786,16:15:11,-1
56231448.29275207,149.25556825711843,16:11:33,-1
61977336.30156822,329.7143186563454,15:54:02,-1
19037404.209884968,224.00039222339385,15:48:30,-1
35140071.46102508,41.46497444181709,15:56:59,-1
62015880.85347714,293.5717498999254,16:03:35,-1
56847796.814416096,348.45666683922894,15:26:06,-1
43342090.14394333,37.73955038768023,16:25:29,-1
81112806.70610848,100.71070958797056,16:18:06,-1
20691124.53311898,95.72992976542278,15:38:50,-1
24682485.828966428,284.75648384980565,15:43:22,-1
55471356.03161921,353.3490400533331,15:26:33,-1
35166260.150105216,120.73991695631246,15:43:25,-1
73883580.2446793,14.976963519703652,15:57:54,-1
79579208.73456195,309.62736997589053,16:18:23,-1
2945298.3405846087,109.34517762397915,15:58:56,-1
11538733.253091237,206.72281184196075,16:04:20,-1
1810249.2293318375,227.52038967293657,15:58:01,-1
10961472.576578686,173.51186148477925,15:50:39,-1
70540476.69905065,92.67374769710943,15:55:21,-1
82017488.66256602,267.6177528857873,15:28:21,-1
13652024.052837051,313.8617651078349,16:21:56,-1
16310489.891490633,142.17632139047544,16:09:01,-1
29259860.94393175,170.16234144763783,15:36:36,-1
9158248.047042577,212.22253024602676,16:25:25,-1
56868237.28465003,308.1480202586844,15:48:50,-1
39463192.22766178,263.6687057379268,16:22:57,-1
28471802.75671348,59.97588241747695,15:42:31,-1
23707964.85306231,158.2489500186363,15:42:44,-1
42478569.20875117,69.17239243887671,16:02:01,-1
77970025.2391477,216.69738894899436,16:01:06,-1
41458536.048703246,145.32768679810255,15:31:25,-1
13037672.412955424,266.0510535148474,16:12:27,-1
72681474.39103915,350.7147521329966,15:41:37,-1
80773787.79878974,303.670106043981,16:23:32,-1
50016742.45867926,207.2203727020204,16:04:40,-1
70823781.99442893,76.60468382084707,16:20:44,-1
46608574.051097445,181.22276642589048,15:44:06,-1
47365329.881767526,59.43857130999006,16:13:08,-1
72242270.23191512,174.84643500045166,15:46:47,-1
45208825.22784245,152.5437212456358,15:48:00,-1
87902670.65256569,195.40036010620776,15:47:07,-1
64625990.686495885,222.06773383940785,15:27:18,-1
34006313.92146948,43.593726856583615,15:55:12,-1
36845570.72654191,6.995532821899864,15:43:12,-1
79374633.56834662,103.38340976459112,16:24:05,-1
77243523.74384512,320.49679449897536,16:02:39,-1
49375985.56091013,225.44605265079576,15:43:58,-1
63619781.69048717,88.53297282308147,15:35:45,-1
73891235.7452654,39.42142616382725,16:05:57,-1
83576295.16788352,199.80819448069605,15:50:49,-1
31433538.60523908,357.64187508675656,16:04:33,-1
9518491.10470774,24.819767467599235,15:40:39,-1
63992267.79009802,279.3520470436692,16:03:58,-1
40758587.94772093,215.6979119357268,15:34:19,-1
59863018.83624034,278.04707490754924,15:42:39,-1
86401952.44636871,113.3931211415417,15:54:55,-1
10624591.911866471,104.1362171094017,15:54:15,-1
2849856.21293582,107.49931013600528,16:18:43,-1
81598370.84368165,330.8324155881661,16:07:43,-1
40476138.23214861,319.5250219664876,16:24:00,-1
62394596.82102111,336.4021975126518,16:05:20,-1
1314468.4210771024,86.75187429150185,15:27:08,-1
72402670.99828605,334.8983110655694,16:23:30,-1
86350175.03400542,303.9537886996612,15:27:33,-1
26995165.58297497,111.12351276067407,16:15:48,-1
82091079.30312689,222.84125490393936,15:43:50,-1
2580614.466498656,214.9553888143626,16:03:58,-1
70315438.46028839,115.538833164142,15:56:31,-1
63753772.35280722,97.59499572139076,15:45:45,-1
70821948.1321569,327.18822957821254,16:24:49,-1
35828182.71592144,184.5544296378776,15:50:59,-1
80697671.89113002,190.1437585785927,16:00:26,-1
10520678.72368304,199.519128089962,15:55:58,-1
28057301.62107308,288.01293809993496,15:56:38,-1
76037598.89672816,230.1660181283741,15:47:24,-1
37132866.500362426,13.015727826806796,16:02:18,-1
82405571.88839072,16.148735489289745,15:57:45,-1
40573629.07367837,178.89300636077522,15:55:13,-1
49817816.75692826,286.96544138827534,16:00:03,-1
2041584.363580828,58.46135551739974,15:30:51,-1
45690396.56458229,293.4044174130092,15:37:49,-1
66644589.81303114,326.9717162736911,15:31:52,-1
35733270.809283465,297.49252499133235,16:17:52,-1
70745764.31587763,236.32857716112048,15:50:47,-1
29080652.173337225,316.2715551721132,16:25:20,-1
69190045.2118076,0.5908853392088531,16:02:05,-1
64746869.52913138,344.51579260554,16:06:38,-1
47649644.93117887,265.4342406180714,15:26:44,-1
15377191.387139097,269.2443970089746,15:57:59,-1
69110627.74251164,55.65221263696404,15:25:40,-1
9181276.153800108,138.19937066045034,16:19:57,-1
57395737.21374253,91.08648310221724,16:07:12,-1
40806243.59327518,17.66215588738632,15:56:19,-1
83092555.11600631,213.85060807268937,15:51:19,-1
1303170.409987918,267.73668575236485,15:35:05,-1
34953576.006011635,280.0413971631048,16:19:30,-1
47365315.63999891,71.20770289777889,16:09:32,-1
7157381.093638317,342.1542784345222,16:14:42,-1
12424262.485128978,2.8645676071259585,16:18:40,-1
48565270.824437365,0.5410137669907744,15:45:58,-1
76918394.86774085,282.38577167225515,16:11:20,-1
71485782.717543,310.4850692972789,15:44:43,-1
40587993.353743054,285.142351946446,16:09:07,-1
51171587.59760389,343.4367774411797,16:23:26,-1
36750267.61448164,62.448701548918,16:13:56,-1
32662433.25863333,244.568724479002,16:20:33,-1
17790241.568254694,273.5966312536255,16:00:04,-1
43035400.10224608,142.2983273660063,16:20:39,-1
79760221.0571992,195.70605759365105,16:20:55,-1
38286839.16535948,175.55268065547253,15:40:24,-1
20949388.736871395,189.8950254143668,15:58:14,-1
6144934.99902882,240.63340754487905,16:23:48,-1
61932496.89332743,358.9809814206509,15:29:02,-1
14697174.815532755,224.3373325529624,16:00:45,-1
62878086.02706998,26.24969705576541,15:36:03,-1
75460449.61479957,352.5408596862243,15:32:56,-1
78100744.37153572,263.049693354535,16:01:12,-1
80512411.82829647,31.4130368207628,15:58:33,-1
52149555.91160749,8.997670527826491,16:23:02,-1
37707520.47449798,9.406959016104398,16:06:52,-1
58303492.5769648,337.2462111826455,15:54:48,-1
6323569.577127329,254.02831601680995,15:35:47,-1
28327748.27624832,269.93070840464,16:12:33,-1
49811925.16820656,326.0947971861727,16:14:44,-1
21859918.76943626,30.6749055140694,15:41:11,-1
20728549.481048647,9.561188934509763,15:25:32,-1
37531055.2814844,24.967854097432472,16:00:53,-1
79698463.57056099,260.9226263050948,16:04:36,-1
87256725.35074326,138.38022846927177,15:52:28,-1
51031549.93050696,168.49935003334917,16:10:43,-1
55858593.96518291,306.8767808685163,15:35:26,-1
77352396.57324758,142.92311501126807,15:30:50,-1
52582685.377445966,40.64088143019448,16:10:02,-1
36121846.61138688,67.61337619947714,16:07:42,-1
51027459.1632603,85.25217485066878,15:52:16,-1
459964.4371317099,330.7029639855898,15:25:54,-1
22574897.500379466,10.681763054452054,16:21:42,-1
47338423.53095298,132.74480082929685,15:52:25,-1
31862235.943797152,143.24939159905236,15:43:03,-1
41097642.32696471,229.43132534206,15:53:18,-1
2449985.359278301,340.8063967129477,15:45:42,-1
84655503.62994449,267.0173199705342,15:45:33,-1
80824600.41528001,141.28488783475566,15:29:23,-1
6651747.218937926,278.0757741919548,16:09:06,-1
43731419.635676414,285.7413097964554,16:06:09,-1
6411057.050630612,263.4726845336264,15:56:44,-1
73954876.2491025,325.83587887641306,15:49:53,-1
7868502.78650384,16.14209485629997,15:57:26,-1
74730107.49082386,226.5618361758252,16:06:41,-1
58293642.99614501,190.37847035403044,16:04:43,-1
61572497.39579903,228.6170451075136,15:52:23,-1
16284529.304429969,35.25203195260221,16:09:16,-1
70449388.6451291,330.418114225477,15:57:18,-1
69016788.4373507,317.28845543923063,16:09:55,-1
41922854.651614085,180.60472609640485,15:38:53,-1
17294099.06088658,201.6256127444549,16:08:44,-1
21566374.15916823,278.21803838362143,15:57:19,-1
32876450.72895742,214.88683557091983,15:29:04,-1
2163898.463189098,128.10205222244534,15:49:53,-1
78563976.47657144,66.2954495662514,15:42:47,-1
84613738.46580662,149.3895462056555,16:13:31,-1
4181456.757257912,149.55647051784356,15:56:43,-1
15725238.012719195,23.633086987560183,15:58:37,-1
73299886.15285707,12.116620722737409,15:58:22,-1
85481329.76402888,310.31375640005075,16:17:48,-1
70005105.52218309,230.85252369126445,15:28:16,-1
32508257.28984274,301.8115325296117,16:22:51,-1
36966863.57166124,76.69438299792098,16:03:42,-1
46712289.35497689,20.718885585189376,15:58:23,-1
65827442.52247649,61.48192277152189,15:30:25,-1
32221113.48257368,150.8561366035585,15:31:20,-1
63960181.107897565,285.33650571959816,15:38:25,-1
39136646.31726049,115.22616923101972,15:50:08,-1
40811574.879142605,302.59560686552584,16:12:22,-1
13903449.252475858,220.5897492013692,15:47:58,-1
68255178.04797405,137.22649022758313,15:50:13,-1
1578129.4950825428,348.9823160281737,15:56:40,-1
64194930.740061216,107.07370093345214,15:25:51,-1
68556555.43986128,23.023884676716836,15:28:21,-1
48726317.93293234,61.73788905564804,15:58:10,-1
60994964.83592854,297.6707726727233,15:34:05,-1
6380252.035597623,186.76913657205836,16:00:07,-1
60364710.11019487,103.16238655762976,15:34:48,-1
82570682.40801634,194.4043481822887,16:11:28,-1
59022237.312766336,40.35329743196627,16:05:31,-1
89025413.91035728,70.72142045756033,15:57:00,-1
42212018.340963565,139.16822997707416,16:11:20,-1
81472366.27034546,151.09116885495172,15:34:29,-1
78529927.53061748,355.4227192575974,16:20:40,-1
43901876.24447795,340.71875010039724,16:10:02,-1
69269837.79626097,136.91031295539284,15:55:12,-1
3735610.5735438047,255.38803504483732,15:53:40,-1
83985426.08495186,158.04950937958827,16:07:33,-1
84519396.75577776,306.08024226372925,15:30:47,-1
77463685.97224048,220.6275750520481,16:19:34,-1
30302491.51699117,310.186626179732,15:57:42,-1
77383354.41745023,196.7225911004164,15:47:34,-1
21463401.626207203,167.30728439181703,15:58:54,-1
33152290.958222717,178.3002552630015,15:52:41,-1
67183138.68342075,200.1462621186533,16:14:18,-1
71130086.75680245,353.3185367624677,15:35:37,-1
81947659.59217869,130.88221005738964,16:05:29,-1
86758035.12716587,346.1710329850129,16:21:26,-1
20648404.4742726,196.2526219047315,15:53:26,-1
49303737.49420085,73.97342885475854,16:05:05,-1
83676937.39493662,2.415188744338992,15:38:46,-1
36154969.818977,56.6792511886371,16:14:32,-1
89580531.9107989,241.06409735732436,16:12:38,-1
74367253.1407294,92.3362655311448,16:11:34,-1
62423831.13966371,71.49738641993349,15:31:55,-1
66251771.28370312,10.35478214720245,15:51:08,-1
50375049.48401142,346.4851041629307,16:08:03,-1
65830690.39003177,304.3078198587678,16:15:43,-1
40036043.51496654,309.73499220231025,16:10:07,-1
69829058.81879726,260.02767248199376,16:12:01,-1
66176517.3042945,301.2737670864275,15:39:18,-1
60342328.53462455,36.44789316182167,16:05:58,-1
6141948.985188715,194.7558553177399,15:51:49,-1
48151824.64639295,102.7786567707094,15:27:17,-1
57211148.49932169,323.6755332255067,16:02:06,-1
2083902.402224637,189.43277835742788,15:32:33,-1
66785278.26856691,173.92079774602453,16:11:12,-1
45072028.28920297,347.13560915724844,15:39:35,-1
68428151.41091849,57.02603034496383,15:30:04,-1
40402994.074887455,213.238552641204,15:57:53,-1
80407890.12771255,3.1473262223672327,16:15:13,-1
14057562.078630712,107.47031061106084,15:49:31,-1
83506885.48302434,13.098131258247989,15:40:33,-1
28890624.918027245,50.097606664283305,16:12:47,-1
2711434.0568969133,297.024002712818,16:19:30,-1
58613947.5102372,95.87734290666096,15:31:41,-1
52800973.44969634,87.83191374272498,15:36:49,-1
2142483.6731449007,49.82520853491345,15:38:35,-1
39960867.59469956,352.7669780643828,16:20:33,-1
67706563.94593765,311.2701688927598,15:38:14,-1
57920659.83456429,62.06699510924778,15:44:16,-1
5059559.707099415,207.5988782114567,15:43:48,-1
74150426.83138107,211.65813302787976,15:27:31,-1
29614824.20618643,293.66949807283027,15:40:54,-1
37138036.71794088,293.332051319278,15:27:18,-1
22601902.923949208,83.63036953255451,16:12:31,-1
31887299.596926205,121.4867550875988,15:51:24,-1
34306094.53541391,248.54872136317212,16:06:11,-1
19966354.194155667,22.347246664111573,15:40:22,-1
14967718.60761758,351.59018232414235,15:31:45,-1
78184576.9683849,293.60130599488366,15:56:00,-1
77028026.52815224,157.31003057954305,15:40:16,-1
27009089.46436148,234.17931343507257,15:38:55,-1
79534286.37898633,334.60789882710134,15:56:04,-1
2245996.9769794554,32.10626623512776,15:25:58,-1
35734247.33143554,79.4788706314234,16:04:02,-1
22974221.28097363,95.55432736314197,15:37:00,-1
11776915.227389216,221.80261102791573,16:18:58,-1
43102500.846625485,239.15456108250012,15:53:12,-1
51115221.159612656,270.8979296088857,16:00:31,-1
84136053.58551061,164.45577466991887,15:50:15,-1
87270377.86776665,200.5497653901666,15:26:04,-1
56466574.11289556,48.6151036478108,15:44:30,-1
65889064.08012626,200.2450974991204,16:20:01,-1
51874244.718458064,259.82575066252093,15:57:34,-1
8130667.879286747,97.10908400919688,16:10:37,-1
64755117.546643816,69.59703714750255,16:15:59,-1
63048488.701686986,322.2435486479287,16:05:00,-1
88490510.01800716,203.35825042517504,15:27:20,-1
59181620.59354945,67.17639111484583,16:19:11,-1
21533073.097538736,141.3114539667742,15:29:33,-1
76676230.39247376,354.1911315770304,15:27:06,-1
8734450.549677845,314.8013829374161,16:06:53,-1
13622477.574886868,35.73049073922408,15:45:12,-1
89719873.97471106,265.06449962521754,16:25:28,-1
38037948.33434905,59.57755381070435,16:12:11,-1
45240766.25969558,230.6717635798725,15:35:54,-1
50116598.78867535,45.66478782934947,15:41:54,-1
62748753.24048906,132.47413785044623,16:01:19,-1
81880340.09207366,129.8882292431828,16:12:51,-1
52340247.09709973,114.09317297221617,16:02:19,-1
81305374.24470094,53.97932236786331,16:04:36,-1
14865675.12218758,140.7043114812896,16:23:11,-1
33251379.194632072,172.8193429313207,15:55:58,-1
50666342.83733263,357.6595191773003,16:08:21,-1
73387447.45719884,91.98273045758812,15:50:45,-1
32741225.196571484,273.3648002043019,16:06:45,-1
33425863.59356265,261.3023623994121,16:07:53,-1
63053883.65973451,15.369121151194882,15:46:37,-1
70428235.90955168,317.30781886424467,15:43:48,-1
81902792.69571918,61.28950681917151,16:17:22,-1
30086471.6640381,111.8346014679587,15:25:32,-1
64277270.60983548,147.61989329772672,15:46:47,-1
55946449.47141293,334.2844066622423,16:02:33,-1
40141536.58567073,206.274784998187,16:17:00,-1
19457605.16655532,212.68282879084123,16:13:40,-1
35245184.37800391,323.57071900922585,15:57:57,-1
72894005.3606102,345.38702736454127,15:57:48,-1
45837873.4457682,92.3668642071183,16:13:18,-1
76572643.49569368,68.81719699905538,15:28:32,-1
84071491.58823235,235.1254803319406,15:50:20,-1
31681208.48055136,90.06682014200538,16:21:15,-1
51963858.09507596,13.742210901087454,15:47:42,-1
44722117.98071487,165.1421659942313,16:18:44,-1
6359292.325661402,261.88547791977453,16:05:13,-1
38800429.10201563,25.09343228254928,15:53:25,-1
39494093.4582381,61.09310262667959,16:01:04,-1
9168071.906857284,15.763142392047422,16:08:40,-1
65986598.67236092,332.4500764836397,15:51:33,-1
64440514.41692143,240.51943840330597,15:53:09,-1
31933077.864032216,150.1913653374198,15:45:00,-1
56355865.52697312,237.10950679023145,15:29:26,-1
36177112.41886631,132.07283213243147,16:04:20,-1
28610279.200104523,338.3872178142026,15:26:17,-1
49508964.72869089,17.145307751244058,16:25:06,-1
34736178.27675322,264.7773815483269,16:19:20,-1
5358262.99526882,176.30220745446584,15:44:14,-1
69601009.14939718,3.614068302907585,15:41:38,-1
76253987.36525212,65.72483360125054,15:43:27,-1
23506905.821527906,326.57459331698607,15:51:51,-1
42348029.73040636,103.7227782847949,15:44:59,-1
58158292.34346362,128.24242434191058,16:09:38,-1
54294149.30236625,85.26389904423353,15:28:31,-1
18757211.618264116,324.9796192380496,15:50:34,-1
53592973.45649099,131.96107234137904,16:05:15,-1
5316244.820060878,11.400165608550695,16:20:28,-1
82525812.67450507,37.313490823746726,15:51:11,-1
74883412.33752501,271.0313227655266,15:36:25,-1
16583017.9990843,304.33518680982064,16:14:35,-1
89440213.20983274,133.23681555147243,15:41:33,-1
81564372.24584848,298.39601128135143,15:39:50,-1
79127303.63214438,252.26842769926887,15:49:08,-1
75394772.52327056,49.00018080591207,16:08:01,-1
57634718.63749791,216.67894635903545,16:12:09,-1
67160163.97626355,10.504367156407586,16:14:37,-1
11540273.812001215,359.7328100355674,16:11:42,-1
2843269.9991949,26.96673225277865,15:34:05,-1
1507296.1156392363,103.76358857103426,15:48:59,-1
37883547.61077136,312.69504574221025,15:38:16,-1
37970324.13019767,278.15325592340474,15:47:33,-1
51038553.40427416,213.08032868913023,16:16:26,-1
9932968.75862633,213.87983927983964,15:33:33,-1
10086902.558301665,302.8647760570156,15:45:08,-1
39963590.94743831,94.37219203133122,16:24:06,-1
5125497.553796295,167.7684988381864,15:52:30,-1
22835136.565220647,24.309920449818183,15:30:38,-1
19852330.184947904,105.20838178838274,16:18:33,-1
82188022.52403723,166.8163893441996,16:05:47,-1
41877255.37646034,119.73412829405294,16:17:06,-1
20268682.433678817,183.3188526499929,15:49:13,-1
54402013.98581878,132.3970762448019,16:05:51,-1
29735407.168324627,316.4244940782234,16:14:47,-1
46084532.89481261,354.7471083657129,15:42:31,-1
33618100.56002817,345.64084710462805,16:14:23,-1
86773455.47041449,102.02456641497533,15:51:23,-1
5884883.266050759,205.86791420666256,15:41:28,-1
68663852.230454,354.0108690863283,16:23:08,-1
27799276.667352825,164.99443560128657,16:05:47,-1
4834053.373555458,189.4792179678096,15:52:25,-1
71146816.37497012,22.86701062764677,16:16:53,-1
5857763.931338517,134.6000490749114,16:15:24,-1
12554235.532369196,28.89874654914493,15:43:22,-1
26525353.510883525,251.7827809872854,15:45:05,-1
32612941.26694712,117.5621569578063,15:36:19,-1
64145611.875248216,336.9305368538532,16:09:29,-1
14002378.344776914,9.068388184911868,16:24:09,-1
38689128.647269495,202.33481540793807,15:27:45,-1
19784796.26193421,286.4843687794757,16:25:28,-1
58983788.60821155,192.78256443653987,16:01:57,-1
4381464.750752729,294.4216597517183,15:50:26,-1
79466603.16714288,221.93513281335373,16:11:12,-1
63890918.24087527,314.3472783953617,15:39:01,-1
79734264.80566677,19.213881008662877,16:12:45,-1
11664403.21666006,142.70169437944077,15:48:40,-1
57785473.88584956,351.1003798873924,15:42:40,-1
18911264.922785025,54.05702020739957,16:11:29,-1
59510439.9883463,55.13041597779375,15:59:52,-1
82070792.2107948,295.3544224205855,15:36:59,-1
13190724.647390174,249.35479372209704,15:27:00,-1
75975967.06927976,129.8829108123684,15:47:46,-1
46825620.89650752,217.90806595710808,16:05:54,-1
37094877.39471577,227.49484953743524,16:09:36,-1
82840723.60419051,6.673669686124346,15:37:23,-1
76297677.51395932,138.5252309071126,15:39:00,-1
36963421.47094078,196.70310136856156,15:49:25,-1
4710414.656902187,25.84915872752752,15:49:37,-1
20148425.89038868,195.96962528067291,15:29:54,-1
61247030.44131308,276.32515265937303,15:47:38,-1
27455465.256130524,236.1306044168876,15:50:20,-1
53885937.071832806,125.1496031803309,15:30:17,-1
39470379.77964919,16.835728522641112,16:01:50,-1
69560656.50753963,356.2925019549818,15:58:15,-1
19695827.84584081,178.2067192307785,15:46:39,-1
56364412.72971061,263.2178803639865,16:13:48,-1
19482699.98092124,152.91164761745358,15:49:43,-1
3503920.6263456685,137.0431274441808,15:39:46,-1
6239842.336444647,196.2494577138281,16:11:00,-1
36273782.0523443,66.38473791304679,15:30:14,-1
67694583.3054944,205.20586848862547,15:47:14,-1
56270408.56264316,294.19233338427904,16:00:08,-1
41683625.01281237,125.84521170143655,16:15:30,-1
49132723.05133986,253.26748529302012,15:52:41,-1
68039000.48292544,78.59083057885836,16:01:23,-1
59615400.41611744,26.855176991797933,15:51:25,-1
49689673.74053007,3.600209391867808,15:47:46,-1
12422132.300414983,322.0825824688872,16:20:58,-1
81066070.01570742,17.71113649519299,15:59:39,-1
2299540.69805476,274.846836291882,16:20:44,-1
51309846.88453905,172.25851663617357,16:02:47,-1
80913243.15673043,48.7328314062641,15:27:06,-1
29675953.51128137,34.44883211819125,16:25:22,-1
71483768.27510431,359.3760973810668,15:44:29,-1
82819322.99393731,11.166204457880756,16:09:30,-1
87485666.0422643,284.63581191905604,16:10:04,-1
17110938.27363177,67.03495277100951,15:45:55,-1
13250607.80834045,263.7952598069866,15:55:15,-1
19304124.71044084,60.26864786399743,16:22:09,-1
59949534.832300246,239.2614061995419,15:58:18,-1
7764656.457396951,347.90464876988017,16:19:27,-1
41491576.68732299,255.8493473187624,16:21:53,-1
38320818.09742832,21.73329288291505,16:12:52,-1
30459497.212208062,305.71512981755905,16:10:24,-1
20083227.29206548,316.26066079823937,16:07:35,-1
42417172.93093751,11.853906155514778,15:30:55,-1
53165815.77017785,158.057936434985,15:38:21,-1
38640610.6382093,353.9390607361979,16:14:34,-1
51576590.84198639,348.9791965150346,16:11:18,-1
56076122.76808259,245.99866368730923,15:59:45,-1
31422621.217472047,13.129487701134275,15:37:17,-1
36397466.17472351,251.15099720732573,16:08:38,-1
10554804.648635898,320.7304183479852,16:11:38,-1
37604773.1537232,70.51730844683745,15:37:35,-1
28282639.755147435,83.51099194525975,16:15:47,-1
4006003.292400202,286.7836226094733,16:09:48,-1
70687709.50742427,69.98373748859231,15:54:24,-1
14386759.399319423,232.4674907608791,16:15:23,-1
87639032.27930342,127.79708817262294,16:16:22,-1
88148623.97554228,208.73585400098537,16:01:35,-1
41762735.8614307,75.6981372554825,16:16:29,-1
4457470.563274937,166.60211788571982,16:11:26,-1
25430167.011468828,205.38877384223932,16:24:44,-1
57191050.47270304,269.0559638917643,15:47:05,-1
36324508.98817978,254.48790138352547,16:12:17,-1
11191238.22568533,182.8314042161697,16:14:30,-1
61015301.24694171,239.2466508640337,16:06:34,-1
41547839.83786052,148.3820502492917,15:26:25,-1
58490572.63679988,248.7714562077807,16:23:27,-1
77784144.64020248,201.2920478586121,15:33:53,-1
12926779.666591965,247.40817705559985,15:35:00,-1
62514948.1985331,322.9526690012431,16:09:09,-1
14458926.73345944,289.7840126423536,15:52:33,-1
15092794.646388303,154.4230955669888,16:16:39,-1
89651908.99992797,189.7904067986228,15:35:19,-1
68686013.92100355,37.77524790191423,16:06:06,-1
15259218.928605463,142.53956620173653,16:13:37,-1
85076252.23938043,78.00312898270143,15:35:16,-1
85311819.86063531,26.698106152509546,16:06:22,-1
40328872.849829495,186.57896557677208,15:49:37,-1
55696047.7654238,162.86037045945656,15:42:32,-1
18275707.26544108,266.99387712811284,15:55:46,-1
22310246.89617069,316.2600770554787,16:03:40,-1
30540696.75736169,218.3319887187882,16:05:06,-1
43980850.06565899,160.40228838972288,15:42:12,-1
51820165.4736568,105.48738867746664,15:49:22,-1
58328899.93064965,120.1643762369699,16:15:49,-1
80378447.46472219,260.15143275880047,15:36:38,-1
78242292.68705375,143.02540045401813,15:55:20,-1
16209475.165091814,336.96456412970844,15:32:51,-1
11718399.94575867,323.02006128086515,15:32:55,-1
59007141.41627325,221.7324047713286,16:24:54,-1
24329866.746110994,322.42502084411075,16:13:50,-1
44758110.88224693,287.15069167457506,15:56:14,-1
41135592.82793317,352.69528134927737,15:35:22,-1
22868920.96685969,230.46002122383268,15:49:17,-1
40467483.906626895,287.0029665249233,15:32:40,-1
38754663.69701236,344.1930298752859,15:43:14,-1
58233418.17219451,58.29037371295676,15:26:17,-1
60980151.09011454,159.6339787454879,15:36:42,-1
71201102.00088814,205.20289201924203,15:36:24,-1
22723680.152955752,16.369608198910637,15:31:58,-1
9841022.328743324,82.30441329084968,16:07:30,-1
10350247.701472737,88.69560211043283,16:12:52,-1
54117241.97788068,12.268086521278056,16:18:27,-1
5573236.046951423,314.02194745828643,16:02:21,-1
80008453.39722236,81.83685469688845,16:20:15,-1
41159629.40653245,221.4770659054223,16:22:10,-1
82520084.65896055,226.89560473573272,15:30:17,-1
14296700.754166812,40.4312919397162,15:57:26,-1
42452135.583745696,44.28624037360106,16:11:48,-1
18829704.747376025,103.23225146042876,15:26:13,-1
88987791.64875142,313.65572093680805,15:43:30,-1
71427030.10023421,168.4913577979096,15:41:55,-1
50882664.003550686,202.28032291150157,15:35:22,-1
567429.927087846,62.92351591707937,15:54:03,-1
57193428.192095146,164.37426311015312,16:07:41,-1
68846643.80474739,146.09791908392413,15:31:50,-1
47038137.1114542,286.53354727623946,16:12:06,-1
41088922.48625557,316.8917848272611,16:16:15,-1
61320367.66814351,169.09189215087716,16:12:21,-1
10169993.654584425,268.990939891084,15:26:40,-1
51673139.86789733,111.18436806647424,16:02:10,-1
75533194.77802171,256.7804820529912,16:12:56,-1
66405765.5294795,210.6741467114217,15:29:17,-1
1923282.558724534,263.24481203065733,16:13:21,-1
73243804.97255617,212.8594685416,15:34:43,-1
57568793.22248264,328.57823812135024,15:42:27,-1
83251648.4214382,273.4428764748705,16:15:19,-1
72920192.84158301,85.10301942332212,15:26:34,-1
86456942.130103,229.8798818127354,15:50:55,-1
67536216.929163,186.80256522537337,16:03:38,-1
52045914.53034485,86.24362242635702,15:58:14,-1
7012387.658102216,114.71389790637488,16:04:09,-1
83052041.33585507,33.52636890933961,16:12:21,-1
8642824.753093205,114.33335665244188,15:26:56,-1
45055506.99185734,232.78748593974996,16:13:06,-1
4713917.480882618,29.30986596435247,15:32:07,-1
74345192.60249338,243.0408471874992,15:26:51,-1
65364023.459117,248.7360898827842,16:18:30,-1
69804001.75216232,175.69875543251075,15:30:47,-1
1122140.2829616526,230.1159120959716,16:06:19,-1
48962073.748009376,266.7277074969808,15:52:11,-1
13185340.845458511,20.297376429441336,16:05:04,-1
86327363.80329023,12.771798323415627,16:09:50,-1
66120312.74525724,142.4308012200465,15:30:00,-1
11654562.508186672,73.49686020705558,16:18:04,-1
49423772.21744536,227.7910730454853,16:00:03,-1
28252459.12297091,251.59162487393849,15:41:42,-1
89673024.30515304,260.7279538029957,16:00:57,-1
7555679.602444371,265.2422192064962,16:16:00,-1
62685267.54378409,166.7949870379808,16:05:32,-1
58643040.836723424,261.3963731721896,15:51:24,-1
79687319.38255563,89.20236390792272,15:39:27,-1
13398214.130555198,161.30153928457403,16:20:59,-1
21093575.22716164,249.09841817842928,16:19:19,-1
73032673.692052,324.8946616444395,15:44:11,-1
9176418.87084489,271.77627884308504,15:28:23,-1
52825114.75557727,13.464666733530862,16:08:45,-1
67474198.74495994,257.67033393385805,16:14:04,-1
82316314.59270102,239.3405302439588,16:11:25,-1
7667987.558757361,235.46199864232827,15:38:19,-1
81737887.52137485,51.79664995321832,15:26:44,-1
42878523.9163044,199.9320600136145,15:31:54,-1
34356854.22646926,315.52636474083545,16:06:37,-1
84159438.9712806,61.16638385853403,16:16:11,-1
78139665.41860975,64.77306762525963,15:28:04,-1
22845717.297390047,158.73457484461565,16:15:19,-1
27446273.926635846,275.50279330037813,15:56:52,-1
88548370.97362107,262.5085668972119,16:08:21,-1
47182367.795868255,308.65889369902715,15:26:33,-1
89494646.30990082,225.72814756240987,15:33:00,-1
76313957.1022058,21.269533337158165,15:26:12,-1
48461057.05694635,25.306611794002897,15:37:04,-1
87003840.40846954,120.53420350766996,15:47:46,-1
54041569.35044924,250.06197790197203,15:28:53,-1
75975783.46181361,129.95982040350117,15:39:26,-1
57011456.08507723,9.241141399664128,15:57:10,-1
826924.1774428714,356.98062622491034,16:17:20,-1
21883902.701498,182.4351605996453,15:32:52,-1
28583809.70283501,248.61767041302315,16:12:56,-1
32512146.972836345,198.81618561543465,15:30:44,-1
50338249.12463708,125.81555415824468,15:54:00,-1
26289914.27990244,102.17867558393507,15:56:28,-1
29219106.24966764,92.1934560648876,16:19:39,-1
46093722.88094177,259.2350938801568,15:36:37,-1
5072536.126020613,41.12949803514954,16:17:02,-1
85053282.28247808,56.8800165839077,16:02:55,-1
11977172.069531215,296.97786545791445,16:07:13,-1
14121338.26994088,43.35221030628227,15:49:11,-1
34284202.925381646,262.8501438402994,15:30:30,-1
81690762.80132571,50.36624766297687,16:15:02,-1
45466520.17261167,156.04148395369037,16:13:57,-1
89759704.13674754,118.2977837500388,16:05:04,-1
85036354.30284214,26.469394690630203,15:31:38,-1
68202536.49296914,16.58514094017631,16:02:29,-1
59139649.30235499,267.7784355298232,16:17:42,-1
16007825.410704847,47.91859803917623,15:56:38,-1
63073105.174607016,170.33246878159105,15:52:50,-1
11625825.815910118,198.8115291350261,16:23:38,-1
63881503.56186097,135.7234859583843,15:56:52,-1
51334093.95933043,278.1899413670237,16:01:05,-1
1216702.808758567,128.26603668739972,16:09:21,-1
70184799.6938208,93.37334537258184,15:58:12,-1
24348591.2166638,248.2254227166985,15:44:37,-1
61387290.18090759,288.0734390874281,15:45:49,-1
60673764.14849463,36.82148036874412,15:56:05,-1
60400983.61681549,238.7415793604956,16:22:36,-1
85550522.92590898,221.9824200867675,16:21:54,-1
35979356.40806421,201.1021420894504,15:54:22,-1
86080031.60908462,30.14607551119127,16:02:14,-1
46432252.9527847,72.10040668561626,15:38:22,-1
39828063.47160497,91.84098449980878,16:24:38,-1
23260261.99956885,220.53424542538156,15:43:40,-1
36316600.91247938,220.07263391282217,16:00:24,-1
57885190.579571895,324.91860495358463,15:42:05,-1
79769773.27727796,355.67331588129474,16:17:32,-1
10312983.735942854,147.74741885041698,15:41:43,-1
6481853.643790019,317.618561286292,15:52:39,-1
64022308.54112294,279.5824416846409,15:57:07,-1
41274573.01455279,159.1128782921865,16:19:55,-1
89695634.36632852,300.9797583586959,16:14:24,-1
58074291.01653119,248.87189500397875,15:27:57,-1
81398161.11389428,163.47603472237867,16:03:34,-1
3879718.568334768,180.01363387616624,15:49:17,-1
59356698.400797546,317.5942424846358,16:24:05,-1
67507699.65797165,62.558365080693314,16:15:13,-1
885405.4974735314,39.20837720568024,15:54:09,-1
68542307.06077193,35.48100592572534,15:26:51,-1
51620156.35149078,46.62534371335491,15:48:52,-1
37187147.07967535,114.0239393302396,16:03:38,-1
88430010.50422923,83.38161294393329,16:08:55,-1
74606952.25355725,73.78456878496829,15:51:04,-1
43848592.41013782,314.2494023520707,15:33:57,-1
83309036.30862173,4.261327002142701,15:43:59,-1
22355222.382363785,79.56012906128505,15:41:34,-1
53548497.81169238,325.6671771382824,15:37:30,-1
34786421.79183123,176.3267859410923,16:08:05,-1
20608220.20224085,31.456944115883157,15:34:21,-1
79993715.76550883,190.91875210865985,16:17:33,-1
71117253.9439538,97.74598696501268,16:22:43,-1
21466318.0261686,2.560537026169998,15:34:59,-1
4012036.895378029,323.50623106325975,15:40:49,-1
70111375.92729124,326.82049361229497,16:19:16,-1
71206991.20177731,326.51845210750145,16:03:18,-1
72458540.91505313,177.06246039053363,15:54:48,-1
55991547.11407598,355.49323452152794,16:08:36,-1
33913324.28477464,226.8789603948942,15:52:50,-1
78479455.07951888,129.67994242059163,16:12:45,-1
54138533.62993697,268.7935381895965,16:24:50,-1
86701287.20853993,79.36753422478989,16:19:58,-1
57596525.648560986,207.19061021357103,16:03:01,-1
26830520.486731865,311.0725522615967,16:22:19,-1
20050253.10802009,208.61196529500955,15:34:32,-1
35592331.21144742,62.711787211905104,16:07:57,-1
60938733.447405584,193.37206764717797,16:21:36,-1
30137044.67870273,219.698348623971,15:25:41,-1
46718766.581541054,287.29382989644216,15:54:19,-1
27803333.549858917,328.1688354356114,15:31:48,-1
87488358.31929742,130.54746553764727,16:01:21,-1
21511047.02612742,209.8819365724039,16:17:08,-1
74559562.23966657,251.20242259640452,16:01:55,-1
64869361.51809958,300.8126641206516,16:02:55,-1
75904965.0707816,214.70160857657316,15:27:25,-1
84075579.19088118,135.78308316671897,15:46:46,-1
71204284.16024765,93.15867055980146,15:54:24,-1
28326705.79764072,195.5865402976759,16:08:51,-1
32879253.19550552,241.4569504814089,16:23:33,-1
9719710.893369265,63.50947613859111,15:55:05,-1
22983429.44111347,200.0471335627288,15:37:42,-1
55475506.568998754,89.28858662149196,15:52:53,-1
58015867.244804986,306.8401257093686,15:54:47,-1
34421116.75290713,158.0926936521187,15:27:50,-1
58339005.11716284,331.6613024660324,16:14:47,-1
60183207.807078496,307.7510349885787,16:16:00,-1
63727377.48778538,281.70689647000427,15:38:33,-1
84023560.22678787,43.31138650314018,15:54:36,-1
71608850.02605982,178.80642240009652,16:15:52,-1
13776984.66017064,3.757717410504595,16:05:07,-1
79001010.09073795,310.6789838331027,15:58:10,-1
28144593.356772423,218.92592681006795,16:19:32,-1
6710480.36501657,123.68168481182892,16:00:36,-1
54065816.80780328,307.9789604806718,15:34:22,-1
14649267.251835017,173.60009561320564,15:38:38,-1
55738526.60978313,64.54285931261032,16:02:05,-1
88450312.6529814,162.17717421355349,15:43:35,-1
80740986.80792548,170.43003263175532,16:17:34,-1
31356806.72419953,241.0990508009596,15:59:14,-1
51585904.36150629,213.56254609934007,15:32:36,-1
78960703.98219968,114.2933399896997,16:17:44,-1
57944780.82141091,349.924993258691,15:50:19,-1
66970216.34569009,178.36509720299318,16:04:55,-1
14851785.538956018,263.81022124601265,15:35:34,-1
23036286.50627209,296.42076786258133,16:05:47,-1
75441661.62906916,45.59176060798307,15:28:38,-1
6084844.950182019,359.5783553762884,15:53:05,-1
60829399.24343079,177.06056586193435,16:01:46,-1
10690678.500286866,147.8358557179116,15:26:31,-1
70386832.11218658,340.4710552147795,15:47:30,-1
80095623.44825122,56.61878740229006,16:15:27,-1
56538799.963334434,145.77609515257564,16:16:56,-1
11277359.650692225,225.8023985782237,15:36:04,-1
41822483.99834739,357.1004001540328,15:47:02,-1
45715106.5236821,144.0746971605988,15:25:57,-1
44408181.87731116,238.90556783355527,16:25:21,-1
60822499.840992734,234.74244047033875,15:46:34,-1
84375696.074526,218.07679212334511,15:51:48,-1
22942384.700960964,148.55482381239614,15:43:50,-1
5288334.052210461,25.498774620658114,15:49:22,-1
69575018.87538962,73.0285973257175,16:00:09,-1
86790203.21488333,108.32914146190537,16:14:04,-1
18395595.431498837,72.97636111756331,16:02:19,-1
15742850.942012604,227.59189163073975,16:02:17,-1
89755368.53654909,242.5431683166133,15:42:50,-1
57979065.062472925,103.3262714199442,16:15:29,-1
89369096.65591407,325.080718517583,16:02:13,-1
24108491.845880494,149.2748534930689,16:13:45,-1
44133773.77116771,51.73283139477236,15:32:39,-1
30422779.614842407,87.27888072150355,16:11:32,-1
13085170.665632658,162.74938858590426,15:49:07,-1
55357753.80985496,357.2414124342464,15:36:36,-1
75772968.19337055,210.09951041112976,15:41:48,-1
80051980.5553171,237.10636048735032,15:50:16,-1
77914927.28142692,14.101494504912033,16:16:24,-1
74749121.15704104,248.4203647596819,15:54:46,-1
29751504.01617012,278.50050944755094,16:18:01,-1
22398765.953452464,68.61014106062646,15:50:11,-1
80909476.4374353,349.45694583405293,15:26:47,-1
48530457.74752545,306.2655128569129,16:23:53,-1
73491859.65978545,263.69016476691013,15:46:23,-1
18814825.05434845,289.7181254891847,15:36:28,-1
4480644.34929558,74.56537666794931,15:36:31,-1
22141208.89015533,246.9272658299377,16:04:36,-1
12175314.412584685,188.42676595629987,16:15:07,-1
17245105.86332388,305.2420459268751,16:20:11,-1
23054485.209145635,186.14474190838493,16:06:22,-1
71324827.30925894,124.61711801383088,15:53:18,-1
15823228.904084776,258.686653364805,15:42:39,-1
75891509.93682408,137.62599868633225,15:50:33,-1
88469097.8804458,332.02101283251267,16:22:29,-1
82400482.64357468,150.9191199790137,16:10:31,-1
61348247.11972728,132.32935811589567,15:33:10,-1
64128531.46661152,17.103895388779534,16:15:51,-1
50033939.41092708,89.41811832300921,16:13:48,-1
9579689.218812918,45.43538719168181,15:44:57,-1
42472387.19043466,190.244607714523,16:03:58,-1
89669828.44070095,29.57136421637238,16:12:43,-1
70668282.21480097,208.515055898568,15:41:15,-1
34036823.1248712,101.82249131507426,16:00:41,-1
49318024.14977667,167.52472871163008,15:58:07,-1
39798614.44809195,301.5810007355373,16:16:36,-1
10840900.579030933,131.3569162272031,15:57:52,-1
26983470.599929523,150.29318577961976,16:13:12,-1
73627937.1511583,184.39749625264656,15:48:32,-1
45243858.12702236,336.0243526456079,16:05:53,-1
24178194.359359395,220.67882139501216,16:04:49,-1
5439131.727048188,200.81729429373732,15:45:07,-1
44541464.94658066,221.13551370014056,15:47:53,-1
4284838.412433096,292.6491208469949,15:43:20,-1
39632433.15161899,172.15130025452834,15:57:22,-1
75343452.20173861,159.5258789610569,15:46:32,-1
41666766.24196997,224.02661168818196,15:51:39,-1
25817290.787392978,256.4292174699028,16:25:20,-1
37798091.41217569,266.34034924290967,15:59:22,-1
13331724.741544072,37.31311937635676,15:38:22,-1
58318951.9958802,121.45258771165888,16:11:40,-1
79429012.17365165,153.69119628922135,16:14:33,-1
41289311.18024669,163.5675267149119,15:38:37,-1
22698714.35027727,212.72142330578265,16:09:53,-1
47589601.40451697,10.94448025760252,15:56:50,-1
15045322.768356994,19.45989263510957,16:06:52,-1
12656568.837035067,121.53416227479516,15:43:57,-1
10838722.584988285,111.52151270327626,16:22:50,-1
89689295.44812138,255.47444411202943,16:22:58,-1
14719385.578916352,34.83951038373933,16:19:30,-1
59539590.42787928,10.17497772297249,15:53:52,-1
78897210.22811927,69.95012881324361,15:30:37,-1
60104559.50990459,161.39054185775524,15:55:06,-1
30689141.791437708,354.697246363786,16:19:31,-1
27684200.795585185,313.801343622941,16:09:03,-1
86690671.26830569,164.41837655684523,15:27:25,-1
71438903.68774275,232.13064672254967,15:36:52,-1
53395096.21110244,94.61469774459732,15:58:34,-1
30719930.220196307,222.040032239326,15:31:21,-1
29533497.98584094,201.52672504239504,16:16:29,-1
2694711.1591558293,348.10845136923683,16:08:28,-1
52619369.408923455,310.75055174818056,15:35:11,-1
4258567.691958598,316.4682121103695,15:29:05,-1
33128804.31252918,283.23826533866566,15:50:19,-1
71582336.71925507,7.137045341955104,16:09:04,-1
28918318.366138723,156.21966211975223,15:31:25,-1
37599383.669842444,29.084548530195235,16:20:27,-1
63795024.011966944,162.18305096189565,16:10:17,-1
27777389.9035492,265.2740099606557,15:34:11,-1
19658626.039865527,7.6744124013798,15:27:15,-1
27980673.301126305,229.052187240018,15:54:47,-1
78592570.89449534,104.83203158365184,15:30:43,-1
56522596.22893568,243.79689538339676,16:06:12,-1
33953646.82286848,164.14017681037444,15:35:36,-1
83927772.3084204,38.01448182192847,16:14:45,-1
4811646.299050046,224.10068568284956,16:10:37,-1
20424322.16586095,120.766803710103,15:49:12,-1
2788342.94196777,232.07238886630392,15:55:57,-1
52940707.55575714,136.92531622432662,15:54:09,-1
50822232.585951775,244.0316196483824,16:02:15,-1
27494195.33212167,340.9671655688379,15:44:06,-1
60009407.32881648,294.5237033810085,16:01:53,-1
30550604.41369605,15.14741478875909,16:01:40,-1
78633025.36768779,139.2324062566154,15:47:18,-1
77966395.94832565,229.42639333108767,16:04:22,-1
27028615.558346607,53.272574420744725,15:51:21,-1
11860024.11874412,50.989902329299625,15:33:32,-1
62570164.35223133,294.53657656346337,15:33:49,-1
78620481.69335386,111.59917256936536,15:53:04,-1
89492743.11980186,25.921832186993864,16:25:25,-1
16656391.299659578,303.5972025229029,15:36:29,-1
78847037.72355872,248.93060346702072,15:56:41,-1
20457510.90985716,51.62620056127959,15:42:17,-1
36715676.50183849,319.3444560589671,16:17:19,-1
30837019.32630797,269.94426787366075,15:29:00,-1
42389381.07699464,63.834909580532376,15:27:00,-1
31593996.52720925,213.76655857775287,16:15:20,-1
73892287.7943963,328.0930962748002,15:30:46,-1
10735807.695871644,238.8436151137836,15:36:10,-1
35077169.960355945,347.1609422433691,15:44:22,-1
72354844.53971307,130.40083415739056,15:30:10,-1
13506571.87383224,46.44037855474559,15:59:57,-1
72873529.34013632,318.18929451307827,15:30:16,-1
10669011.456656791,127.48286340285804,15:42:24,-1
28662353.33812272,74.60125890639392,15:47:49,-1
21896792.5371032,135.1440626394157,15:49:44,-1
75284740.15753366,198.53160436291623,15:53:58,-1
47087994.61609168,86.53225533529282,15:36:54,-1
65466720.35310428,310.7332462917728,15:54:55,-1
63598123.63494384,73.8870309619777,15:28:31,-1
82810740.56477125,248.01521489600992,15:47:50,-1
76431161.53281926,43.78975691880094,15:48:29,-1
74711376.99163944,351.8551443114385,15:30:02,-1
59326531.45735879,237.58553823541607,15:36:58,-1
77034195.15365387,319.97598155779536,16:04:08,-1
59232858.63020667,140.2973187510483,15:37:43,-1
74962690.84742887,300.47586579656024,15:31:17,-1
50409035.47239287,173.73646670555712,16:07:03,-1
9651524.858026026,318.82349499915625,16:21:08,-1
4178616.267588792,114.20666883009676,16:06:57,-1
68679712.10533637,33.365605347842326,16:22:35,-1
18242666.64277793,328.81070147322964,16:24:24,-1
63772281.09577281,174.87404649413253,15:26:49,-1
39720419.194262505,329.09399343829244,15:34:44,-1
49831099.56521418,168.34440997523686,16:20:53,-1
24628910.4594732,267.9198177281387,16:10:44,-1
70604348.84826648,170.2916406333811,16:10:30,-1
52436507.49739243,211.63045124624392,15:49:01,-1
14741756.166639913,104.01782793025794,16:01:16,-1
13880135.384314856,328.1705800438207,16:06:25,-1
22815851.0598934,27.02335788147203,15:57:21,-1
7488984.922348386,139.52416286892242,16:00:01,-1
9695006.858436354,334.43348419257035,16:24:21,-1
29164638.56668801,337.1890181495262,15:29:27,-1
59951158.903157406,162.25992345944448,16:20:06,-1
17883220.331048597,180.92770870648977,16:22:04,-1
21650256.024914037,326.5897323274655,15:47:31,-1
67378355.25887936,40.14265261848704,15:49:57,-1
60454109.1110266,198.8016627257562,16:13:24,-1
80926424.09273952,333.3557900187781,15:49:39,-1
2484426.0746897184,309.9743153138341,16:09:50,-1
32310776.97168229,318.21346781054586,15:45:34,-1
54793627.13968732,268.09222942642657,15:31:23,-1
343519.98047972925,284.96673443931843,15:31:49,-1
65198540.92046008,135.2432953186086,16:11:05,-1
45872583.3661226,2.674181027607996,16:07:49,-1
63784807.51931988,78.99583327456364,15:43:52,-1
49656604.86214791,224.48792094314075,15:54:53,-1
78294095.53853805,80.0403879264772,15:46:56,-1
59551300.77849281,168.9253480143097,16:11:38,-1
73179959.67326376,252.6279048175397,15:28:23,-1
84809182.08862534,226.5912094636216,15:55:54,-1
55230372.10304617,185.66376862521744,15:52:44,-1
46888847.402992144,55.30826872687889,15:36:17,-1
47993653.63753755,279.5818187287784,15:59:22,-1
5776160.766578934,276.45929148605734,16:02:47,-1
83055223.6370156,332.48048825192745,15:39:06,-1
63006851.895605646,8.906057233265239,16:04:52,-1
44926538.2914185,341.09766829754204,16:05:42,-1
9003334.820353253,18.480251702923745,15:27:22,-1
525356.2512047455,277.04248611948793,16:08:52,-1
8857961.587948151,40.76468857019197,16:08:41,-1
54271498.55630758,282.1542859200776,15:32:43,-1
19679263.854087774,126.62965951571128,16:14:13,-1
18251266.3611109,284.74768934702206,16:12:12,-1
66968073.97299589,186.09899570348773,15:55:34,-1
19150078.733998597,308.19915139012403,15:33:59,-1
85410884.93878469,323.1446455556797,15:54:19,-1
69447961.4742311,118.47652765877667,15:30:56,-1
54828423.043033496,267.6505509162425,15:46:31,-1
36507661.69811017,329.61369115351306,15:46:11,-1
45428631.487790205,156.09661054044602,16:23:17,-1
23765333.79536933,1.295602453699778,15:42:46,-1
39361770.53244224,291.2710734992347,16:06:01,-1
71068398.2049933,25.96899137193592,15:39:42,-1
86749935.32718812,24.786434048872152,15:42:54,-1
8643248.540890587,120.26328832722004,15:40:36,-1
28545604.45770622,287.4776359965404,16:09:33,-1
84858092.57632102,183.4955438863781,15:29:50,-1
47436323.3589896,201.8631762907414,15:46:59,-1
45174700.02555982,278.1146207259532,15:36:28,-1
29196637.23695551,302.1413829547877,15:50:55,-1
23302563.32839487,30.24826030817753,16:12:44,-1
81523352.71832977,14.610915254319124,15:32:40,-1
36467708.61660244,111.350020841596,15:59:43,-1
74047595.46857017,267.7522739543409,16:19:35,-1
52875448.32508949,202.44246315477668,16:24:27,-1
29330025.330341764,106.41786203736412,15:33:37,-1
18575532.88271083,330.10225109302246,15:27:09,-1
56576505.3822434,203.4788306691328,15:27:10,-1
15310288.231566938,264.51392874851166,16:15:34,-1
60370610.13567656,263.5888409197464,16:19:21,-1
57424816.971510686,229.3710929102802,16:06:10,-1
72731273.23607887,350.48609672082887,15:41:16,-1
43837336.80315373,221.03641041622103,16:03:24,-1
1462277.2037239375,172.7227698547512,15:30:41,-1
45270624.16488474,98.65538310799556,16:09:36,-1
29722474.89835815,68.12711485794762,16:21:39,-1
20398870.383842357,191.94072772050663,16:01:23,-1
37246635.75763144,163.06962672516332,15:58:57,-1
41091689.570133135,66.78361885325486,15:45:11,-1
83485771.29159622,350.1094321179693,16:12:29,-1
1444127.3646085204,117.03145919164608,16:02:15,-1
17589764.608278655,235.17192222181976,16:18:00,-1
76577732.8451957,23.074672091356693,15:57:44,-1
61916713.93558808,115.39769251643388,15:29:24,-1
25625449.24552033,261.26974621086293,16:06:03,-1
51245392.52747704,2.5914887178343493,15:36:29,-1
46937764.56748474,252.98253326333383,15:44:46,-1
43229835.31926337,207.9770305060076,15:45:47,-1
25551729.814468104,68.06145473495692,15:41:42,-1
5639621.228727716,134.6117167976524,15:58:49,-1
68187129.68766162,356.5182702301832,15:44:58,-1
59248520.76744002,195.20522989350604,16:04:20,-1
17513623.60994746,297.75169654918733,16:10:40,-1
74983925.50323375,144.58672129498274,15:29:39,-1
50752833.20680998,349.43320978130134,15:44:10,-1
67408099.62170182,191.53031428937325,15:38:45,-1
49324891.343590826,213.79755168983056,16:21:07,-1
49848667.836952016,311.4713433943833,15:40:57,-1
51453285.30673269,12.133049439284296,15:27:43,-1
87516945.8725752,151.91083651425487,15:46:33,-1
17897627.790605333,178.66224098113364,16:09:01,-1
677493.8168363785,93.03906927221584,15:42:18,-1
17297989.194456864,196.09233693335568,15:58:30,-1
17273640.798517723,342.0873069444777,15:59:14,-1
26909238.73482089,332.2361950079017,16:11:56,-1
40776449.56714745,129.48665858231058,15:35:18,-1
61888683.23798033,47.74172595873806,15:36:57,-1
35136081.23554711,292.0988556360893,15:30:45,-1
10383644.413727846,262.62118108442496,15:41:53,-1
21978948.342115782,61.381873070352576,15:51:44,-1
81446871.54481018,35.933215953334006,16:02:11,-1
28519850.92664617,139.87900616398892,15:40:26,-1
16609459.572156755,160.88561738712045,16:19:46,-1
47168802.97593088,353.85270305854306,16:03:33,-1
1278691.7385932223,153.85049574734668,15:32:32,-1
44053654.048124135,210.15563701741257,16:10:09,-1
8887772.682022065,269.28788445940233,15:33:37,-1
53295563.199339576,109.40803026057895,16:00:38,-1
86666223.5628712,152.99314785633655,15:45:07,-1
15083193.77307782,219.1496192296781,16:07:58,-1
46773844.23655973,40.72735310171265,15:26:54,-1
3831804.0792280175,337.2067880715419,15:55:43,-1
56548260.734517865,3.86232550245567,15:52:37,-1
8431482.652554858,296.26313798446927,15:46:29,-1
40919358.01237379,23.944779398128023,16:25:13,-1
49087393.20601513,210.27235436409651,16:03:24,-1
76977910.34284501,309.08152875655946,15:33:15,-1
15334551.807841672,352.9153030989972,15:57:30,-1
71527884.4536336,33.887032770446254,15:53:24,-1
31321779.708374072,257.565764593066,16:00:07,-1
17944866.288574584,60.96436966845903,15:35:44,-1
53615855.55938026,293.57916068730606,16:18:29,-1
62839978.9916224,90.67654987627958,15:51:00,-1
83335256.09208809,173.87687871238407,16:21:32,-1
19835648.159954283,122.17912536653046,15:31:13,-1
35406971.35830221,182.87488256124377,16:09:35,-1
72499308.09456949,125.1587264666936,16:00:32,-1
84732977.46828024,38.53319070875423,16:07:30,-1
35036618.23123556,333.38763181912344,16:01:44,-1
12714986.051679747,288.0308848250869,15:56:20,-1
13366746.63494551,205.250307109953,15:55:27,-1
89059292.76523255,253.92542597061012,16:24:05,-1
16709083.311227424,123.56539101178971,15:45:25,-1
74047068.01953487,181.60434585646703,15:38:51,-1
49156986.00940818,235.8017192993598,16:15:39,-1
79677002.57359937,144.6018085560736,15:28:16,-1
5443427.539590975,72.22488777242714,15:54:24,-1
62288820.90109222,17.16680662909978,16:03:52,-1
79635074.490627,254.23868847635825,15:37:02,-1
49636483.82941301,202.66018858161485,16:14:24,-1
40874191.99652149,301.3180078836785,15:25:31,-1
53559580.602193445,231.24679537429543,15:53:48,-1
68442856.95032386,84.51880711934794,15:56:49,-1
46548273.58809029,149.16367654364743,15:34:31,-1
79540378.3327522,56.81434151046621,16:01:56,-1
69051125.20037816,196.02085057399424,15:32:17,-1
68734117.42705122,52.55406114503528,15:56:54,-1
79134073.07107504,135.34079714327953,15:37:08,-1
79667803.17952177,337.8506304737097,16:09:20,-1
17488468.524813138,114.23896865027926,15:37:43,-1
79836179.83156705,167.01943443913075,16:18:21,-1
66770031.44948112,104.90902044337484,15:25:37,-1
83536899.68142727,84.79987668221943,15:43:33,-1
89483805.02976534,53.51682095426592,16:05:15,-1
53576301.27857871,343.88679351175136,16:19:24,-1
66583147.50989395,300.83112596070424,15:35:11,-1
43284837.26748807,41.4017269650285,15:28:35,-1
67047558.09484316,149.0334503458008,15:30:17,-1
32835098.053387463,187.400932701266,15:32:57,-1
40606042.47212912,33.06270203520766,16:06:04,-1
58345183.09407751,249.1969655825146,16:04:50,-1
22421523.72246636,117.17501935502212,16:17:48,-1
28352419.048503585,1.067326149181338,15:47:18,-1
32637233.95237369,11.09890508602521,15:26:18,-1
85465306.02856214,300.83946416263814,16:24:07,-1
39838101.458981805,168.5940069967114,16:04:44,-1
46875236.87881867,60.6263060187934,15:28:14,-1
44080882.4373719,52.87657636621232,16:18:26,-1
50159251.30516584,32.76708118458781,16:12:27,-1
60041836.52607219,274.80595855480203,16:21:56,-1
13975655.773213975,23.018539020594478,16:21:46,-1
65834218.56017087,193.7616887649243,15:40:48,-1
45703000.37027746,276.34457767181254,16:12:20,-1
10819068.387989642,259.16233418702984,16:05:54,-1
20991799.20394788,260.67431616011896,16:08:25,-1
38132912.5985029,256.33101174274987,15:42:53,-1
61142972.42225129,5.831482696604278,16:01:08,-1
21212399.698047694,149.245150508922,15:46:20,-1
66499234.39856964,149.9369999139112,16:10:16,-1
31789904.946830355,108.85062793101682,16:11:35,-1
15755926.262676535,305.8460161969708,15:36:27,-1
3336112.510282573,251.17783333474,15:45:10,-1
26935799.82663325,132.85280538628857,16:09:44,-1
13859126.618719386,116.0323802989347,15:32:26,-1
36164402.10832124,122.09156138035124,15:44:03,-1
14736012.612053689,338.10642236665467,16:18:27,-1
914344.7017847945,223.9614514967796,16:01:55,-1
3177187.685926264,12.091313854348265,16:14:02,-1
6556261.560969213,226.79480210237148,16:20:09,-1
28384169.99745437,45.622003133816726,15:29:36,-1
25221145.645272706,308.1731202593109,15:32:32,-1
17313171.427222803,232.5104194937534,15:32:29,-1
11162502.874855036,352.13599492172324,16:19:43,-1
38501657.726240255,28.57541088899722,15:50:26,-1
34889805.14904932,333.8543820860172,15:34:13,-1
20118543.29603105,331.4107431912314,15:55:02,-1
79856340.86217651,136.54481273018894,15:55:49,-1
12696485.73311077,312.5946826120299,15:25:35,-1
65737991.74705821,309.1326669957559,15:59:46,-1
22898594.111837026,0.8139114632218281,15:37:21,-1
23182263.368866097,128.46497237011346,15:28:01,-1
67255592.09970726,147.91531244779338,15:34:10,-1
73932070.19136976,263.349056244367,15:45:32,-1
26466206.719480418,292.5941324978311,16:18:18,-1
29986157.893158447,20.426097040375296,16:13:43,-1
86200266.13136186,292.5951948977102,15:58:31,-1
57032768.95430895,296.1146605486609,16:25:01,-1
2563550.184273087,276.9992456452042,16:17:12,-1
49828460.00553344,133.1279474928631,15:46:25,-1
84173134.28360207,154.03078170995178,15:40:57,-1
35990402.47794511,317.6054072214794,15:49:09,-1
1043172.0233806248,223.59319632590152,15:27:10,-1
19300368.61416031,268.1143847050443,16:06:54,-1
73175556.0155998,328.0816691600317,15:29:55,-1
63302882.61764631,352.7475558787619,16:23:25,-1
51548883.411281176,28.808503337280253,15:37:45,-1
77690290.81066155,218.9325868317005,16:11:48,-1
86719553.90046583,120.4406286514219,16:23:55,-1
9145226.335679349,73.99858653133778,15:45:51,-1
3556245.4847257934,105.06313494568738,15:50:42,-1
84320539.20853634,208.93212086857227,15:28:35,-1
55857517.31286024,134.24211102751394,15:26:49,-1
38650942.28313379,152.39701834363447,16:18:38,-1
37404553.55868391,170.80787756293145,15:50:36,-1
36954045.09620069,159.86201429558997,15:30:07,-1
322015.7386370084,71.37514067108482,15:38:54,-1
4097230.3457946,11.926102230456932,15:28:24,-1
14768218.249560503,280.30359920982005,15:35:26,-1
44580914.62648953,295.9529903618153,16:12:22,-1
27310017.54524686,181.76035798728864,15:51:41,-1
47929094.367104165,10.775381419533922,16:22:01,-1
46636700.61750948,53.909646863499056,15:56:26,-1
66232500.81427558,160.4800205830012,15:48:42,-1
21915887.32021568,167.20204657531377,15:51:46,-1
24557580.10134309,30.866632437922643,15:35:51,-1
9432284.91965153,325.1553749078055,15:43:04,-1
36663509.294124745,102.15420893776158,15:38:48,-1
39492663.35315094,145.31597732441767,15:40:58,-1
195242.3775782596,336.7124044544762,15:25:55,-1
69084468.47158201,134.3501072162903,16:00:14,-1
73712107.18186934,301.5516576717184,15:40:31,-1
60198041.78972359,242.2495845630177,15:56:36,-1
27636883.35118547,63.94705928724582,16:19:22,-1
70139045.30703795,331.5460655230599,16:16:38,-1
43398737.07148661,354.9554676938821,16:24:42,-1
88658157.12900355,213.97338223861436,16:14:45,-1
20777802.027622845,46.825178714821945,16:06:30,-1
26322788.722094443,180.4614639821511,16:10:30,-1
34907595.86307214,124.1386319326229,15:54:07,-1
71206617.33619632,30.09377924731861,15:33:41,-1
25011495.670265183,301.04165972475226,15:50:38,-1
11158836.395719538,334.3118183679822,16:06:09,-1
66872039.43090726,193.5175572746138,15:59:21,-1
13927908.633916484,124.3437563029195,16:12:28,-1
14102648.75014489,352.920196314422,16:03:39,-1
24375911.59861257,72.81056034775749,15:33:43,-1
70353481.25453919,252.57869136900317,16:22:29,-1
6310533.236446064,130.07278677615136,15:36:48,-1
31680789.019505348,170.94503284634922,16:02:00,-1
11879997.851175344,277.6989192638481,15:35:39,-1
66624194.607344575,201.22645018332983,15:45:57,-1
68935436.75543582,15.39828480349782,16:02:40,-1
57341490.53941793,299.1963806263348,16:15:36,-1
48805715.80921765,217.7052759277573,16:22:46,-1
32890675.856223814,88.36061300582251,16:11:17,-1
46745259.35641035,127.1856378257004,16:16:36,-1
26565049.36162657,29.021022321475463,15:25:53,-1
55490269.01966681,281.7958566256009,16:04:58,-1
72544460.32487242,287.25152477251345,15:56:25,-1
73113768.64622352,150.63493652990357,16:17:25,-1
28381778.027773064,307.65115595855247,16:19:46,-1
79825878.86639091,50.84858796525111,15:48:45,-1
59012291.97563682,167.98929785602962,16:09:33,-1
32014201.94163691,304.86772187506807,16:22:03,-1
45899554.36515121,246.91729167195055,16:11:37,-1
37353239.19717024,225.87374002591545,15:52:59,-1
51664030.78481157,240.18621224983823,15:41:59,-1
3383065.396715617,55.3721511621255,16:11:54,-1
89838774.26957259,190.97212395820964,16:12:33,-1
82564071.83819668,226.4755740474625,16:17:23,-1
60003861.094453566,98.4196985743464,16:09:38,-1
68323255.4149709,30.49136942116681,15:55:34,-1
32505816.908686277,329.0733469782568,15:40:04,-1
3745216.80490801,83.64991106870136,16:02:18,-1
74682076.85287535,158.30835016232,15:36:01,-1
36511561.48076992,29.323265196335907,15:41:09,-1
35130105.78211976,17.47238295468124,16:10:58,-1
82728652.5132832,145.89039645785738,16:17:12,-1
57398311.70909295,102.20341677568246,16:02:17,-1
16017432.22728775,13.50707081410382,15:54:14,-1
53920164.08655756,149.48321743171547,16:18:47,-1
14707456.146915725,188.6248500650044,16:06:50,-1
29142308.71237552,90.71296342774382,16:05:09,-1
18198602.9422637,295.41753227653,15:26:47,-1
87803156.20336063,253.94533775560384,15:39:23,-1
1810060.962450247,212.00068553017115,15:46:20,-1
42726449.22428224,54.870309461339545,15:56:15,-1
55953536.69279497,316.00512318660697,15:36:57,-1
86517636.53277002,328.17770431017084,15:37:42,-1
51473865.47173248,21.80973235239404,16:14:05,-1
41272658.24435231,36.8931201379701,15:51:20,-1
27251507.09926685,226.5622767659453,16:14:11,-1
3053154.62815294,96.73329428777622,16:01:36,-1
67123553.18328123,273.0962952236738,16:06:51,-1
55090723.44843108,290.87702501444005,15:54:53,-1
68696500.39276972,344.8489012552678,15:47:02,-1
70939142.08252217,62.631826431220176,15:55:44,-1
55483760.75529518,89.05878470762683,15:45:00,-1
39724349.8530994,287.82073846922486,15:45:38,-1
38111187.04407608,153.10989796535833,16:03:47,-1
42265153.95155867,286.2229090534591,16:03:34,-1
88364432.19313529,240.23656974235723,15:33:05,-1
36999082.58710023,200.0744814052788,15:56:02,-1
89748542.87737563,108.150336890951,15:46:03,-1
32695494.70590448,24.136560401082384,15:38:35,-1
69766408.7566451,32.576609564407974,16:05:20,-1
78953585.54413663,268.92650987059704,15:26:03,-1
81835182.0829842,268.8218751919845,15:44:31,-1
35386847.96838972,212.2295227891188,16:12:32,-1
72990333.00210486,278.894387140998,16:23:03,-1
19581787.10089472,156.91105862907528,15:51:18,-1
68372936.89518495,247.3758061563052,15:33:03,-1
69698881.52418512,105.41943358225528,16:10:47,-1
37152036.91557171,182.8139663586998,16:11:41,-1
79310553.87911582,121.74101646792737,15:43:56,-1
49720506.01026524,266.09738724290634,15:28:44,-1
23329716.41274149,281.5845061352078,15:29:48,-1
27822431.85957584,75.87337670802755,15:37:43,-1
21417726.072458297,240.01157051348216,15:47:14,-1
36326116.06306514,79.84153017213403,15:54:19,-1
13361246.867952676,13.130427177168963,15:39:38,-1
64543972.233556114,315.644355326477,15:46:06,-1
54247887.63285101,97.26474477835656,15:31:18,-1
23004500.600888927,93.63744657704882,16:10:51,-1
67458453.66715555,333.6977397315732,15:57:54,-1
12859572.708184823,98.94103241809978,15:39:30,-1
22195987.613672595,258.3404197642716,15:34:36,-1
70396421.94575237,240.66126122550267,16:20:51,-1
57235970.675060645,33.58760651338561,16:15:24,-1
41738448.08611678,79.76482213852303,15:52:30,-1
32196977.310347587,142.3972575366236,16:19:59,-1
58992161.03070945,135.68235343948163,15:55:33,-1
55472998.25940209,62.198135796033576,15:54:26,-1
83827351.03078271,182.8334818244046,15:36:34,-1
67598271.54475205,184.44037395720207,15:34:00,-1
63819230.49223874,209.99462639130203,15:50:09,-1
16029372.548585303,49.03366475185824,15:34:36,-1
3194899.778023885,64.86058098693037,15:30:30,-1
79170109.50591509,171.08098961524004,15:58:30,-1
74487633.88347554,43.22879296406831,15:28:17,-1
84754219.80546083,116.31968485965662,16:12:18,-1
31894301.818696275,172.11923062146678,15:34:20,-1
54960060.57352793,265.55150662823047,16:22:23,-1
63160320.37173834,181.2457551983995,16:11:12,-1
54986558.10009476,223.72932221589735,15:54:12,-1
78630337.8554446,146.98269704912386,16:17:35,-1
33042003.41493487,93.84492223691709,15:33:03,-1
86223475.99734928,142.4674677223865,16:07:15,-1
89461699.96603093,309.38407035874565,16:13:49,-1
78979657.17317705,134.25025376028356,15:28:13,-1
50560187.21799282,211.000371552371,16:21:35,-1
30337213.5744818,149.70950350141308,16:15:02,-1
56352418.102939546,221.0696445301141,16:02:12,-1
10332842.724600589,117.52541133450713,15:59:54,-1
44527151.54493314,250.1152770045966,15:51:37,-1
88823729.66238771,153.4802499453853,15:48:01,-1
82233877.94418077,27.127069643175364,16:19:05,-1
59024324.69521004,144.06527507380977,15:55:19,-1
54410884.83182238,349.4148300322417,16:25:14,-1
80054776.20457615,164.85813684681705,15:59:07,-1
69731663.59365928,355.76125379584096,15:32:12,-1
40538407.00550532,274.61720022578345,15:54:37,-1
51289907.04058912,28.10162558005568,16:05:08,-1
17729364.75626629,74.95178334031098,15:45:55,-1
5825463.349342696,324.61135256439104,15:57:14,-1
33759224.30139019,177.6417456872004,15:59:13,-1
43618654.43762187,164.69026928402485,15:33:36,-1
66112373.58619212,337.1349152174917,15:32:27,-1
81824312.76856956,52.872410427393206,15:37:23,-1
8065466.030858774,175.70363084715805,16:25:25,-1
45974570.692587085,145.38137634682428,15:34:01,-1
74099129.62064414,21.690341908740727,15:33:06,-1
37390616.00781897,158.78715757642246,15:28:29,-1
34139732.18235039,317.340181927339,16:09:36,-1
44488687.56460693,280.96169784636334,15:46:38,-1
45626504.35591047,124.90814767490814,16:01:50,-1
13679191.716469385,312.1931983216817,16:04:01,-1
46377160.43589479,205.1114230969104,15:56:09,-1
83281943.3109165,284.0654055762392,16:22:33,-1
69221675.10831058,285.5603052188741,15:41:42,-1
56928879.63868372,349.504551678786,15:30:25,-1
41667203.18387242,210.69835662656044,15:29:08,-1
80923972.11486396,336.82762906052494,15:27:19,-1
79423653.41863872,203.64991024045108,15:37:00,-1
52693998.99647829,186.01173204512605,16:14:16,-1
8389530.603524165,297.0516587380824,16:19:55,-1
25257217.54378278,123.87343917490335,15:54:03,-1
87439837.53681625,278.7292667276058,15:47:14,-1
17055045.17152681,201.77966230190268,15:50:30,-1
20347316.448437437,182.69528770567587,16:21:14,-1
33765606.4792998,27.05433118227866,15:47:16,-1
65683366.78430092,335.2413198310737,16:12:34,-1
72043409.80706714,54.48627983749769,15:57:33,-1
29180043.80645328,113.75843804587394,16:06:22,-1
45220109.11626098,340.10285274158423,15:46:17,-1
55635814.74646524,211.38616513185383,15:53:17,-1
20162200.614473708,240.11130576584583,16:14:57,-1
43913672.156835616,83.95795841442548,16:23:30,-1
37263928.95249847,333.03438035512426,16:06:25,-1
8269115.162180551,300.90309215887675,15:36:04,-1
66082896.78344768,163.7817496267698,16:23:31,-1
10291287.481987298,86.38096454854326,16:10:03,-1
70451093.27242297,312.860394854661,16:04:35,-1
59043424.88084194,9.327265470409449,15:56:11,-1
48241678.64198967,76.85296145630333,15:59:51,-1
43621767.56333439,208.13999711617163,15:37:51,-1
54778591.829444565,16.566178698470274,15:33:30,-1
75819405.0112424,173.08275792019433,16:17:16,-1
42716969.50322618,278.4729314793315,15:32:18,-1
17845007.187450346,156.55467057568774,15:57:15,-1
19196572.66563311,193.670323936248,16:06:31,-1
10964632.54415656,36.7324741706905,16:12:30,-1
43974449.66037923,356.3125657756794,16:03:22,-1
42163826.2233955,149.45314981116834,15:56:40,-1
46359761.03642933,119.59237697241454,15:58:04,-1
65504284.36463525,8.781176206644968,15:31:16,-1
35117941.54415126,328.3533317767854,15:33:52,-1
1654843.956650234,143.00648323788576,15:54:01,-1
88930894.3702104,105.7680571158178,15:49:54,-1
64976023.19262638,338.3229552533608,15:48:59,-1
23801350.87395573,289.8044008710711,15:48:22,-1
52834149.84747053,146.49334329604392,16:06:52,-1
31463484.272236187,341.25806011926386,16:21:48,-1
17338329.58739403,80.42302672656089,16:23:43,-1
66415412.24635816,237.80211936374693,16:11:54,-1
33852255.562699206,312.15524562282684,16:22:20,-1
35774222.875586875,146.69499730504873,15:42:54,-1
38794130.10269111,148.59283164041742,16:12:51,-1
4122395.1079705646,313.02708757079023,15:39:01,-1
58273206.42291747,145.83600417096642,16:01:45,-1
49654228.59521016,126.08341611031416,16:25:02,-1
26664111.017081317,270.85022030929355,15:49:14,-1
15675242.725932317,306.701345023638,15:41:53,-1
43810966.86046681,297.007123257338,16:00:40,-1
369871.7136443026,261.6719334032136,15:42:20,-1
24275165.904293604,205.25872974849312,16:07:47,-1
60260635.67004645,251.3749778818326,16:00:02,-1
22693429.689687856,337.8674525798863,15:52:30,-1
9238831.111086894,279.2141035275511,15:42:11,-1
50198929.99602809,308.35245771392255,16:09:00,-1
35265476.91381507,37.40477851861381,15:45:12,-1
47488449.47062451,327.4564735991479,15:34:47,-1
634141.3099842282,60.52978745851461,16:16:11,-1
77870274.68309495,277.28630771859576,15:45:32,-1
29595352.013508897,267.40320883991126,16:05:57,-1
28272379.93003985,288.43752462464164,15:25:35,-1
4161732.692031662,98.75292520462206,16:25:21,-1
50099004.22333243,199.92579174024152,15:33:24,-1
27944021.47926889,254.7108019934568,15:40:08,-1
5747614.559264577,322.6857900190696,15:26:22,-1
20732718.98264251,112.56740854844072,16:15:58,-1
7923030.330294331,246.46595488972304,16:00:19,-1
36301537.44369844,1.3332900555000382,15:53:21,-1
36167659.0391336,77.73397178626307,16:16:12,-1
74148772.53910364,222.65323212077348,15:26:36,-1
7842868.366396103,72.30794128269778,16:06:24,-1
35599604.76021562,14.18338041756568,15:51:39,-1
71951670.85199066,223.07031162130303,15:50:34,-1
15657790.459868776,160.84668215622048,15:44:36,-1
35242396.811352074,309.68691169016864,16:13:16,-1
32325658.47550508,69.2674609325862,15:44:35,-1
74434869.20958251,16.99721844347391,15:43:06,-1
26463367.105365187,282.74271901251103,15:32:38,-1
64327016.78848763,346.66095107149044,16:04:03,-1
40611639.040003374,156.04417644185102,16:16:31,-1
38005307.69375901,282.05225767924105,15:46:25,-1
2712139.602134082,47.33197902518928,16:04:04,-1
86486573.08294123,177.69016378917854,15:50:54,-1
39258871.38561501,79.64014568210114,16:11:09,-1
34303331.109216884,10.334059330406385,15:59:07,-1
10536954.19825958,161.46530273335955,15:33:14,-1
34303917.73719513,127.07803128712057,15:45:47,-1
21467230.146360952,224.69177492455583,15:31:34,-1
84128482.83104345,45.25804475908757,15:55:29,-1
41380437.50605116,191.26982512792688,15:50:21,-1
34691106.95041439,264.7781977682073,16:20:57,-1
5841332.815820811,119.66571690631577,15:31:32,-1
64313216.85772481,234.99515569508387,15:46:40,-1
50439669.43559288,53.1007555091099,16:14:47,-1
1644687.090084506,0.9873358632289396,16:00:17,-1
70553736.78541848,94.4528090785296,15:36:26,-1
66098140.63061507,57.9676980549326,15:49:41,-1
10456649.60132271,60.44544444813756,15:41:09,-1
67730581.66180412,91.96790142190554,15:26:47,-1
85353128.96244583,170.60495295160055,15:38:44,-1
64864485.14773744,92.7516796531195,15:37:21,-1
58279709.78133263,256.35380297395227,16:09:52,-1
5636844.625402042,40.22958853049238,15:54:18,-1
24015056.43480654,17.801775350972697,16:20:00,-1
21452285.49801233,239.0150651099155,15:37:54,-1
14483161.652859649,51.73992177608984,15:56:25,-1
82276893.21263532,196.5667922448008,15:53:29,-1
26339081.561327025,181.0047749638385,15:30:59,-1
61498188.247792855,272.7931364582935,15:26:13,-1
87054287.78588814,252.27956505823389,15:30:04,-1
86234002.17384514,250.80239380921145,16:19:09,-1
3302194.9756024755,304.691597981649,15:51:40,-1
36879163.50558243,173.746849375364,15:34:28,-1
56577433.870201975,174.76883847097392,15:41:51,-1
46035072.36138023,97.77527315050384,15:48:02,-1
78127145.18639977,74.63470892504357,16:00:19,-1
72759712.64249142,137.28761283751797,16:02:53,-1
61784415.92108445,120.32364239691876,15:33:39,-1
6170606.113231751,243.41295343976333,15:37:13,-1
28952801.75816034,239.83932191925985,16:19:08,-1
71446127.61650838,355.1785601717355,15:56:48,-1
23623067.622603945,326.0976125624087,15:42:19,-1
80030783.18337803,42.29214063216588,15:39:51,-1
50761400.7387284,141.98546556158644,15:48:14,-1
79461472.59364358,269.3310104652203,16:16:54,-1
24317558.43055653,217.200672265597,16:21:03,-1
44308907.261188045,226.5522000362798,16:07:01,-1
2839851.682303036,345.17395917160167,16:23:16,-1
87120126.58805867,334.3469582376136,15:40:04,-1
1792723.9397328894,285.1354864277864,16:03:57,-1
75736508.36106469,40.8149049519234,16:07:28,-1
63080380.17743904,58.50893153603472,15:30:24,-1
5038076.611496368,174.30793212761108,16:11:39,-1
46463019.68711243,27.9192903123377,16:20:35,-1
5743947.908279265,297.31745581751983,15:55:16,-1
46033529.48285506,127.31084302598808,16:16:16,-1
13053181.07991258,140.90426666253944,15:43:20,-1
50470852.68168872,319.0520567963376,16:15:22,-1
40361654.26663726,255.7648953860025,16:11:02,-1
78339170.71237418,173.20823875212005,16:25:04,-1
22224125.11698264,167.6082151782517,16:11:13,-1
39199495.026150905,98.60731629055434,15:54:09,-1
13272295.035816183,219.3618017005697,15:39:31,-1
71780300.39592308,23.367907221731585,15:55:11,-1
50285017.18498797,149.61651807996216,15:40:15,-1
51460242.55528065,288.27894726055763,16:13:44,-1
14439573.764917646,4.806578112149103,15:53:08,-1
9546325.770888306,318.33902889774976,16:03:08,-1
49850833.287530415,40.19519837284761,16:12:46,-1
27425574.65297468,306.61366522303064,16:07:56,-1
44169150.63787907,325.4327274908364,16:00:59,-1
41505352.80040069,54.82605350464182,15:30:49,-1
45296160.12935728,230.2955084851971,15:42:27,-1
70564215.35817258,259.3222517869185,16:08:12,-1
1035214.7749141604,228.9433327621745,15:42:18,-1
51839944.36701382,64.08574382201415,16:16:03,-1
72277968.79598093,300.7398813094483,16:17:31,-1
59495742.05973297,35.211268166059696,15:42:16,-1
3190982.784569353,357.0087611858186,16:08:21,-1
76591473.03650677,50.001775436832496,15:54:13,-1
65115974.656260565,137.74278630742296,15:42:38,-1
1553598.136217666,148.55980047654182,15:53:08,-1
44587586.60094291,327.2701924001176,15:31:46,-1
28208901.49862511,322.7781284756905,15:48:07,-1
77620610.53358363,246.16490918005056,15:46:35,-1
53918188.78225348,268.642014657788,15:43:44,-1
52419279.77724682,65.60270472339896,16:21:28,-1
31266208.417181198,156.28644639124525,15:58:27,-1
19620206.118051577,55.06952861677481,16:05:25,-1
24406642.136617918,319.4559298540806,15:29:43,-1
59969718.71893862,242.59626372044767,16:16:29,-1
79602490.60510555,355.2463108726812,16:04:17,-1
75467694.36909819,279.8845821108991,16:22:00,-1
47899933.78157341,245.1461778509836,15:59:32,-1
88028867.31085646,297.2782453263069,16:17:13,-1
42450870.39552383,84.0675125846804,15:52:27,-1
18453715.862078413,179.0949869931214,16:08:00,-1
36959306.18178096,56.15182487185641,15:33:26,-1
37107408.3552669,42.90216732535925,16:13:01,-1
57597361.01824246,224.2962295860309,15:38:35,-1
47360141.86288122,179.98541693883223,16:12:54,-1
56683975.77682131,120.10507446919767,16:22:46,-1
26224921.80786508,188.36471493854623,15:53:27,-1
82600352.8908718,288.46111087366023,16:03:17,-1
74745920.88606755,270.2607806137133,15:38:29,-1
44019878.41021481,110.6078577457355,15:30:18,-1
72008683.26864126,200.00292061968295,15:47:29,-1
76313128.93671598,74.75956350826361,15:50:42,-1
17685757.235712077,113.88609877152952,15:53:36,-1
5564994.152659423,107.72060500667368,15:58:16,-1
55330155.70996891,18.285021999300582,15:37:27,-1
6462140.983543093,91.14195185244736,15:51:40,-1
86691675.30543475,167.09007721643243,16:16:36,-1
2153928.380081693,286.5273465416252,15:40:00,-1
46496891.790709525,40.67052555951884,15:45:53,-1
37159230.78954744,92.89032334593182,16:07:54,-1
39848089.01100301,142.81433375308495,15:39:32,-1
76500160.6079847,223.62168871308452,15:30:05,-1
65414086.35336407,291.8272528359988,15:36:19,-1
38073729.94399853,211.88409835318845,16:07:25,-1
50321845.216674335,198.29998704863348,15:46:30,-1
79428773.9135688,189.56746021351825,15:56:58,-1
87897097.03739673,61.24112532911992,15:27:14,-1
36594687.809118725,99.89419202647352,16:10:17,-1
19369204.707012,50.17658973175608,16:11:55,-1
69978336.93735258,75.29854058275909,16:08:50,-1
43480307.24926369,18.968804587659815,16:02:57,-1
56265165.7946714,93.27549472556954,16:15:11,-1
66167319.11948578,279.5688022895126,15:47:22,-1
15442321.94919443,351.2381076454189,16:16:34,-1
72403909.29951355,47.72088534732085,15:53:15,-1
31292241.392587792,66.88584764181823,16:04:23,-1
15264737.285245584,0.5428861013411357,16:16:17,-1
79956722.85721701,274.3656371599405,15:34:34,-1
8337277.616674468,95.30931989759324,16:13:30,-1
22955192.848086663,184.21096897882012,15:49:41,-1
26255188.344083864,171.82667987497297,15:58:46,-1
3502583.452517853,167.98490658904018,16:21:10,-1
75421126.03270343,176.43344466298197,16:04:23,-1
53355060.71488366,120.0412676507887,16:00:24,-1
78856657.77805443,167.6742671808078,16:16:46,-1
60606780.74196937,74.68649532853003,15:53:14,-1
30734565.166365333,21.239879891152192,16:15:21,-1
81141460.80574493,50.18894966341444,16:21:43,-1
12204162.609839989,31.55430357290693,15:49:40,-1
30139168.620637663,185.17369188693,15:42:47,-1
65417838.30811257,13.726041872194823,16:21:48,-1
37962777.27215899,67.71041932578883,16:10:45,-1
18605105.71352052,237.74843473185436,15:29:14,-1
1317548.0923190298,105.4748799229651,15:51:23,-1
52949974.127343215,262.37106194364844,15:58:42,-1
73535615.74517703,333.66914131323426,15:45:24,-1
61028235.76483674,126.95499687725751,16:11:30,-1
4535239.615214301,329.00180076658654,15:32:46,-1
63868465.65974678,190.94107197308784,16:18:00,-1
57951227.99217034,154.3138136033733,16:11:03,-1
77369059.72126725,261.7816618707243,15:45:23,-1
35418133.75323146,66.69791804280527,16:04:18,-1
47652892.646967314,44.09979588893153,16:21:24,-1
11120841.851624664,9.689357725887596,15:53:06,-1
18599760.241361137,170.25095871904688,15:34:31,-1
49178270.71180461,157.31489744625492,16:23:28,-1
61778990.95614614,57.30160634884139,15:34:57,-1
10742340.387893071,294.24632099986206,15:49:29,-1
59898118.98680455,279.8383355558182,16:17:31,-1
20042544.910618585,108.61672439491394,15:32:02,-1
87405852.84544301,12.676204262059816,15:41:45,-1
24508108.941158947,262.6129188061178,15:55:20,-1
74326918.3863008,168.193906907348,16:13:25,-1
45382449.54590428,79.22288502609446,15:57:57,-1
87991941.55333628,78.39643211163495,15:35:07,-1
50326745.46182141,337.4322259549458,15:31:31,-1
42591307.08826919,192.1332920826744,16:05:16,-1
44369093.7640788,101.54759306999158,15:46:04,-1
36461853.32670835,184.05176824822183,15:47:28,-1
37904896.902790576,287.8954780260028,15:26:47,-1
27535948.381080236,259.4222959678119,16:13:23,-1
70214264.32863724,257.190862768595,15:43:45,-1
55995238.17437828,244.30087609143143,15:38:17,-1
78510694.16514428,60.92847283200842,16:19:39,-1
19446472.51796434,328.6693199709839,15:48:27,-1
8029690.219993451,322.12001997186127,15:36:03,-1
70826603.05360654,87.46353444825574,15:56:54,-1
64898502.266498215,233.87172680553235,16:09:12,-1
23472134.66127868,325.0772002770344,16:11:07,-1
12071185.803143406,199.63194940949933,15:40:14,-1
20754516.923664853,196.00082764123536,16:23:35,-1
33414229.710084192,216.22663044573437,16:10:39,-1
34080719.31324277,127.05382424676895,16:16:29,-1
64780785.5042044,311.21148647197344,15:35:21,-1
82047570.68537924,59.79072610029706,16:11:59,-1
83251254.9556837,265.05011689689087,15:38:17,-1
9285975.590321591,233.1340136668637,16:08:36,-1
55646577.16392899,339.1028977325628,15:37:49,-1
78255169.94716524,202.23102195278372,15:57:10,-1
54402452.5623169,179.53287152350154,16:12:42,-1
6655804.663981885,304.30553755030724,16:07:40,-1
85001700.77787858,235.4617183170665,16:06:52,-1
69965626.9206448,199.8552782922676,15:27:24,-1
13315617.636312334,135.606351303178,15:27:30,-1
53954665.09179195,173.56433736544238,16:02:39,-1
9411012.5543838,204.76725287381248,15:52:16,-1
54049871.69292477,111.0561533003386,15:40:20,-1
85838382.76593204,0.0493347635111929,16:22:37,-1
59848346.51713313,339.1561266945109,16:20:03,-1
65148350.36279521,172.7296384375628,16:18:51,-1
59957025.63019684,259.4676855641416,16:02:24,-1
69467576.76347551,121.95214551684536,16:03:19,-1
87316578.2777833,108.94223288577972,15:35:59,-1
48937294.85601591,128.59094128285767,15:49:13,-1
31119664.974195085,234.10073501280343,15:28:06,-1
23179645.34112298,322.6432230639079,15:28:16,-1
17768127.659105994,71.71610421787781,15:52:05,-1
78597133.26148815,259.490460176256,16:19:21,-1
14135800.011604022,60.38324722856428,16:10:08,-1
43439770.74547904,6.338410827639902,15:27:46,-1
52750067.26748172,223.11291908393935,16:10:40,-1
44655980.89914423,341.6382347778987,15:55:20,-1
14060509.64088408,285.5308273990379,16:06:29,-1
72170551.02761152,97.30691239085832,16:03:46,-1
71673590.75043005,171.7517379122012,16:16:31,-1
13337438.134728918,129.49056060097544,16:22:18,-1
79402522.8795731,132.33463536311308,15:25:36,-1
328525.1792293839,296.5272753269767,16:21:43,-1
88963439.94720073,164.33832723763206,15:28:13,-1
20917553.590151988,28.76878586882627,16:22:36,-1
30062841.527181864,250.90759016600435,15:49:42,-1
79763124.71076474,188.13042866015724,15:31:28,-1
13999698.516964126,175.18653541183363,16:04:58,-1
14998689.720439976,221.5511950860841,16:19:31,-1
13188404.57623431,132.1693450909472,16:19:00,-1
25923673.624495976,186.38385141714016,15:40:12,-1
44687292.620241374,176.8576223502379,16:16:45,-1
60416404.13248831,178.0957919444383,15:56:09,-1
45979671.31845096,239.96032374996025,15:34:06,-1
21567206.55359375,18.471302372124924,15:32:33,-1
37958384.33616157,50.58594168898257,15:56:09,-1
46535630.494489394,37.61022501964946,15:29:07,-1
27531274.340272825,161.5667178038086,15:26:21,-1
48884574.06900021,112.04294190027086,16:04:31,-1
84097175.40723884,272.7270416572273,15:45:46,-1
77126592.5530301,171.26966369684277,16:14:12,-1
42979124.70473609,90.26170365322903,16:17:07,-1
37047930.91547347,168.35073117201378,16:15:56,-1
80552699.32239397,130.78982786073252,16:02:15,-1
86062984.69827273,90.63846144273045,16:06:22,-1
47428856.54286024,135.31919268460783,16:11:09,-1
39122766.79002301,81.27756724749463,15:29:37,-1
32910561.739038877,233.06487930579408,16:11:19,-1
38811505.22912266,327.5673633796913,15:56:03,-1
51519389.1510689,23.31450970717037,16:20:32,-1
50966873.79556196,23.667833114676377,16:25:22,-1
52018804.09013192,306.27794098494127,15:56:18,-1
65863299.0202013,321.4764864645944,15:40:43,-1
60398636.96077096,179.94269754666385,16:01:22,-1
14433275.394942377,167.95613797225522,16:21:10,-1
32612378.58956539,272.10612194314393,15:47:10,-1
18526784.155272853,154.23304507342837,15:54:43,-1
75252773.39596273,152.16433348210958,15:27:52,-1
77539887.32645616,326.92215655305546,15:37:35,-1
65793839.76516988,114.63709309531286,15:54:15,-1
56839652.50671335,351.3004850370314,16:21:54,-1
3093813.711888161,60.53411395690312,15:39:18,-1
13573936.00141163,280.1736537480163,16:13:36,-1
25624608.267228533,181.6012643744753,15:45:29,-1
81488291.43198024,289.65608415573985,15:57:13,-1
11387606.930813871,344.7570986165543,16:21:54,-1
64289619.31394985,191.728715504163,16:02:55,-1
39445295.13033197,156.86448258532602,15:31:29,-1
82616402.90052512,73.2354870651501,15:38:40,-1
20128492.471152674,170.58323511369863,16:22:59,-1
40553105.750998765,304.3525540548994,16:18:24,-1
89024053.1017373,338.90316040837604,15:28:15,-1
80058217.5451121,223.0675989365727,16:21:35,-1
81215460.88069834,98.98082049822872,15:28:19,-1
63660582.41294264,25.17414640362979,15:33:12,-1
11381467.590364285,329.64611148736134,15:54:56,-1
6222819.214591322,167.82244795849854,16:12:29,-1
32758436.268538963,82.89173068012872,16:14:04,-1
59820048.310359,21.76379437493564,16:18:24,-1
78999819.41971552,7.660473859432035,15:53:12,-1
62512255.388782926,301.66863936481843,16:12:56,-1
10269004.62289706,82.39010933641731,16:00:38,-1
89722946.40583369,302.2293287619572,15:51:30,-1
53236895.30484673,289.4287821408048,16:17:21,-1
2386937.985216761,170.65133370338918,15:27:21,-1
70653052.68059021,54.56848443353438,15:46:18,-1
68898467.54688816,343.64613932662337,15:28:55,-1
23161016.908697773,59.03059124153324,16:11:32,-1
58273001.44024265,334.5004093616287,15:56:51,-1
48126571.29128475,110.78900078110873,15:50:10,-1
35945865.09430629,215.2481771416545,15:37:55,-1
20288580.230853304,66.62016170908048,15:48:02,-1
89416880.36769874,81.46666966080014,15:39:49,-1
46778928.82016397,73.96765342718184,15:56:37,-1
70237088.9008966,309.64655715700025,15:26:02,-1
71711001.49207318,99.71214817689832,16:20:34,-1
53755268.0457531,280.21068759214535,15:26:03,-1
54760948.663909234,17.343996173851156,15:29:04,-1
89852412.54944485,171.48852598603915,15:50:52,-1
39537285.65462868,127.5637755736138,16:04:33,-1
62066984.95762812,326.7942308588324,16:18:16,-1
26925459.419073906,38.67204346556106,15:48:49,-1
76744433.88025035,261.85946798677566,15:53:59,-1
33152894.414711043,330.8376571889979,15:49:40,-1
80045278.40524459,75.36009386884663,16:02:56,-1
29544471.21549439,218.32395881401143,16:23:20,-1
53554274.93264052,36.6511502617842,16:25:12,-1
89465574.05005184,183.075855089457,16:06:02,-1
15468763.61249609,149.00455357628192,16:12:33,-1
30761579.269729167,43.68905316651839,15:41:18,-1
22473801.07625113,134.99576292062864,15:49:18,-1
36201169.28577258,253.10626935121525,16:20:40,-1
70959587.0652618,242.45983377768084,16:01:21,-1
70784881.48118885,244.9185696660331,15:58:55,-1
57000281.73749136,41.53986858038452,15:54:07,-1
68453034.67152159,192.84170463555796,15:53:51,-1
42546031.27046083,20.688229147366123,16:01:06,-1
46459338.00590118,132.2892000070398,15:34:46,-1
35003046.992044896,159.18943703069846,15:55:28,-1
27594056.32165594,31.19748435577371,16:09:47,-1
51446136.23463873,112.13374502712313,15:45:51,-1
12338195.985307544,268.4749753377547,15:34:15,-1
19321705.72924003,304.41303716267,16:05:46,-1
83005174.10288244,340.7790771141416,15:38:41,-1
19402769.241974555,132.1313686326675,15:56:14,-1
36107494.333048806,224.1654005775752,15:38:07,-1
14899200.129983343,263.44748164766173,15:59:17,-1
57911227.49632368,3.2583634556889063,16:06:02,-1
36877838.86429464,235.92631933039752,16:08:26,-1
83506788.08703317,96.59167410222304,16:00:19,-1
74366488.85677977,272.7532026941517,15:54:32,-1
42568347.27488882,87.89599931006121,16:01:21,-1
7043542.83458117,176.011822929293,16:18:30,-1
14968522.120168002,239.4443717347197,16:16:37,-1
18434979.405395407,5.8539841428447925,15:53:16,-1
47295469.15921586,279.95899786713204,15:40:46,-1
17073805.66276851,62.44038811863681,15:45:08,-1
1940022.6623965467,55.022820686787,15:28:08,-1
10319901.228650328,260.23778793705026,16:21:10,-1
58989288.7005128,160.59750754802047,16:04:23,-1
48205100.17262623,268.1188653534169,16:24:27,-1
67683614.64220724,321.5998963837311,15:52:33,-1
80201736.1610003,342.93112669769,16:19:41,-1
58421842.56265652,6.35689083027398,15:43:13,-1
37556034.33585087,266.07875739472905,16:24:33,-1
72197199.01702733,201.3161714152827,15:42:02,-1
84675231.49640678,179.10613950070334,15:26:20,-1
10220780.543980123,150.8195539635496,16:15:02,-1
52916251.60422075,275.32480750948685,15:56:03,-1
72796342.1365469,85.3519078653662,15:26:46,-1
43393543.57371321,183.82134552709064,15:53:00,-1
72036189.28322172,50.46051013815848,15:35:16,-1
2702664.726688477,295.4858890421593,16:17:46,-1
75864550.40760244,200.558122436606,16:23:32,-1
43859442.97078641,1.2317108071551264,15:41:08,-1
76622800.5372154,169.66793996692647,16:19:51,-1
27947436.21216769,172.00544917734598,15:44:34,-1
62700806.4947439,171.4557262393844,15:36:26,-1
84633230.8631446,226.5890816009453,15:49:51,-1
58715256.64220988,149.4838111574129,16:06:32,-1
8747266.181642862,130.11641862108712,16:09:33,-1
76941711.19890167,312.9448348018946,15:38:29,-1
74981987.68225953,309.9262475311924,16:03:19,-1
77532158.234757,16.646132631645685,16:24:58,-1
88734539.06622389,28.868162652383194,15:46:30,-1
50282642.321617454,346.87328651467294,15:50:51,-1
22174715.77156921,179.53670401139186,15:57:38,-1
63708984.1494459,139.43415670537803,15:33:53,-1
58513109.83879136,333.3758386231177,15:38:11,-1
63168074.80199134,282.06513625842314,16:17:20,-1
35348699.8962936,140.9789540993646,16:21:11,-1
70950036.38540834,228.30033205502625,16:15:06,-1
77727392.08974911,239.91403909293336,15:55:36,-1
88662036.89917049,51.29754242521343,16:11:50,-1
34842966.88200864,220.37522004044556,15:56:20,-1
36209440.82665759,358.7623713556323,16:06:49,-1
47940330.38308807,52.17386650038903,16:23:03,-1
58232349.93833112,112.68934646743206,15:55:15,-1
39575619.87700809,35.648255553984015,16:23:28,-1
36784544.81598836,252.5345122166118,16:00:05,-1
8037807.710653608,250.45018281498832,15:29:22,-1
77263537.88612702,316.20362475644174,15:53:10,-1
45844076.57513122,84.64762594810153,15:51:06,-1
28906144.12791891,18.18168416982536,16:21:39,-1
49413177.84639602,208.0245074506188,15:43:29,-1
76473486.63648576,266.0545801966724,15:52:56,-1
82503395.05430934,213.3183798453335,16:08:33,-1
80730771.28389707,134.88614177343425,16:01:32,-1
4960810.226153192,259.2047790495654,15:52:37,-1
45587109.91229384,194.61764501987284,16:21:08,-1
69433799.58125229,313.751056207493,16:10:42,-1
7040074.334000399,194.7738863760052,15:56:52,-1
65077837.30138515,239.6987265227318,16:23:24,-1
69443340.93271604,203.9796596223381,16:22:51,-1
18399938.38318132,284.8002608644096,15:33:34,-1
18064997.857875,64.29915825317926,15:25:59,-1
56699337.84387969,262.6988409781614,15:38:31,-1
57984476.96099238,268.38258032170853,16:19:31,-1
72740879.07254377,48.41737079103804,16:15:28,-1
29543897.942653947,82.23362677630745,15:30:40,-1
16841553.760033388,34.615438073399986,15:39:56,-1
28469611.74217694,6.3912254805799495,16:24:42,-1
55468036.104625314,115.4815954394905,16:18:39,-1
65454208.86220736,273.587283727487,15:56:22,-1
30348954.075609174,74.16845903734921,15:56:35,-1
58371945.65015607,34.368265767162086,16:10:15,-1
39313954.07863199,122.53604927492114,15:54:30,-1
20475654.158408675,258.7545362592344,15:27:54,-1
87326417.37959096,105.98295941139388,15:36:44,-1
70223639.20505638,45.48133494362447,15:53:26,-1
56023241.45063803,125.03228439926365,16:18:35,-1
52489127.12800474,280.2157910903244,16:12:51,-1
48249243.290560044,36.86009800018488,16:20:25,-1
43567147.4965531,92.26410074739574,15:28:26,-1
50880613.789969616,108.6860351336876,16:02:45,-1
46752322.71433783,96.18505818532115,15:30:44,-1
6317468.144101609,167.26259364934444,15:42:51,-1
10132771.00583198,330.1217841972787,16:21:25,-1
6421991.298661856,199.75192876880848,15:55:01,-1
88781836.44697313,174.38614784151318,16:09:06,-1
7075133.417001004,177.00246508117755,16:03:38,-1
66207940.8872251,284.7648167199404,15:31:18,-1
24224783.64824212,209.09909209532267,15:29:28,-1
42355496.43816525,298.71893105914336,16:06:59,-1
18582215.398263145,340.11378251934053,16:04:46,-1
18995467.966166016,81.11428209477,15:49:30,-1
70629565.30909966,326.6331202902531,16:07:58,-1
35799325.20097689,147.37398396956752,15:44:53,-1
16673687.20153629,66.97990823353264,15:34:07,-1
8514235.900669642,356.78949708907896,16:14:33,-1
5207727.279406503,349.4730994661824,16:09:58,-1
28075443.228886686,117.0430368568763,16:15:03,-1
38565027.81365467,265.9590662721806,15:55:05,-1
78648315.72863382,176.3175304451096,15:44:44,-1
68864797.42011291,166.2102270662426,15:25:32,-1
12324353.133103732,256.0765979370804,16:25:16,-1
22476284.5109677,359.1186096822234,15:37:11,-1
60221484.21076344,224.1226533408208,16:11:09,-1
15870768.09545434,307.6196934209613,15:50:58,-1
67660153.16520052,229.1314376644847,15:52:37,-1
86684038.03465557,60.64899076652066,15:41:18,-1
66235925.09992389,340.31266288822457,16:20:58,-1
59518267.17743063,221.55146876770857,16:03:10,-1
86307783.52001068,326.1028295106415,15:27:13,-1
21215459.299676485,287.5979718277337,16:15:21,-1
41689792.56404815,270.55497868542955,15:36:19,-1
26751526.381727114,28.316934969463144,16:17:44,-1
57517600.87093287,19.63917441459277,15:38:18,-1
84346032.23718783,92.54184812817446,15:38:22,-1
79170104.7306873,127.2580672003244,16:08:50,-1
55250648.19372859,103.96485428797872,15:42:56,-1
73630188.8375796,275.640348166391,16:00:44,-1
56467382.012822114,59.68720463127082,15:58:40,-1
56125126.46892391,264.9559218150873,15:46:46,-1
22963961.82854996,37.947153408104455,15:33:29,-1
61434921.029535234,207.5138552542036,16:04:10,-1
34850740.25831059,354.28066421941395,15:38:39,-1
76994721.4140561,41.279294060918616,15:51:33,-1
88533951.07979955,116.28092597673728,15:57:26,-1
84713754.23438244,31.591808747148416,16:05:12,-1
27265405.346640248,132.72721206442455,15:37:58,-1
38287128.7480334,230.9409282334829,15:39:24,-1
3546974.361499709,196.92531610142876,15:52:21,-1
78108658.03271525,263.81143628289266,15:32:16,-1
27431121.38437844,235.8460437595957,16:14:11,-1
72851645.12589991,350.75829723176355,15:44:01,-1
34520149.76639682,27.644089689549872,16:07:52,-1
75655045.36586799,16.18072898024721,15:38:00,-1
20747601.820247967,203.1024599430283,15:44:10,-1
24696669.811092447,190.77628716410047,16:10:02,-1
26864504.0056192,119.79559945910782,16:12:44,-1
2336144.1410230407,60.98127809494585,15:41:34,-1
55598429.16883308,131.05730048522824,16:23:51,-1
42545219.869863175,187.67662058259063,16:23:51,-1
49613188.86845863,317.98972232309967,16:23:11,-1
20576997.557129458,119.83467450610064,16:11:41,-1
25676817.1181197,324.7101565897007,15:55:04,-1
75089397.9497463,49.10842302033773,16:24:09,-1
82196984.66687693,288.0937419948088,16:15:56,-1
87981283.33963054,248.6413297670426,16:06:25,-1
31256990.27994949,339.8181886595256,15:28:25,-1
12939139.03199971,216.5785468149483,15:56:54,-1
66907149.90620565,18.500221493938163,15:26:54,-1
13975252.042222483,61.06351031187484,15:47:47,-1
7991263.729449864,353.7915238641848,16:17:49,-1
56109727.90140282,12.712202652669792,15:46:13,-1
1262800.345828115,250.7169633838557,16:20:09,-1
5803079.326187067,250.94109934563053,16:22:13,-1
89513880.89288868,277.13352889668784,15:35:32,-1
49025783.22788303,299.5544019522188,16:10:04,-1
33273118.06039218,4.754361145349475,15:39:28,-1
57748787.52762656,273.778501007378,15:40:44,-1
38870196.061530426,264.53353927603087,16:08:39,-1
28521280.013507742,269.1193900513675,15:55:20,-1
18345360.763989866,88.25984547367018,15:35:44,-1
80684568.43591815,335.4809176033697,16:18:36,-1
28640898.724522185,332.2542492327774,15:54:35,-1
41356711.98980972,44.312597391897,15:55:44,-1
1972791.5510463256,80.69217681482439,15:46:56,-1
85998546.71516734,209.0835570947248,15:59:01,-1
5632021.878660439,220.0488939209655,15:40:00,-1
64477065.00123616,62.137547225818096,15:47:05,-1
77629048.26748288,254.820313941026,15:40:58,-1
48572855.775819965,240.8620988005844,16:00:12,-1
29252013.05395895,251.5366114772929,15:30:42,-1
36944171.62862018,56.63057817107019,16:14:58,-1
33753056.696033835,111.0119477372584,16:04:46,-1
49545790.322417706,295.2022385702875,15:46:03,-1
47423520.92261425,113.92563929576052,15:51:19,-1
69551372.88360476,210.36694792847405,15:50:38,-1
37604059.63868527,163.49283372511618,16:15:33,-1
83359595.47902475,1.3215543096949656,16:14:04,-1
62972874.58771823,232.49525593336767,15:46:42,-1
15306455.832944855,35.75101805574754,16:09:24,-1
87862655.02385853,281.84041722337247,16:16:46,-1
52066175.86586736,50.976190672555205,16:08:35,-1
30251245.940630727,106.4077562266506,15:52:20,-1
20740986.816044763,324.5921928487992,15:53:11,-1
43164644.14042672,222.95536929296156,16:12:26,-1
2752328.801814593,195.8363216259669,16:13:25,-1
49115087.85224195,42.69639010320471,16:19:23,-1
9590029.16151675,240.79933549720025,15:32:45,-1
47937637.49455558,240.11272359167137,15:49:26,-1
59486752.817110494,132.19615775153358,15:56:24,-1
89058983.99696352,99.08031549906364,16:25:12,-1
35464056.39829575,9.790426932154055,15:45:51,-1
86840627.57714939,108.88317679112326,15:46:22,-1
57445505.76672565,68.7327769030692,16:25:26,-1
76093726.00064483,298.00870783834847,16:18:49,-1
34114829.14296604,152.07687921531007,15:53:08,-1
15152891.683853105,113.62560819512132,15:58:11,-1
36009061.50094351,182.97888217602195,16:18:56,-1
59282898.12888119,221.9075707275184,16:13:09,-1
58538677.17119117,208.6269122315656,16:21:51,-1
75677146.64056475,41.91293529250804,16:19:03,-1
55031831.26694231,309.26192398101466,15:36:43,-1
42620872.94879172,276.8032058431652,15:49:22,-1
78048513.85304219,192.65192956959925,16:04:33,-1
71117894.05777952,125.23520291365458,15:59:04,-1
4530317.806621049,70.9343173783976,15:48:58,-1
8358824.05388331,20.59206425517527,15:49:44,-1
85918917.93600722,306.55217392667544,16:14:52,-1
79647295.87079766,61.8499373778899,16:21:29,-1
66507121.305012025,5.721244538708912,15:35:49,-1
35591442.07822718,208.1335786954223,16:14:49,-1
29133741.282929987,319.943803372796,15:34:59,-1
85267011.8551416,233.38988644151007,15:34:02,-1
40508230.60090604,211.36716889336645,15:38:13,-1
32351631.87777252,335.69570124493424,16:04:57,-1
83925888.79564644,215.8644382784258,16:06:45,-1
5927627.164825642,101.75088093567308,15:53:50,-1
66676127.79160717,313.2354414095837,15:40:48,-1
2949631.131652317,289.6884087899828,16:05:18,-1
12932489.023734655,88.22797297313855,16:15:25,-1
63700903.74209746,259.72474137418004,15:59:31,-1
58696714.711517856,341.90038958694856,16:13:06,-1
74664559.26309022,174.067951011149,16:17:49,-1
6949532.656395462,295.7968859595138,15:43:45,-1
347368.25391508045,221.8272481763168,16:06:43,-1
64442552.84932054,154.84938672859585,15:52:31,-1
47156282.65313364,184.1880155142284,16:05:31,-1
79962733.44764481,280.22560848287304,15:46:25,-1
40534901.93148531,204.56953949039112,16:08:09,-1
30767564.982897017,269.4726071567525,15:30:58,-1
89902768.34799789,133.47122603382783,15:44:24,-1
10683494.43071653,8.908300869793045,16:22:37,-1
69958807.67105569,179.92876808695698,16:10:30,-1
43218561.46036296,147.41256430286123,15:46:52,-1
52929286.910522096,141.60517136989773,15:55:59,-1
39269131.10958409,191.8389447957808,15:55:20,-1
70624297.16652276,305.0971965914047,15:29:41,-1
9312329.92666374,46.20753302790485,15:58:00,-1
16480390.81410891,339.8423073226988,16:11:13,-1
87270503.89162987,118.12583339357462,15:45:12,-1
15811616.909834271,235.31294221545647,16:01:37,-1
6679137.703541272,222.268647562974,16:04:37,-1
48615743.99326489,50.76128067193495,15:47:37,-1
38291596.94695205,107.48864005335066,15:30:14,-1
35173671.34022931,317.85956307458656,15:36:02,-1
21733401.112865,164.10488848774352,15:52:17,-1
82424690.80330208,238.87719045378697,16:23:23,-1
15804561.71510881,188.57948114662656,16:04:14,-1
15500469.82898434,170.22259657712686,15:50:29,-1
1529136.085789758,218.8360394683505,15:55:54,-1
35634687.82055319,347.86727460938295,15:58:08,-1
32219851.09682051,194.29253284604923,15:56:26,-1
31317703.64869461,187.34837062861183,16:00:09,-1
60800409.60026413,110.7310446099606,15:56:00,-1
77380012.90097685,129.06896901512033,15:27:42,-1
70442902.62807125,58.67830434964377,16:03:45,-1
5428516.046774995,163.98606919448878,16:03:42,-1
21114436.850652836,226.89797403556847,16:12:19,-1
8703998.041196374,66.70127060694921,15:29:44,-1
74540283.95796777,348.2034393370409,16:01:44,-1
58046724.241119854,292.6367271162411,16:23:10,-1
76879788.75012162,287.31821714040814,16:14:41,-1
63441226.81718831,49.07105372893835,16:22:01,-1
50140077.30727308,85.73226670404027,15:56:20,-1
42489200.20983917,296.1436154429233,16:22:04,-1
78362130.45859003,103.49188037680167,16:06:23,-1
43060122.571430825,297.8260848446028,15:56:55,-1
64008238.70192143,50.61877613885322,15:43:34,-1
53485174.75962631,203.7153385174831,16:18:37,-1
80534032.0244488,225.33819366013452,16:21:47,-1
82064986.427531,208.5797327632065,16:03:35,-1
89193650.8533812,334.7216172722441,16:06:57,-1
30784910.31824126,182.2829243743496,15:56:33,-1
9042994.290461076,245.4634118315469,15:48:32,-1
34696674.09830225,42.763266640784025,15:34:32,-1
58577748.04224763,301.17723298711724,15:38:59,-1
87172486.18591559,86.74265581860051,15:37:25,-1
84167892.19565837,134.76447572963477,15:52:27,-1
61062077.71799728,83.98717097282767,16:17:41,-1
23955686.995809,63.188613541147454,16:09:34,-1
75758536.29379036,36.41412035181506,15:48:52,-1
21487608.682670344,161.01048142812553,15:34:19,-1
2993114.9795464096,224.9587864727815,15:25:53,-1
75486690.03160813,316.05176957677,16:12:25,-1
36982557.58465231,51.69564463637518,16:02:33,-1
16670905.317354191,178.89074909182588,16:13:27,-1
6962475.244002267,308.97855249066544,15:33:19,-1
49285246.16537746,154.24455853583416,15:34:27,-1
34272342.56039583,355.4501904118444,16:00:38,-1
23379890.08101057,163.60894159838327,15:38:24,-1
82984692.03392619,104.42082835750988,16:05:09,-1
81306158.83975972,239.2105962606997,16:01:06,-1
86325352.15965536,272.3994800896441,15:51:40,-1
81803577.96576688,233.78210340381983,15:58:15,-1
53016139.88145958,240.2725797893997,16:11:59,-1
23908446.83482821,268.7452357491019,16:06:54,-1
65288635.48889406,103.06637806024068,15:39:24,-1
50343854.09247972,31.128789204218585,15:44:29,-1
79852167.1465746,133.96539238038864,15:40:06,-1
16551748.690781953,310.7428681498362,16:07:43,-1
63261468.74498489,229.31235692206317,15:41:07,-1
85780479.9529348,355.5121786504376,16:24:57,-1
31232572.383941364,293.5408841556664,15:44:54,-1
41875081.98959227,152.5137672208107,15:48:08,-1
32371068.55854367,127.8446817376162,16:20:33,-1
15679231.88183776,294.28330286136486,15:41:25,-1
40695691.50219328,84.46968388242603,15:34:21,-1
48991707.92955834,2.494561523378267,16:10:15,-1
51679391.40898765,9.311678240920552,15:41:19,-1
56225074.690019205,163.9424771989487,15:46:59,-1
54876228.22320471,16.740699232347577,15:27:53,-1
28987091.45786543,333.0917617773552,15:45:39,-1
38490331.02348466,84.63574172338681,15:39:37,-1
74284017.8140775,254.99174951727184,16:04:04,-1
24152358.89812009,120.48955630582618,15:43:57,-1
81119703.85066642,176.6640946255799,15:43:04,-1
75794199.57528952,252.51327129296828,15:49:29,-1
42017881.65540635,71.71126326541864,15:29:25,-1
50362829.68063647,298.28008532908035,16:11:15,-1
8375875.41155036,46.68868758176827,15:58:45,-1
72548887.38459928,114.00545430633618,16:21:11,-1
11219277.22233427,150.7381593207997,15:33:58,-1
81477653.60397358,198.55680107327825,16:15:57,-1
79098426.80184312,180.59605613544147,15:43:15,-1
55389232.78688727,241.14590848898564,15:29:42,-1
31711631.99878625,45.57439892128257,15:27:30,-1
9692140.890420085,119.03765632394725,16:20:56,-1
79061748.8149114,213.9619919331409,15:34:15,-1
70931113.92618516,157.70672175594987,16:04:57,-1
6686035.691065866,256.1867479036182,15:59:40,-1
12453524.539379831,87.53514355368614,15:34:24,-1
4822948.779592528,124.38777143595324,16:21:58,-1
21269961.633154865,287.40721631462463,15:29:37,-1
58006518.33378477,231.61878465355488,16:20:18,-1
74082181.80218087,352.1541754497379,16:07:59,-1
36588367.23886392,16.726510597588394,16:04:20,-1
48793312.86189264,251.69991612342184,15:37:06,-1
46047653.96457672,329.7092941453075,15:45:45,-1
65567284.278559566,341.864639267462,16:01:45,-1
84634356.62575631,94.10286564214894,16:11:35,-1
47863710.49709292,136.7109831985813,15:46:24,-1
52489736.08669677,337.74608571121337,15:26:23,-1
42747205.67679683,12.106879498186451,15:55:48,-1
5326891.156619451,198.9287478783039,15:35:02,-1
37804312.51157494,128.52254000142693,15:48:16,-1
75191279.68658811,92.55816027186722,16:17:24,-1
772037.4859457011,175.03608257241572,15:55:20,-1
50317680.557505794,17.432937636609687,15:43:51,-1
10760252.612914205,234.98445287392337,16:17:40,-1
34272029.631760806,293.090200013021,16:16:48,-1
38179892.33790021,326.03341240763416,15:59:28,-1
54228983.406518295,48.483732185450265,15:37:48,-1
21899117.132043827,295.911197003432,15:44:59,-1
24771601.036246087,96.84956418790874,15:27:10,-1
65139002.20260725,285.9433861918632,16:00:35,-1
62212798.71914415,270.9626859139048,15:33:45,-1
70980824.47815628,130.1866917792802,16:12:36,-1
33691457.385387085,308.92764707504483,15:37:23,-1
27575280.363850124,116.09497112917376,15:40:10,-1
69375815.2211416,155.87693548444838,15:29:14,-1
25488791.480412297,105.05271701953144,16:07:54,-1
1346272.1020062054,89.79541866080716,15:29:41,-1
78213655.72886018,327.6789053587302,16:13:35,-1
45569769.99635303,244.93507587015367,15:26:21,-1
46091864.79043787,107.19502127598128,15:29:54,-1
35767345.40814815,329.779302616579,15:31:48,-1
12491140.261257824,185.90032910138535,15:33:16,-1
18788302.943302043,71.21236898849453,16:07:52,-1
55226903.26897885,199.20247555243924,15:26:20,-1
73710359.0437619,307.0221135219714,15:54:53,-1
38163705.5380816,315.7185282262122,16:24:22,-1
4291628.025448727,73.09746319552555,16:03:38,-1
80868821.50418364,212.2271024274981,15:55:30,-1
27488532.74920541,242.79562057623824,15:59:28,-1
74565173.46799284,192.95656015563583,15:27:19,-1
26209027.847168528,170.5406464461009,16:22:18,-1
47701442.63215546,348.5471677020131,15:48:57,-1
52920046.810166776,139.37241651154736,16:08:17,-1
77997520.67796414,331.1820623413535,15:57:22,-1
71211580.61783634,186.54728349194937,15:26:09,-1
59428281.80651089,45.17064298902114,16:21:27,-1
44204519.541062266,45.79179927764761,16:06:26,-1
65868100.56161019,205.73474848695207,16:02:20,-1
70231029.43312307,284.05456464544085,15:30:58,-1
62887064.36907744,50.529380795303936,16:12:57,-1
6753754.766418061,191.43453659626388,15:38:19,-1
14022491.855074016,46.853184961921045,15:42:53,-1
87230422.88443634,51.62412455621141,15:32:53,-1
14194961.291607209,314.77953526417554,15:35:56,-1
16034012.291015666,298.7952650209531,16:10:53,-1
77551770.20657541,298.84010808206045,16:11:34,-1
73021806.45081626,197.2175612294625,16:04:04,-1
25034293.9245068,146.9062713377893,15:26:36,-1
20435984.54310308,155.5123016188579,15:41:49,-1
85736012.48075213,344.65936246928175,16:11:21,-1
44423147.40511821,209.23576076023065,15:49:58,-1
77855880.980358,183.01736533526253,15:42:20,-1
20994797.547911204,34.45428734729633,16:07:01,-1
11921583.748473736,232.11759845186023,15:40:16,-1
86443658.33244696,316.77406540166743,16:17:23,-1
36679000.3596244,34.68806910623744,15:39:49,-1
14331085.968187043,193.5540405032256,15:25:45,-1
79149511.29290248,286.1438947893848,16:24:22,-1
23703424.21815884,186.26799561620143,15:55:11,-1
68572872.9196241,169.83762661352628,16:10:44,-1
193849.94115396004,95.31300183538352,15:50:59,-1
29588259.751761097,304.1958485083629,16:09:51,-1
17460429.056118872,180.5455793173969,15:45:17,-1
8762635.88514717,98.9129745501855,16:24:26,-1
24768367.009188987,291.93866756421204,15:26:27,-1
1570835.7105689372,268.4168589472087,16:22:16,-1
32047334.319094587,52.032911009831714,15:34:41,-1
84399469.8753311,345.8901887349503,15:46:11,-1
3394875.320645346,302.9400758228487,15:49:59,-1
6011960.61349628,279.48322910668844,16:02:51,-1
23601336.519763667,47.20242594857928,15:45:00,-1
20872153.28717425,241.3472483329421,16:07:19,-1
55457925.36251363,181.8228474201,15:39:15,-1
62068130.28425812,220.13850773062092,15:36:19,-1
34141156.9081576,74.601791930868,15:58:47,-1
59661173.92674672,279.0179199831959,16:05:08,-1
71194989.37425593,189.2115448274208,15:55:32,-1
10857211.75047298,273.7513880075655,15:51:15,-1
19105514.995896056,55.39936886629161,16:04:28,-1
86684685.20167926,2.154644979761362,15:32:34,-1
20954208.743148725,99.6650029954001,15:26:36,-1
14379253.461981729,147.4487994051537,16:12:49,-1
78769688.8511453,174.8391205784852,16:18:22,-1
40947889.20899157,125.31527300220422,15:37:55,-1
23955679.87771588,135.19717284355664,15:46:07,-1
89714005.6356387,298.7505250891149,15:35:53,-1
8063892.922644314,208.38749509460035,16:02:33,-1
70440126.61335927,349.61540506375417,15:52:29,-1
34429344.38880251,333.0260453433212,16:21:08,-1
21707790.10176025,210.29301722977357,16:02:06,-1
47686931.97431781,273.41229838981064,16:12:58,-1
7000676.23978358,191.5651118577993,16:24:37,-1
14064415.737398311,163.79468543394188,16:09:54,-1
30703842.44491009,287.31754836841736,16:06:36,-1
54366745.41996121,294.8505920791727,16:04:44,-1
7552122.27771789,333.689506739171,15:26:08,-1
50076430.15102299,286.2965936056928,16:11:45,-1
3903071.5187138272,72.99090859467833,16:16:33,-1
82774671.59074698,333.1934860212374,15:47:04,-1
53498836.35517478,100.63188872327385,16:15:46,-1
49501048.30682444,64.15013244018398,15:49:27,-1
76466342.60954379,212.83026907951947,16:24:15,-1
88306863.69932808,280.0690023605993,16:04:05,-1
3971048.1188204703,327.8505836201738,16:18:29,-1
44780727.19715678,222.4296839596112,15:30:59,-1
19152202.276936125,260.7088771673383,16:15:16,-1
79007667.79237287,112.59474129219396,15:51:39,-1
11967671.66519923,267.3378793038596,16:22:27,-1
54929583.84392896,56.65154486691633,15:53:11,-1
78037264.96852736,133.7719300383812,15:41:13,-1
25019534.04227378,216.83300080065675,15:53:43,-1
25148482.443295047,132.36581179422834,15:27:33,-1
69290336.63074058,124.72807770012976,16:12:43,-1
89128781.77162449,186.72876365706492,16:04:58,-1
49904211.551913984,131.46539969484635,16:09:18,-1
29500670.25846501,18.899451631111575,16:19:06,-1
85119898.53506741,57.16859424926965,15:41:45,-1
80682858.68888609,317.9894469780594,15:32:25,-1
87060477.56831972,291.5464894865736,16:18:07,-1
35887967.02269445,181.1752601443268,15:45:39,-1
66660418.781466775,297.6874401832884,16:21:42,-1
27379268.86050566,275.48340235479503,16:03:22,-1
49052473.81926571,208.7029848574449,15:40:21,-1
74201496.70716822,160.29166085334873,15:25:54,-1
87477534.30628261,335.8032523930329,15:27:01,-1
181490.97981567928,259.386580327681,15:40:52,-1
80287294.9146013,62.56377757872636,15:40:16,-1
89328153.77254532,21.30412603481842,16:10:14,-1
29259903.410338167,232.25704876643576,15:30:12,-1
87019322.75117925,305.6424791003761,15:41:08,-1
71865380.4708894,341.55934611549674,16:06:26,-1
27568941.528972007,277.3968675090886,16:18:01,-1
34165638.468741976,76.5720065300519,16:03:29,-1
79382545.43234728,138.70817607896217,16:05:12,-1
33246877.862136643,100.8415049573869,15:41:10,-1
10345844.154117843,176.72073200677752,16:04:03,-1
22886852.093793027,298.3585790945852,15:34:23,-1
48512363.10104099,63.23349172472384,16:06:25,-1
36438003.95712876,156.38276569012018,15:51:04,-1
20509569.94542048,121.1218687958342,15:43:26,-1
69837387.26001725,117.70541282710526,15:42:35,-1
16017364.333839511,189.16789240710307,15:52:38,-1
52725428.96814635,312.1285227384021,15:58:48,-1
28014039.96939624,236.9490860922788,15:34:21,-1
48348568.86693632,66.39158700835917,15:31:49,-1
40410801.73876196,192.653575528278,16:10:34,-1
63558415.81383643,23.762964194341084,16:22:27,-1
31479116.07343752,352.3167448189528,15:41:51,-1
16717289.67175061,20.77721557960032,15:41:31,-1
57989704.17350473,160.7318454962675,16:07:26,-1
78095143.52337234,140.3645820260903,16:03:39,-1
12547270.048997471,21.872850184984497,16:19:46,-1
84677422.96073148,241.6289526233888,16:18:42,-1
228742.7650246799,51.826374251163735,15:45:09,-1
48581048.76200219,204.6436865514173,15:45:46,-1
7309435.231677514,169.991349664335,15:39:10,-1
87617208.15863048,68.2314802277687,16:10:50,-1
3085088.3548136703,110.153093821917,15:56:27,-1
66904231.85028071,245.9226910032197,16:19:08,-1
87402737.26446156,248.19669901570404,15:52:02,-1
22302989.282654192,279.4798449792428,16:20:18,-1
67796464.11066353,286.15750658685835,15:57:03,-1
68210153.25274983,277.78501708085304,15:56:55,-1
1790700.8370267649,25.7857752168186,15:27:50,-1
78539595.55689089,168.84287516504477,15:45:33,-1
67495094.79952271,119.58511211564786,15:38:42,-1
7368905.6076271,54.97068781108238,16:02:27,-1
60757655.96084794,35.429935237996894,15:44:53,-1
13216012.142755885,36.10538775702797,15:56:14,-1
1037016.8157612346,337.4312222271291,15:43:12,-1
24257867.85345193,7.248030103849814,16:01:37,-1
43526786.93742301,258.6284130001236,15:55:27,-1
62136750.09936835,56.3840858073623,15:42:53,-1
55672918.17306735,80.9736336707092,16:17:22,-1
46266846.27674679,197.6707596562877,15:42:58,-1
75491995.25627798,145.7147878877046,15:33:02,-1
32573451.12659392,178.14673015432254,15:38:22,-1
68282120.27761638,5.745814204181103,15:57:58,-1
5115577.095392395,177.4119410915348,16:20:54,-1
20518929.104297847,37.17129214380114,16:09:52,-1
44989118.71383989,34.520028967291694,16:18:32,-1
46265217.67056053,159.8621366040311,16:23:47,-1
48113065.8969908,82.81564315229843,15:36:22,-1
88930847.00506924,18.022436722176703,15:54:50,-1
17819600.687746327,231.9409677509321,15:45:28,-1
63049237.75668376,190.2175906691424,15:47:31,-1
34453389.53977854,108.9247662085391,15:51:48,-1
52313553.30125619,15.421331117502962,15:55:53,-1
80842589.22234419,259.5335129362446,15:57:23,-1
42356108.04938541,348.01409690989897,15:57:26,-1
41624059.46572471,197.63044011058795,16:02:34,-1
34757225.44254826,268.8538385899255,16:01:52,-1
22600235.714934822,299.7670629357024,16:23:59,-1
65050930.71244015,81.07450796902636,15:30:21,-1
53005586.15483175,288.26675308438865,15:35:03,-1
72731635.1265907,33.180003065541165,16:23:24,-1
84569154.13457796,16.179240353329316,15:35:22,-1
75570235.10883786,89.14001996030497,16:10:22,-1
48716614.27907353,198.35696250625844,15:38:09,-1
1890743.150104652,169.96830496557885,15:58:25,-1
60459730.86551693,182.5096188923628,15:33:59,-1
14253945.595221898,87.46777584437254,16:11:19,-1
27371219.687754173,157.23401411493157,16:02:20,-1
38653067.188285016,177.16555807457033,15:32:28,-1
86962966.49025676,338.19984574975194,15:48:48,-1
85091478.86511478,194.24763158843407,15:33:46,-1
69630715.54521582,256.03624554506456,16:17:00,-1
66663949.39089438,273.63621771784653,15:30:04,-1
67421414.13094966,54.45026044180976,15:36:24,-1
5711251.926715364,44.09100202030548,15:52:05,-1
27827054.81306147,135.006972406596,16:14:40,-1
49079471.70852613,131.5908367005258,15:39:55,-1
12061470.753470523,303.02963779710984,15:27:12,-1
8983584.018219223,126.60555156352304,16:15:18,-1
66631951.31153812,0.8586839557254411,16:20:36,-1
42430767.82147238,78.8604518073588,16:20:54,-1
52716614.23295443,141.73795659621726,16:10:42,-1
15159862.845878562,107.6145505500806,16:08:16,-1
21432122.84145168,258.4758477157826,15:33:53,-1
71365434.36404015,238.16222888428075,16:22:03,-1
6919055.175950543,318.75346947091185,16:12:30,-1
79636524.41358651,159.55856699973495,15:32:02,-1
44611833.632644,328.0627781015134,16:15:57,-1
23449185.45670452,58.650381663309176,16:07:35,-1
48544684.91974419,124.27712166953894,15:48:00,-1
63448352.93728122,157.02177891699336,15:36:58,-1
74025845.90115891,324.13424446481696,15:38:27,-1
37631967.57452365,212.3436754955924,16:01:57,-1
42407970.621074975,110.35878085659478,15:45:24,-1
80983701.51653263,167.82264794895372,16:00:38,-1
44052360.6423003,162.9287892699325,15:45:51,-1
4968362.095256587,198.68939012908228,15:51:53,-1
81642675.94883472,175.05668741308668,15:57:18,-1
60297459.72560797,143.93928974374563,15:54:23,-1
25517940.489893064,33.02660108303732,15:55:28,-1
10074967.166726207,323.26863189673657,15:34:08,-1
35993672.155849166,27.80898715879667,16:13:13,-1
16430589.172816137,325.51016598823946,16:12:53,-1
31002651.64600837,167.5314422782099,16:02:07,-1
58976468.69013152,159.8210429952382,16:05:34,-1
18891748.153101116,139.17717056002752,15:49:13,-1
85063118.2690684,40.61067824704135,16:23:47,-1
5931513.134358447,293.0427445964186,15:52:41,-1
88032715.0902213,40.50438476886137,16:08:00,-1
61786714.73567487,108.98512908224455,16:16:07,-1
46419046.146757394,78.9642520625932,15:38:09,-1
65214068.713178754,17.774721666488304,15:38:15,-1
32621918.019010283,245.03014923229404,15:32:24,-1
43450972.68678531,140.61992264085958,15:55:34,-1
29078414.445018247,270.37793410148385,15:43:49,-1
65403931.78604584,324.2226878328352,15:53:00,-1
33969723.5722631,96.5247641353785,15:33:19,-1
2584320.116316767,217.509251569423,16:05:29,-1
60000959.86171436,27.083024499325692,15:28:25,-1
57636230.06210596,92.48918234407247,15:44:22,-1
51203021.86893087,37.21504498755448,15:50:55,-1
9311159.254041856,115.4320688981016,15:56:15,-1
65938488.758619554,215.3789174608192,15:47:14,-1
13523105.772149997,123.35814939755096,15:48:22,-1
84565922.47046433,30.27317471675267,15:44:13,-1
72142799.10696743,85.23196984146831,15:42:16,-1
18714575.06375992,300.2907367829547,16:00:38,-1
10469287.249956742,149.03007457429584,15:40:20,-1
8815075.235251242,320.2827821810536,15:54:29,-1
71587524.65976831,80.8745479335124,15:45:36,-1
41861033.71078684,156.06559428023365,16:16:11,-1
37749313.04086816,184.8869842760434,15:46:14,-1
9077164.016910758,39.56390806124255,16:20:21,-1
82218473.96095917,212.1221778504297,15:38:55,-1
56555614.69521722,328.90943112108744,15:38:20,-1
53463324.63699247,217.3862027098668,15:38:58,-1
30396594.91336137,322.9433927730525,16:17:21,-1
53447150.405517854,115.65937525883812,15:52:54,-1
42523391.54511299,4.021945991602856,16:12:46,-1
533145.5027920603,63.81477141819496,15:45:01,-1
80418839.37453403,36.03416022594181,16:17:13,-1
53509877.40094327,98.62968730970567,16:20:03,-1
74311782.0527049,314.4422527229145,16:09:43,-1
45282952.42570463,85.55019907413612,15:47:52,-1
71686178.27634439,111.3866537540621,15:46:49,-1
34045256.31717217,234.69006288344855,15:55:17,-1
53940132.914248645,185.85438656775904,15:33:25,-1
29629277.597130008,185.8070415349878,16:19:47,-1
73038534.05146234,5.205056172554494,16:09:47,-1
27923038.54120056,155.83651450755528,16:20:32,-1
27156720.35039744,240.204139878686,16:15:53,-1
46661622.82652834,317.9933526476133,15:26:37,-1
50385446.41832229,178.37783814868538,16:02:16,-1
58704144.88739968,309.074764755786,16:15:49,-1
67478229.34358047,234.0242474181541,16:10:19,-1
76111424.17968704,6.719741365568268,16:16:18,-1
3281424.537336847,42.22188271496858,15:39:29,-1
20983400.21270876,295.1776111495267,15:45:27,-1
52322230.40635436,179.9059590403533,15:53:24,-1
88808605.36456165,318.61311244434626,16:13:35,-1
19968114.324228507,219.15311045459995,16:07:01,-1
71508220.96685837,311.2270665516408,16:25:01,-1
70947082.55858186,171.36368982905535,16:25:00,-1
82411999.93238777,198.11106055302685,16:08:58,-1
70102091.60683772,113.41834354112385,16:20:58,-1
62646017.40220357,85.89123390406641,15:27:59,-1
29045915.661301754,339.31437833315624,15:55:46,-1
50109988.836483546,36.16381184662207,15:39:29,-1
50396636.52342209,111.3856508288083,16:07:28,-1
8016953.557621391,257.43232977275704,15:25:55,-1
75674696.18736969,181.8076157910301,16:16:53,-1
67549705.63983935,116.10052811280624,16:24:29,-1
75277746.64790873,227.2920436206732,15:59:42,-1
24781090.076383643,249.01701280076864,15:26:16,-1
28808728.089233965,299.94956358259617,15:58:29,-1
36253661.05386124,308.6519222297019,15:53:59,-1
14258804.076131968,315.1749843976584,16:13:21,-1
80467001.36625598,302.6256135553655,15:55:21,-1
71477364.83381942,348.0835862199079,15:29:03,-1
61515202.42647045,84.82512438578239,15:50:33,-1
20572274.74143698,60.98424804788835,15:33:48,-1
28759791.854280528,14.818045102673349,15:41:44,-1
41250546.21734956,3.838743235454345,15:57:10,-1
43942531.407958746,301.1362578480505,16:17:35,-1
14778061.024167333,219.49136775309609,16:22:50,-1
5790699.283558367,54.71712963783058,15:55:24,-1
86174354.77576102,275.56203423134053,16:02:44,-1
15820987.836802198,37.62959725253359,15:56:00,-1
2242858.875903207,346.36501705697606,15:34:44,-1
68047552.87000595,122.65191699306575,15:41:09,-1
3912436.7781045176,280.78245200861426,16:06:17,-1
49774471.759455375,3.4285156935056538,15:43:52,-1
33472106.604781628,180.22079235441512,16:15:40,-1
82673583.99078766,118.67026390960342,15:47:19,-1
53816389.00871619,271.7966715278643,15:35:29,-1
87391505.29660115,146.61843768533038,16:13:21,-1
59765928.88623519,99.65101605775588,15:41:49,-1
27504296.843232512,239.2234176443788,15:45:36,-1
35423047.23140572,264.7982194960421,15:29:42,-1
8143244.318189686,344.1367789090868,15:44:45,-1
63379645.48201253,60.058413643658575,15:49:35,-1
47901953.57480259,216.3083193673801,15:32:59,-1
80259554.75365692,336.4706328695594,16:25:12,-1
31998239.258626174,84.50841376003059,15:51:40,-1
39091958.02638123,116.99934225546914,16:21:22,-1
49812030.05815582,67.70027513705793,15:44:32,-1
75574502.67760873,309.5963140945087,16:20:55,-1
79009251.81853083,63.715869501220126,16:19:22,-1
75550684.70764552,168.94933540214652,16:00:14,-1
65440514.49835645,51.68715494742937,15:59:42,-1
38520556.643405095,101.87492921958776,15:29:47,-1
67882550.20496781,32.37710302635992,15:26:19,-1
12614083.385685312,232.05691911847168,16:20:14,-1
40936897.64451345,258.20977561641035,16:03:00,-1
36607886.98930804,81.2896926423775,15:28:12,-1
46840783.18776609,102.4855850154559,15:52:43,-1
88289565.94665664,143.00101487333563,16:07:46,-1
71739036.36593126,66.99276591694965,15:52:40,-1
36180313.388547264,98.27667552849805,16:09:10,-1
50566213.00433857,311.0788518851595,15:45:45,-1
6702464.791127512,225.11301097525345,15:37:46,-1
67853780.80975993,59.602768914974746,15:30:14,-1
71156507.74834947,94.06486935129328,15:41:55,-1
32359170.90465496,81.91276674597333,15:39:23,-1
60085764.39623431,317.69639395379767,15:51:48,-1
69852829.7699299,235.10306831940332,15:33:21,-1
42656559.46336942,299.9559138824721,16:23:51,-1
81523923.54381849,22.85084562860068,15:26:09,-1
42246595.0236093,103.00740557123255,16:09:21,-1
14658817.623466665,122.23525782608289,16:09:57,-1
53017156.05111181,89.99745182343776,16:21:27,-1
289599.53416683845,311.4316113113166,16:11:35,-1
35785055.33797295,122.58902254600412,16:01:03,-1
14579868.306384524,150.4659767004586,16:01:22,-1
27426999.23191112,316.26136509368087,16:16:44,-1
82066728.13542692,209.5832157494476,16:05:11,-1
58759789.11487812,279.0686519956512,15:33:06,-1
5329979.836926442,199.41037582302025,16:02:09,-1
52833030.21633891,8.116668118779874,16:19:21,-1
47461297.37506299,40.6904115353493,15:25:39,-1
18214766.64501319,170.39984319807024,16:10:59,-1
52440587.18549781,126.97885097275147,15:54:42,-1
33714819.20215391,133.18852293735347,16:14:19,-1
22482029.193199232,76.95602048704613,15:51:27,-1
62574983.42283524,15.037688992720868,15:55:01,-1
75428545.17394075,339.7577924902654,16:23:33,-1
11125822.541788513,19.11188192124689,15:36:22,-1
51864239.55418178,272.4043058992705,16:18:20,-1
19548478.39230837,161.4611899983942,16:04:21,-1
31366850.819062583,84.71028304359083,15:41:19,-1
29284373.21999172,123.31850392835815,16:02:49,-1
30171329.46153488,116.2637104655854,15:43:03,-1
59825686.3582182,305.45536856522534,15:51:12,-1
88990715.37799115,6.19322335139862,16:07:33,-1
746166.1386233512,53.19363177734108,15:37:18,-1
39042947.50606413,63.05916284949477,16:02:32,-1
26920470.136346918,86.61239973882483,16:05:37,-1
74415308.73496217,159.5925944403191,15:39:47,-1
51396995.51636766,278.0072384769186,15:33:49,-1
22985556.61641397,19.649720950392133,15:48:39,-1
27372170.92714557,10.437626870865046,15:54:22,-1
8121016.561692643,353.52706867160214,16:03:54,-1
59186257.78078141,200.18548406333392,16:17:29,-1
82191885.8722392,148.03227265539795,16:07:40,-1
18445346.82436431,339.0678134062016,16:09:46,-1
57948588.90232636,197.982950028667,16:07:46,-1
54629778.75053325,21.538107981460385,15:27:18,-1
12947224.082562648,287.9956047328493,15:28:28,-1
28706074.34205156,69.7045058100826,16:06:28,-1
89327419.40009233,250.33404910726543,16:12:42,-1
42953086.8405692,18.39523118311194,15:30:37,-1
41168494.827452384,161.35022376203014,15:39:16,-1
35865281.30893699,265.10272264536906,15:49:00,-1
50447154.42351407,259.268318161801,15:26:14,-1
63695353.88158392,252.509225130142,15:56:29,-1
33764253.573408455,163.1016317184735,15:31:26,-1
37932031.05785085,233.6915154696871,15:49:01,-1
65927775.31057227,39.0731991457882,15:36:41,-1
27397892.09364687,183.7095233536999,16:03:45,-1
19739572.243534088,340.01100967570324,15:29:22,-1
6630563.7084038,85.39560241067927,15:36:01,-1
60621276.16860618,64.2393994665015,16:18:27,-1
9194610.937708575,207.98700788481773,15:26:14,-1
8863932.180763979,186.52797489896423,16:20:59,-1
43610996.61793241,284.0855672048197,15:30:34,-1
54822510.17878239,261.6197932339825,15:46:50,-1
21132179.437280077,38.20436133116639,16:19:27,-1
21468726.4163672,149.79037259736282,16:06:32,-1
76248494.15809615,136.09221529796514,16:20:23,-1
74971825.37410736,278.7538558490701,16:18:54,-1
42464771.4088446,71.99818069583095,15:36:25,-1
76320329.26760036,197.18441232793765,16:09:30,-1
67818499.94249077,173.86469249503793,15:39:19,-1
50986294.45631116,247.6444718271829,15:50:04,-1
35976600.09992735,76.10516989444429,15:29:09,-1
70465844.08196583,217.33511442121383,16:14:29,-1
5853452.925754303,234.99520982382435,16:01:27,-1
56727304.42559592,198.504691821444,15:36:05,-1
62252284.96867932,258.68199451690884,16:04:46,-1
49268956.08418873,331.58517709207194,16:24:35,-1
20556131.08079316,327.9832933545218,16:22:53,-1
9735690.305054476,253.50682593196504,16:03:39,-1
55700041.43879338,326.85818796538507,16:17:47,-1
1104553.5129157344,38.25118577862895,16:21:53,-1
45453285.78321388,304.5005106423112,15:57:36,-1
46566604.96175669,73.73920435210158,15:51:18,-1
20456318.005443703,229.07445358536145,15:32:19,-1
11345124.188755618,252.77759779987528,16:03:01,-1
25039428.09842886,26.683063278248508,16:17:15,-1
41618610.29822556,198.63472137516587,16:00:59,-1
65571643.639881246,227.47088681260945,15:35:41,-1
54367508.93296583,90.3036985940552,15:34:46,-1
24533455.52140424,46.97994838311486,15:34:46,-1
46366179.122481264,356.1493825978509,16:17:07,-1
37994383.96176175,270.88404087665987,15:41:18,-1
25639708.993344408,107.73217705308792,16:20:23,-1
75488890.8411649,49.49634445856603,16:10:43,-1
12347714.256384663,329.1464376496575,15:55:15,-1
87426500.34789628,148.34345038926006,16:23:05,-1
24198110.48001159,7.390675958061976,15:39:12,-1
70410964.4317201,145.68874015879345,15:30:43,-1
40054368.07179847,62.7007290713316,16:16:59,-1
63383891.40143174,332.0366581200153,15:30:49,-1
88143445.55886728,230.49988378737453,16:08:45,-1
82225591.21707779,156.90454041543742,16:10:12,-1
78751272.2328776,202.68280795955403,16:12:21,-1
41915502.055162735,294.2137379036885,16:20:56,-1
56154674.45494078,316.80242742644845,15:41:34,-1
35343642.062051,327.0736662951644,15:34:21,-1
41403088.83274327,21.0150605619032,16:21:26,-1
87380157.008076,310.3902157931668,15:39:31,-1
68253413.3210483,216.28190363374756,16:00:04,-1
44075785.14245503,193.2127001741873,15:46:23,-1
32211484.13930216,7.455410283426751,16:00:05,-1
81032989.94063716,330.6706154252796,15:54:10,-1
24545935.833773024,295.6959112204122,16:08:00,-1
83774567.14966881,242.10571207798367,16:17:53,-1
58319583.84929035,276.3305835181,15:51:29,-1
35717422.360386,199.8167359012112,15:44:33,-1
36154394.29873117,211.81474403676248,15:40:42,-1
1476979.154196312,314.72367720486386,15:44:00,-1
24904121.68838047,340.63044281543205,16:15:26,-1
30696794.117613927,339.7264303201377,15:36:06,-1
26507934.775281016,81.94577868640187,15:50:38,-1
65953894.21149354,170.9988344083155,16:15:10,-1
5573980.716438575,209.81524760298527,16:01:14,-1
31754930.23066411,12.124866770952544,16:12:55,-1
13852675.01354958,249.94563652538588,15:47:26,-1
35678417.39841728,350.51285942591727,15:54:27,-1
8362691.009509238,86.45408369161855,15:55:28,-1
77328214.08596279,19.573206361086623,15:41:08,-1
46251751.19306256,175.978590721279,16:21:11,-1
28260309.68562625,181.9689523160958,15:53:05,-1
28217845.270403747,46.12126113670501,15:27:22,-1
31505784.322001208,230.49088048285543,15:42:48,-1
79954113.25073707,56.37567495574319,15:34:45,-1
79779322.87145926,45.20875499371935,16:03:49,-1
2889621.3220435176,61.851165582085926,16:25:17,-1
68672829.5323777,87.57218057673633,16:12:15,-1
80507199.19020161,143.13815838186505,15:49:05,-1
54603188.57990294,288.0826372207788,15:45:46,-1
24780726.552754782,247.7408158361073,16:15:43,-1
59181481.06301136,123.53693096271904,16:08:12,-1
18479410.04219972,296.8348622347983,15:36:13,-1
68077773.25563994,212.9569221383481,16:09:45,-1
48402818.56092889,149.23399528221785,16:21:59,-1
4292173.078557543,334.3587050473633,15:39:38,-1
62572903.35986698,43.63142417472233,16:05:11,-1
16280547.414845936,54.16207107341378,15:55:28,-1
18586684.705730632,205.51015677798853,15:25:35,-1
3858810.191245,225.04933624378725,15:38:43,-1
30994643.767095286,350.98956271595983,15:53:23,-1
80633822.62294361,93.81647600742126,16:08:53,-1
8319217.852248996,311.762030630787,16:01:33,-1
31491562.19053122,36.934520034161366,15:55:26,-1
58970775.239498414,194.96855839775125,15:41:10,-1
36535600.43111727,115.26593127208756,16:07:50,-1
910446.9486185508,91.52474230944166,15:49:57,-1
50370499.75545868,265.5161342098502,16:15:12,-1
79376227.81154089,329.76510787520795,16:07:03,-1
70572608.3970999,145.6880875729183,15:40:55,-1
68855697.8728874,357.2644084227559,16:10:53,-1
58937054.58578252,262.133741581223,16:16:12,-1
64936536.3700854,123.99526867715996,16:15:35,-1
40976439.87687999,114.7498453948583,15:39:39,-1
45701854.92328402,143.081767057533,15:54:58,-1
75713484.78122506,218.58204580633213,16:09:32,-1
71231934.96768996,214.4247215305396,16:14:26,-1
45034963.353503525,101.03980097960826,15:37:14,-1
291906.8917453521,252.38182948478357,15:30:27,-1
39909386.61501443,2.368197229848219,15:46:27,-1
27061465.55001943,170.0092713520939,15:37:58,-1
46222879.78278999,166.1355641727915,15:56:06,-1
10364323.65893822,110.66320108484398,15:27:23,-1
8510267.051914424,147.16439325809156,16:02:25,-1
26832237.9005419,248.65100581920623,15:28:20,-1
46233962.725998536,0.376559617226504,15:52:51,-1
33800889.35030976,221.8816547413728,15:27:11,-1
41805640.745153,224.23826105071177,15:58:45,-1
24306960.251129,295.8939811887994,16:11:07,-1
81861810.56474744,203.44274414908224,16:11:14,-1
72367998.93430872,120.92698219684374,16:18:18,-1
31818493.324144915,144.79151054309355,16:13:23,-1
30662760.127714377,294.0136125966956,16:22:41,-1
6911690.812654953,78.54937423544908,15:33:52,-1
67760680.76499137,22.537351776804048,15:37:16,-1
23025900.086538102,173.840316244199,16:24:48,-1
87654629.64681207,228.30781810006192,16:17:17,-1
62027868.63163409,199.5302288311946,16:25:22,-1
15626345.37041262,279.1173136778867,15:37:17,-1
40913995.56799588,187.65310553037116,15:25:44,-1
18235442.575290773,295.26278900214675,16:21:28,-1
56949622.54772589,209.02126451281103,15:37:44,-1
12171269.883330768,202.82495491628023,16:08:48,-1
5519888.319379425,35.92737361884022,16:24:50,-1
4867723.059535568,275.32183440311894,15:35:24,-1
8638418.059741396,70.88338970973071,16:16:45,-1
14534348.913573043,198.80332438151336,15:40:34,-1
11947066.932917353,243.183581317599,16:04:59,-1
47662412.047046185,127.26240733336662,15:27:47,-1
82707697.15817934,156.30128061053003,16:03:58,-1
12837441.858200278,192.9171367455375,16:07:36,-1
23150299.28741884,350.5375717343292,16:08:43,-1
49928769.366180666,281.3980694835004,15:30:24,-1
59751663.71490856,49.50291922470803,15:31:19,-1
11689135.319324668,76.08923657518672,15:54:45,-1
59831537.44293544,83.3455780466173,16:12:45,-1
83368442.60168019,316.32044039171615,15:38:28,-1
49852603.88320409,111.4784820109708,16:01:51,-1
39983456.49851477,185.57565749770464,16:24:18,-1
12929545.651774691,41.04220540681061,15:59:44,-1
58051692.58303963,248.60432719787536,15:34:46,-1
20800431.267246027,243.7317660777553,15:42:04,-1
18797469.896693327,48.16824815328905,16:00:35,-1
44740158.57583982,138.79983269596656,15:39:21,-1
78614389.12151182,18.868040055245107,16:25:03,-1
1334226.244889063,281.71293804435817,16:03:52,-1
34735673.49402827,138.5833990274658,16:01:24,-1
24177166.7207198,194.11950919416813,15:36:45,-1
17394794.24782689,36.59790054849172,16:04:26,-1
65372381.21787188,244.38694713573904,16:04:36,-1
39030493.50225755,303.2123527867298,15:48:31,-1
35555791.677108794,296.8354611528198,16:23:03,-1
71812428.68482728,15.938523165667924,16:17:04,-1
51648026.26176168,73.74581124920655,16:15:32,-1
57007770.691250734,92.94380867338388,16:18:43,-1
34506317.19361036,273.4546672711064,16:12:23,-1
88280581.52409524,34.25971885069966,15:44:51,-1
54921188.76171276,160.5344079546678,16:18:04,-1
72594191.13748987,297.7883373407201,15:58:25,-1
59333475.67015643,104.49431079336878,16:09:39,-1
70837620.97962637,129.0483837511681,15:46:44,-1
40364089.228376,273.0910832700381,15:49:44,-1
58459152.38695844,84.36757418249837,15:25:37,-1
45909387.164463766,153.4946023185578,16:15:19,-1
39913308.38162939,196.3955988942897,15:48:14,-1
79117813.87104659,294.1246253661196,15:59:00,-1
15847397.80013534,172.11305221045816,16:03:06,-1
48048295.67001877,188.39022318748175,16:07:34,-1
8292170.874145324,65.36040493091413,15:26:06,-1
13920467.981782349,277.79466059372663,16:23:09,-1
25889890.47680277,80.63180118118453,15:44:52,-1
34384788.09226976,55.54580732911394,15:56:48,-1
51319465.61671791,157.38832718924405,15:28:15,-1
51072475.50289321,248.14093195649463,15:29:11,-1
60769898.039660685,296.03375320130334,16:02:57,-1
88880175.36275816,260.8973614909364,16:09:29,-1
22336434.49994537,246.9807926572692,16:13:46,-1
73117439.24003723,292.87617782996585,15:42:14,-1
77566374.43636355,217.81365802297128,16:11:05,-1
39294457.66522398,137.3216241583908,16:14:30,-1
10572807.278631458,318.4186517627796,15:27:22,-1
84287288.17133239,83.39621124772941,15:30:31,-1
77702738.89675792,182.10383044443503,15:38:55,-1
40704113.84795304,9.169089190161651,15:48:28,-1
22821084.268114112,190.11336437577245,16:22:04,-1
20926384.7692122,185.006296720658,15:43:09,-1
11262331.74030971,78.69778951259691,16:00:10,-1
57732756.33595461,303.1700655148409,15:52:44,-1
4430704.823476043,315.35997444735665,15:41:27,-1
34673150.86366479,317.43248156531394,15:47:40,-1
20455594.6630558,239.34079457281345,16:11:43,-1
59169928.03795326,1.2816413094197676,15:53:27,-1
48603201.17382676,173.36800833217148,15:49:55,-1
65996254.41614713,81.97391072183784,15:49:17,-1
31642608.22041659,177.61689947930373,16:15:32,-1
42424837.3045342,357.1651614387432,15:39:23,-1
49788216.44533494,351.1276388472494,15:50:54,-1
52496459.69063457,351.4714942238211,16:18:50,-1
39649406.81621575,187.0825721823564,15:54:41,-1
30625883.994071625,307.2384550894712,15:57:58,-1
67139855.88134672,225.55204694803152,15:35:39,-1
68794492.58537087,306.1282987542907,16:10:42,-1
4192840.935990548,177.8116238741755,16:14:14,-1
29265160.20497704,237.27192759418736,15:35:58,-1
769128.394139833,288.40908469854145,16:21:35,-1
73937097.79680066,333.75405436563824,16:20:12,-1
66684035.126191765,329.2145779349605,15:32:23,-1
38713721.67067752,300.0571298224642,15:54:40,-1
54162825.29931894,211.38054703890427,15:54:53,-1
46115962.65991534,91.32828235802212,16:01:59,-1
72752440.58193259,161.21335688891253,15:34:22,-1
46545705.250526674,268.3693802024436,15:51:04,-1
17565735.17341355,136.97092105226685,15:38:03,-1
20517564.922946263,79.40179576468745,15:34:18,-1
7320821.216119342,212.6698979687937,16:12:26,-1
39275323.67325735,162.02973716240592,15:35:13,-1
48932099.6784818,156.4172155129224,15:27:02,-1
63441854.30187112,63.711100908355306,16:00:57,-1
57423866.84835497,309.9879919113856,15:48:51,-1
66116972.60938584,314.0867016798387,16:22:05,-1
24068651.94700456,13.4946008245802,15:33:40,-1
22549555.75805056,39.30504589319143,15:58:26,-1
66893752.508261584,78.83741531700892,15:50:39,-1
51723984.5502683,55.31453459501228,15:59:03,-1
41451239.18781892,286.09629504725166,15:51:46,-1
81205959.6613614,67.10114582048578,16:04:29,-1
46568754.51490586,211.19844052021085,16:09:38,-1
17189363.15638257,86.03740744760707,16:22:40,-1
14717017.98430168,225.1575045030062,15:59:08,-1
39518921.92412656,276.732143356079,15:41:08,-1
23164596.331707515,68.09059517716402,16:03:14,-1
45743085.43886433,173.71255202844037,16:05:40,-1
36487483.77595746,303.68539773915165,15:28:19,-1
6583610.409273754,241.5063011257788,15:40:12,-1
2151315.9284577244,303.5604283114539,16:07:56,-1
9919298.712225374,115.64601419558775,15:29:37,-1
36111759.47921801,126.18648534935292,15:45:41,-1
86370786.98839459,238.3854974143741,16:04:45,-1
17515510.043068107,240.508429193468,16:19:08,-1
66780983.249517806,352.08423699613866,15:56:42,-1
58771946.09367853,118.50879785040098,15:32:24,-1
15922990.06030833,322.95902332699575,15:50:20,-1
50410928.14973198,278.669767215816,16:19:36,-1
33442900.51963975,248.30419970683585,15:42:48,-1
85060697.40148704,318.8279633273559,16:10:56,-1
11808478.35894532,247.2126040260998,16:11:11,-1
22435754.50192761,219.90073922178289,16:00:45,-1
23332168.857352067,93.42032257527376,15:46:34,-1
71240029.1001416,339.60720189070014,16:23:29,-1
11598638.319306685,106.03656880662362,16:07:39,-1
56100032.64271727,7.257581599638949,15:51:05,-1
42568882.39254774,297.16126261789253,15:53:30,-1
50744629.69580726,158.44143400097346,15:56:30,-1
12208480.777795058,239.4051920295442,16:02:14,-1
12464996.583212169,320.31975728833925,16:12:06,-1
22647300.43990882,149.65434411287345,16:19:02,-1
83788482.73030415,299.8071723323142,15:39:09,-1
70294096.03369184,215.20957223527915,15:28:39,-1
41670010.25191236,333.57364751049505,16:07:42,-1
53503187.67035128,343.9118703134036,16:03:43,-1
77728880.05243501,273.108162700785,16:08:39,-1
65494081.0130502,356.3938451143068,16:10:50,-1
65965646.70727698,159.97830202129057,15:44:52,-1
89870177.09058566,262.41487790965584,15:51:06,-1
41525119.375674345,359.5361424355803,15:31:01,-1
83655965.50078657,345.65940922899784,15:28:11,-1
77232777.43127497,295.9288562321595,15:34:03,-1
71886592.72843397,161.685010025354,16:09:36,-1
85440879.48925868,35.14649073887021,15:40:58,-1
40078057.75468832,351.67821629610864,15:39:00,-1
58590913.79439222,96.57823801817864,15:45:36,-1
70843693.65021977,306.86268020766033,16:00:39,-1
25418727.39659148,289.4876177483446,15:29:41,-1
35908966.115432195,153.34097075510695,15:53:00,-1
44230060.45937556,215.5843950605836,16:14:40,-1
85954667.27605727,347.4076998737683,16:18:09,-1
76603236.29341482,242.52207632418785,16:22:25,-1
4682076.068984425,163.18552485962934,16:01:17,-1
82492717.43858384,310.7595689746303,15:39:18,-1
43322764.47276408,267.94218759217455,15:50:35,-1
53829231.74729703,280.7968480508963,15:58:56,-1
18600598.132593755,264.42868706864203,16:20:43,-1
9142702.293630496,207.0656523001747,16:15:05,-1
82045537.89067912,99.32234075338904,16:10:05,-1
46711244.22087545,317.77793684054456,15:55:34,-1
22013710.129994635,34.42626799169818,15:42:00,-1
88534964.23336574,13.510306821370488,15:55:29,-1
71776915.00368562,183.58365880281303,16:23:11,-1
37198569.135394655,51.22096767402629,15:51:21,-1
17497138.420270856,172.69327310304018,15:45:10,-1
72472339.10118079,85.28041116317264,15:26:03,-1
37448933.91085293,123.10543772693036,16:01:18,-1
28403792.04024904,34.73603535981642,15:39:53,-1
61450475.33419724,308.6373234569433,16:23:48,-1
31906139.3544801,3.409091691897625,15:42:01,-1
65443951.77265836,130.9533675130565,16:12:51,-1
64870866.52003808,28.22922178113586,15:27:17,-1
84629458.92974599,122.74096419526477,16:03:38,-1
34198707.21723264,311.506616008615,15:42:23,-1
88272242.30336188,70.38978354747121,15:43:13,-1
17975328.692856193,213.23407669407544,15:56:08,-1
47286703.301781,76.62056876495609,16:20:47,-1
7072722.863609093,40.90226382003986,15:43:51,-1
4571008.86352154,124.92651347532876,15:55:50,-1
23897876.83355221,220.42867952803343,15:37:46,-1
35999523.29396228,139.21840899378049,16:03:22,-1
19362927.54375173,2.430363805967884,15:26:53,-1
4714037.634190075,140.83577342982696,16:08:50,-1
84553396.03830402,82.49588411384553,15:26:50,-1
38979558.01045496,49.728164918523554,15:47:27,-1
64189846.91371148,49.24009337726376,15:40:31,-1
20772705.10274014,127.00686731377206,15:47:29,-1
49450870.5965181,310.8648063386743,15:58:22,-1
21194023.04258265,256.5214811400085,15:58:19,-1
83074780.63892084,22.938057651665712,15:45:33,-1
84566159.421482,321.663986750211,15:35:21,-1
1330031.9385308544,288.86286539542954,15:32:35,-1
71178782.6428898,166.80147258704767,16:14:09,-1
78844777.75659972,222.7355737142269,15:37:17,-1
33344354.23803876,272.78020670118167,15:33:48,-1
52679389.85033668,207.72568085490116,15:58:41,-1
22218486.597682465,9.102811493334446,16:05:19,-1
89815036.78701049,4.273632360210451,16:25:02,-1
83984129.27134238,332.1877630324874,15:29:33,-1
28216181.53595589,336.830562948233,16:04:56,-1
41902894.63867967,194.76748815405176,16:03:34,-1
37425683.6304832,256.5175173012012,15:31:33,-1
89396893.94740742,268.66320621913525,15:49:56,-1
22722880.161154643,121.18003024693614,15:49:06,-1
21530165.705053043,71.10354945132846,16:21:16,-1
8568068.49022511,81.6136236099791,15:42:56,-1
5334478.207908918,128.6499440906406,15:46:27,-1
39883703.73869993,216.35886979652372,16:05:29,-1
16679894.538707996,281.45732208621484,16:20:22,-1
28015218.25205803,183.17875711516007,15:44:42,-1
29482948.86063856,62.93708893654673,16:05:58,-1
83076999.86759542,72.27394098159246,15:36:46,-1
40185332.93268943,349.7111822465888,15:57:02,-1
81983829.47139435,59.355408788056685,15:55:57,-1
88041322.15104648,57.454166379547154,16:16:21,-1
62958466.75512077,339.37267516746067,15:26:25,-1
7951651.229029856,310.10812937715104,16:00:04,-1
76890722.05202726,67.91847897599129,15:30:03,-1
55368510.42810506,313.905523801153,15:33:40,-1
27164968.531546164,276.4387675632792,15:33:49,-1
222061.93472881083,141.2653496390983,16:13:22,-1
75644172.59854256,248.1029984715578,16:05:25,-1
30894129.773404617,115.60815605919252,15:31:55,-1
73861925.28578274,296.9964099371889,16:06:55,-1
46543529.85598425,340.6647406958062,15:54:25,-1
48806809.93927783,355.83712795846327,15:46:03,-1
50325999.98115802,260.80683849463594,15:34:13,-1
21643489.489713646,199.59142106723456,16:06:50,-1
51776108.42620792,104.57944603572574,15:31:45,-1
13602685.122713313,113.08671394581894,15:33:54,-1
80061383.93752842,26.691158827916137,16:02:30,-1
50433790.94255795,207.06412811467783,16:16:39,-1
73173804.9776218,341.0673171789506,16:14:46,-1
30042497.079440024,52.33760949887412,15:57:24,-1
87064147.56718417,108.4212782051997,16:24:47,-1
67029413.792914666,351.46618291879474,16:19:38,-1
26774054.364605237,145.11796182037835,16:08:55,-1
86944403.48447163,80.88046697609308,16:21:41,-1
26141157.481856,142.1252889879995,15:34:29,-1
18285117.55480465,25.64110274382188,16:17:18,-1
18156404.24718681,226.44780575236487,16:05:36,-1
63227730.07333276,298.3693347393086,15:53:30,-1
19073106.088093765,359.0201787520307,15:58:17,-1
87702572.43470812,22.89500264881472,16:14:18,-1
53813932.81625402,122.3744049414591,15:57:59,-1
26900281.772577867,15.26729995475705,16:16:31,-1
50278294.87696225,70.66456412524575,16:09:57,-1
77310698.66031162,317.9262002244197,16:12:44,-1
57145797.77939721,60.8418761621881,15:55:31,-1
67774726.64283611,355.581227395488,16:00:55,-1
51287147.752622776,107.017720351587,15:51:46,-1
6892821.010383099,26.448831821688334,16:19:03,-1
86252374.20519197,332.7253193505217,15:41:58,-1
60710224.800724566,281.9095844285939,16:04:04,-1
15484667.176989095,263.9932323085085,15:53:04,-1
50109176.63873997,133.18380614874377,16:22:57,-1
3287367.5233619087,283.31594019102505,15:35:16,-1
89536651.14359432,357.9865054831146,16:05:28,-1
85073340.98062153,122.67046826227164,15:28:37,-1
27245596.33783745,38.20785944914847,15:27:29,-1
52321426.57992038,238.2275126660526,15:41:51,-1
32324233.132176265,115.71285500668996,16:19:28,-1
22078506.39111526,291.811050556744,16:11:12,-1
72201693.6946064,158.42404156437877,15:30:00,-1
21538357.358773947,275.4688981873689,15:52:59,-1
62627398.25057169,341.78342512949007,15:40:46,-1
69547442.94135945,59.4943093807329,15:41:29,-1
55608296.57795221,284.4831197449041,15:43:56,-1
82892124.21176215,351.2405137804588,15:50:36,-1
36301103.98217671,148.93960008918103,15:50:15,-1
83729698.60851686,119.7435485193689,16:17:38,-1
60857352.28082087,318.97129894147827,16:04:44,-1
11654329.90888154,226.1030308150192,15:29:45,-1
66412208.00286255,292.808936206179,15:35:24,-1
34901975.584506385,184.88399664470617,15:33:52,-1
60497413.310858175,226.68483418626508,15:37:31,-1
46911181.350834936,299.7740403286012,16:12:40,-1
85557779.92734797,87.40065780783651,16:22:39,-1
30732411.48585481,113.86156325839931,16:15:20,-1
37505325.99863352,281.963711554518,15:33:50,-1
32606863.949431702,30.89008223882852,15:32:21,-1
74335434.33192167,109.77277977969676,15:40:53,-1
85169103.85742846,357.8470992660678,15:52:23,-1
19051020.36389156,65.32909370397539,16:11:49,-1
73089649.27399275,146.64442650258556,16:09:39,-1
11462787.679711394,182.7227704704875,16:02:19,-1
76665992.44875658,85.29811359708063,15:39:32,-1
85924330.1034877,135.31899303723972,15:26:31,-1
68747863.50419866,105.33026569300834,15:57:21,-1
67977924.92070708,34.62968863164619,15:28:20,-1
15271792.85644926,124.41961538072611,16:04:20,-1
76518133.39331478,13.168580215405497,15:45:17,-1
87293745.81916708,94.6563268820852,15:34:46,-1
38292980.91496828,117.08118369149813,15:51:51,-1
84404208.86316246,300.4187388329087,16:14:10,-1
81125223.35968433,351.69975776159623,16:09:51,-1
15510176.007058593,341.25380611582784,15:52:00,-1
49380600.1821572,105.28269939476728,16:07:42,-1
78738145.92772007,296.88405380059567,16:03:33,-1
63288079.41112723,294.0803214928179,16:20:27,-1
6501348.913440187,352.39454797173386,15:31:12,-1
38555099.06699128,57.56362944156664,15:35:44,-1
20343500.51840856,2.2876615453658022,16:15:21,-1
39796405.91981957,178.94580126249423,15:40:25,-1
46111311.08412725,10.907019586401653,16:09:49,-1
49540558.79459194,335.1107792654289,16:19:03,-1
87436993.39820749,58.774063834275495,15:54:42,-1
32213931.61112144,62.906113120825744,16:22:47,-1
59728468.41389176,25.481052457944934,15:31:07,-1
57743869.79025727,46.09597173932003,15:47:26,-1
24563386.73218462,132.31745080814687,15:43:34,-1
44155742.08050324,29.25786882995596,15:25:54,-1
46385863.4236496,326.4940423315789,15:58:40,-1
39950404.10809141,74.286957615073,15:29:03,-1
78802479.74317546,146.48588558057023,15:35:21,-1
3914701.826924635,300.95406889402005,16:15:36,-1
50160346.483705126,65.53918287859221,16:08:55,-1
51568426.56942053,219.63186999158225,15:35:56,-1
88686845.90053597,59.36095789768592,16:19:45,-1
12720591.762200378,26.3833471133026,15:56:03,-1
60927176.82923208,11.311988948120996,16:03:38,-1
21760486.07300058,156.04784427511908,15:30:38,-1
27131033.09770671,160.31613958811778,16:16:15,-1
24471342.178395677,55.74012218538647,15:32:47,-1
28970977.64761634,253.53669319006744,16:23:30,-1
85838971.21327892,107.76263472778342,15:54:09,-1
48130833.55053018,310.9388387175725,15:47:37,-1
57991040.93009905,139.35473999107273,16:19:49,-1
64374934.49301376,36.74483578938309,16:12:08,-1
15245735.46824482,191.89505312619707,15:25:46,-1
38443682.85487912,351.56424154814067,16:23:58,-1
3669000.8164226473,308.7385235177288,15:54:00,-1
32234540.0644538,215.94084359030344,15:47:35,-1
51740985.15154075,274.0125681785184,15:36:17,-1
58606903.430215,247.58201344218585,16:21:28,-1
40389871.16430888,128.69261158577822,15:58:54,-1
34112582.44994674,60.18309834018506,16:23:47,-1
74261522.08194864,73.61488888311436,15:51:32,-1
23432897.45437966,103.66622378586,16:19:23,-1
21048637.487307888,235.85198015851648,15:44:33,-1
64768468.322006285,275.2301438473892,16:13:55,-1
17600732.0474888,114.84898232191895,15:34:10,-1
88575803.33082697,41.211899799889714,15:29:34,-1
4620224.2419975,315.22935246712666,15:46:34,-1
69229101.64998838,72.69540928925123,16:24:50,-1
58556145.44354589,333.32949773710897,15:35:55,-1
23281659.71914673,186.57227732964395,15:50:29,-1
40125063.42826824,341.1045644370865,16:21:34,-1
7241264.9463906,353.3747575629509,16:19:26,-1
42285496.51493555,251.32129213059844,15:29:06,-1
11313994.62689058,123.0066825565634,15:39:49,-1
38329689.43745442,228.87126920971855,15:39:33,-1
15796435.329754071,175.9633197862799,16:19:15,-1
56725975.37473232,231.51115798227576,16:01:11,-1
70320909.51486343,65.20958465758852,15:38:04,-1
49571767.777675234,121.19345865737492,15:46:26,-1
65741870.67864081,289.14080500666216,15:27:32,-1
20923084.97145809,152.24552784807804,16:16:38,-1
28679228.847519875,330.33245183393217,15:45:03,-1
70710411.63324195,282.674238294614,15:36:11,-1
8100703.461215838,318.5411068814418,15:50:55,-1
57711812.18302418,238.49025454607943,15:45:39,-1
3232554.522523714,132.4944089281809,15:43:02,-1
48787252.789689705,119.56618873728056,16:09:12,-1
9965835.41992429,159.8100754664931,16:14:13,-1
12818161.671649149,37.597995316622026,16:19:32,-1
18163064.01534411,181.44214549670377,15:40:34,-1
71458588.55545312,284.6114599498265,16:19:16,-1
26098271.612266187,357.8217209093607,16:12:04,-1
43413068.107620746,294.2092256177671,16:19:18,-1
78301380.35224612,284.9878979734194,15:32:17,-1
17122561.930501655,333.4204511598196,15:50:20,-1
60358829.17160465,232.58599658780696,15:41:22,-1
45349024.827072255,105.87923450691147,16:22:24,-1
50361614.656341486,182.7949402527011,16:17:18,-1
42296299.53761289,219.18983354641315,16:09:06,-1
21163986.723690823,301.69162076663946,15:32:00,-1
85290161.95526245,338.9333097444051,15:48:44,-1
75066593.82174721,270.7554026085668,16:09:49,-1
49791153.02125916,352.03825220664004,15:49:11,-1
12968831.296209607,57.199741013910256,16:02:57,-1
50695062.98757797,81.76850420105933,16:20:36,-1
26542918.130219918,210.54255862769844,16:11:08,-1
12793543.11538753,306.6385922739184,16:17:34,-1
81011518.79434681,242.5112656760761,16:25:12,-1
15850190.999064362,6.240959075509882,16:09:21,-1
4126618.825476984,40.77072994504168,16:03:48,-1
82559079.12223588,48.832516027022514,16:02:32,-1
86845605.34360759,322.3441611419883,16:16:18,-1
49895767.46430392,244.61170781861196,16:14:37,-1
30676550.204096004,91.24134738463437,16:23:39,-1
42633251.08942639,338.5689676218212,16:22:58,-1
26372902.736954167,315.8387170419811,16:20:57,-1
11925386.706717402,291.2117991529685,15:50:40,-1
46672787.70030745,214.80772949517083,15:55:59,-1
27903833.32317938,63.988269923457,15:40:23,-1
45532076.90476356,95.66545820026934,15:39:39,-1
69013655.52804384,205.5002897004765,16:19:53,-1
15696686.84938695,156.17059998728828,16:23:17,-1
74323427.07558364,185.74573072439316,16:25:19,-1
13561380.830604248,43.182646371849046,16:19:44,-1
27967022.214786027,46.34458543112471,16:12:47,-1
36398157.79389817,251.89173887801516,16:18:32,-1
81063545.37428229,146.9165527085171,15:26:27,-1
5668216.187062442,101.04658343670876,16:23:57,-1
40658997.78655668,21.19351461735872,15:28:25,-1
20863834.18799405,190.88225253298444,16:08:40,-1
39831393.76038608,136.48591088844262,15:51:47,-1
82670515.50241661,41.06318575351024,15:53:17,-1
58639891.29706778,37.0503653441628,16:14:12,-1
58293478.98445162,88.81450393770496,16:15:33,-1
1619207.566144099,258.8232143906479,16:21:54,-1
9752760.16641061,314.7992534745204,16:24:56,-1
46600055.23564009,146.65429133213345,15:50:42,-1
42929782.913958445,332.79043904048024,15:41:09,-1
51101704.21954229,28.339207839195176,15:31:06,-1
8926103.318948526,30.061027711018173,15:49:16,-1
49817224.00013617,99.4289002849377,15:50:33,-1
14447300.195306106,356.6214383586536,15:30:14,-1
49179329.476425245,214.8617084950545,15:50:23,-1
70558145.39801423,164.11200659741525,16:02:52,-1
20466822.835044328,91.30408047843198,15:36:35,-1
85986173.76075679,16.224290963812933,15:50:58,-1
68604508.39728497,353.0297901653553,15:36:38,-1
8160892.019467117,307.486324968237,15:47:47,-1
76932355.54686075,123.61042305149456,15:26:15,-1
59462448.08417509,176.45307550786367,15:38:44,-1
51286832.61517429,162.78507455755366,16:01:33,-1
50688091.55300459,212.17221934369147,15:59:02,-1
85333441.45505847,177.22287280701906,16:13:18,-1
40489058.660118274,178.63040014238152,15:52:06,-1
22052140.41533234,25.19627773994464,16:10:31,-1
29175580.61164926,203.6444766462997,15:39:01,-1
42754664.099329926,228.85527684019988,16:08:04,-1
38217039.753565885,297.99004508994466,16:16:05,-1
83243333.27274127,193.67243848681383,16:07:16,-1
23209392.28504196,77.03334202678987,15:47:24,-1
75507555.07243045,328.8208160789246,16:17:07,-1
88986225.52754292,349.4125823260435,16:23:20,-1
6417613.267979056,52.68690017501056,15:25:52,-1
76776202.62357983,183.15104773923423,16:02:43,-1
78668072.73333341,220.16452109941844,15:50:02,-1
2387113.5087616784,96.86087531462992,15:37:14,-1
89204455.49916257,13.792970930561175,16:04:23,-1
81375746.42141952,196.41234479960767,16:25:08,-1
60679209.46269156,22.91692711299686,16:23:37,-1
64091356.70629897,66.25522190113402,15:43:14,-1
59881929.52439003,230.42810824218276,16:08:28,-1
73420329.07349367,219.23008712742788,16:00:28,-1
19955949.11635908,220.9359561111864,16:00:33,-1
5536528.194493159,198.55154860607544,16:05:17,-1
806193.6511350076,307.2427113533983,15:38:47,-1
35080744.35010415,161.53225835763735,16:04:51,-1
44117121.39469679,338.117477085012,15:29:21,-1
44137182.32462592,172.47553996022023,15:28:34,-1
17429863.39947,25.05000721252849,15:40:59,-1
20990767.668189805,250.55559063192504,15:58:09,-1
23181112.04552122,113.15492597294484,15:47:06,-1
37713708.2786977,21.529640454004824,15:28:19,-1
52899846.958048366,175.9513426580981,15:46:17,-1
77796531.04194738,345.51772067572927,16:15:53,-1
39981950.16551047,289.7786870017106,15:44:20,-1
54113876.00121968,336.8176051552149,16:06:36,-1
39802280.42469035,212.8317861405944,15:59:55,-1
9509805.524266511,280.77609255075936,15:59:57,-1
89098342.3447594,136.03286099142176,16:10:21,-1
85881176.43175283,331.44030513676773,15:43:15,-1
13140696.08843886,288.09222325602013,15:35:48,-1
35517371.220657736,83.87223376525957,15:45:03,-1
70823819.76765452,210.3617016989436,16:05:55,-1
77181303.53585397,106.51591494236912,16:23:43,-1
5295596.4974376,72.9607897858528,15:58:58,-1
2028693.607903876,186.9953132142508,16:16:53,-1
4617307.674610031,269.4285619593559,15:27:59,-1
74153081.17836621,95.5690903200326,16:11:43,-1
59007701.15965481,86.2880047119447,16:20:40,-1
68416010.40500182,65.87510402216184,16:13:21,-1
27009535.034373887,254.410185369161,15:28:48,-1
21852726.532645315,300.697387958939,15:46:09,-1
63761712.25748063,322.1525200117845,15:49:26,-1
29544357.73499016,301.2859742359675,15:52:33,-1
85345030.8004248,84.71953088588515,16:14:20,-1
38073441.32436528,165.30607429373003,15:51:08,-1
81840349.51435542,155.14595222228104,15:49:20,-1
27767315.19200905,149.1028186830199,16:11:00,-1
35402610.25226051,39.05582442508714,15:26:54,-1
85817199.33803809,188.27016256657527,16:04:23,-1
202911.93631589372,314.9891990939691,15:54:39,-1
17495052.56608635,93.14614844085176,15:49:42,-1
82055601.8377897,136.6313974860539,15:40:07,-1
32605376.33986819,225.40444553615237,16:24:02,-1
70301461.74809295,237.33816355665704,15:45:24,-1
7162460.639912363,117.13759963263324,15:31:30,-1
30044581.205493603,332.92946541077964,16:23:53,-1
28904688.845468286,70.2925153149218,15:58:58,-1
2522558.864143364,239.99356533961267,15:31:31,-1
55460308.833361104,215.218434188176,16:16:27,-1
4858592.169727222,155.50595533316516,15:53:26,-1
87646902.66118143,127.20261197434124,16:22:17,-1
41687218.46722262,162.22831886258757,16:01:27,-1
15471726.182481378,239.58142059606357,16:01:37,-1
58117012.94258399,212.1370538126752,15:40:49,-1
20467049.639663316,313.4588671757432,15:33:02,-1
67745886.80701768,65.91490162788915,15:29:56,-1
16135009.51490388,57.08068503882735,16:08:22,-1
72751172.26894152,172.0747401793827,15:27:20,-1
13750754.615640614,36.86338875476487,15:54:33,-1
29401817.95082912,92.63568342966818,16:19:04,-1
29582926.361122645,180.33468050249763,15:33:34,-1
30519976.66746806,44.23803445880769,15:47:29,-1
18770177.448932663,169.9241486195684,15:40:11,-1
15165666.432872243,122.29639624182582,15:56:31,-1
89761970.10333467,79.61441144295182,15:51:12,-1
19777698.018519185,162.63501828369922,15:38:31,-1
86921915.2308348,145.55789935128362,16:02:36,-1
30685711.7785046,290.6173938590233,15:45:05,-1
19155919.20384935,64.06502706127557,15:56:38,-1
88283815.12144418,279.09050363045606,15:33:33,-1
791071.3158460207,11.690803971883073,16:06:03,-1
70301542.33257763,325.9843160854474,15:57:38,-1
33891725.058802456,131.55731527596123,16:09:45,-1
3004192.267332713,68.05837476539338,16:16:12,-1
5868519.456871507,325.5119998486163,16:19:02,-1
52244437.40642465,192.7900816320078,15:35:22,-1
26393545.87777895,1.5202991407875863,16:19:11,-1
16204126.934703607,149.26860208168347,15:46:14,-1
53927416.58857861,348.1895409600982,16:05:30,-1
29946831.228051107,30.30057087684609,15:45:03,-1
43780197.36898729,25.878604728388837,16:07:10,-1
5122626.756045189,33.65404980928743,15:51:49,-1
88750947.63629143,118.04689681121611,16:06:21,-1
60856119.18764646,148.42571438504854,16:00:07,-1
30753262.41319081,117.7839952416172,15:28:37,-1
31744095.019061364,155.80955713781967,16:04:31,-1
10643894.849237563,145.4538967562669,15:43:50,-1
57113737.79590835,229.81316718276477,15:42:46,-1
84501127.97298798,87.76304873463015,15:34:15,-1
89726531.72603095,145.63677374204337,16:13:01,-1
70613331.0499704,158.64562313221754,16:12:35,-1
23715349.840322524,225.28621212121112,15:43:59,-1
71888860.75788206,256.82537767098654,16:13:38,-1
72178050.41463149,318.9260016691836,16:10:24,-1
70935503.70278692,111.77383534250664,16:21:59,-1
75899384.25159551,146.01412787528588,16:01:12,-1
60676647.0707714,95.23993494920724,15:45:51,-1
2638113.055290588,172.9143337473437,16:10:17,-1
35559720.077736095,137.75040576927074,16:14:56,-1
72041242.60100797,74.13058686072328,16:25:21,-1
74911634.22992459,289.0348216207505,16:21:29,-1
32867229.71311344,242.57431849551625,15:36:19,-1
32228536.808013715,283.6354653405867,15:36:25,-1
8573741.595197957,56.400252608994585,16:04:42,-1
85866679.23890574,252.05082948620657,16:25:08,-1
79582726.89779896,121.64480794232868,16:03:44,-1
62336463.74352017,356.6787104389728,16:24:48,-1
38799123.457011655,191.21526228950484,16:16:00,-1
29320729.346036453,186.9095188001915,15:42:07,-1
52146121.192496456,244.930253539981,15:41:52,-1
18696530.56227785,220.07448126345056,16:21:44,-1
36373080.787040986,307.21888033735326,15:30:27,-1
27809297.099438824,141.3531562596637,15:44:48,-1
37903719.75474749,312.2369047449256,15:40:32,-1
74603163.3770106,70.77705201708193,16:24:35,-1
71657541.3458337,348.90089487776964,16:08:04,-1
59115391.12876444,0.3730396337932529,16:08:30,-1
11461678.477507362,347.8519610137039,15:27:37,-1
50923318.08707903,212.352574435213,16:24:19,-1
58092705.89180142,49.65364465967835,15:31:07,-1
13177802.049634382,179.2759046392081,15:54:38,-1
83907430.69366701,274.259609648033,16:10:55,-1
43200524.337916896,316.84305653112773,16:14:34,-1
52722954.13925594,255.87757090971172,16:06:47,-1
74753707.33146597,228.382734498062,16:20:22,-1
33332960.558134176,211.38867454767225,16:09:04,-1
23883120.448414527,345.6166320908745,15:44:27,-1
44475241.29427053,206.10663449943596,15:59:11,-1
14998561.14156226,79.53440046209654,15:49:49,-1
46096968.62327623,0.1532167982871657,15:45:46,-1
21466738.245071266,226.84921513155345,15:30:50,-1
25454146.919891827,113.56454160807871,15:32:41,-1
65014956.60730616,226.32623008008,16:19:30,-1
46861924.36208584,47.97919635457593,15:41:49,-1
51918340.5129988,129.06691754962162,15:33:53,-1
10423981.341335677,334.61273068545523,15:54:23,-1
52362453.50026156,103.77182552081037,16:11:57,-1
34962591.62711302,190.45412341839184,16:25:22,-1
38082510.80082732,36.75007005905515,16:19:04,-1
81130113.61375183,169.71448565101988,15:39:30,-1
23465943.601756983,351.33841529040177,15:57:48,-1
32100597.261846203,139.92863352612446,16:12:27,-1
9267676.813725352,102.07079792291256,15:54:03,-1
45203427.801783904,235.41563778212952,15:57:33,-1
30594309.410734106,160.08460157470188,15:51:23,-1
79403306.583403,351.39503953512764,15:26:41,-1
57145892.82538653,255.8345921899472,15:31:12,-1
2059881.24776672,272.40873442456547,15:54:28,-1
52226662.56456255,188.6118621172328,16:24:00,-1
85232787.47560284,157.63911589933693,16:21:21,-1
75314468.36386387,338.8462034308702,15:58:01,-1
78282647.28983755,189.01805690945477,16:19:15,-1
50639188.10486769,99.71403121071774,16:10:41,-1
82239853.60395122,79.90664322758741,15:38:08,-1
45024100.47754554,3.29612858964794,16:13:08,-1
62925967.80819285,23.75490861670102,16:13:28,-1
25285468.75155316,104.68697442397496,15:39:24,-1
42756752.77869358,302.72006088822485,16:11:04,-1
15183621.883142134,68.29016895966852,15:41:50,-1
41429722.87129174,20.10014098462016,16:13:05,-1
73740322.61654717,126.36450716114426,15:46:26,-1
48115056.25947796,115.93605182696508,15:43:52,-1
8937165.006515566,299.46281504656645,15:33:17,-1
37622409.66886777,224.4448762038689,15:43:55,-1
2275059.369107966,340.99970074099383,15:30:19,-1
62305081.86634341,248.21615660364984,16:07:54,-1
58480489.86471611,77.7192934818041,15:44:01,-1
75372678.38469037,309.19416447893803,16:09:22,-1
29373742.54237908,33.267134212765654,15:49:31,-1
15538442.16850397,307.279596584819,15:43:49,-1
33917609.23182613,72.34239592895784,15:52:33,-1
61070100.182304256,23.07684234783438,16:16:54,-1
69374894.65609218,132.8964922299323,16:03:21,-1
61103677.12960252,324.92684029572195,15:36:25,-1
1293725.8208625882,238.7389009757329,15:32:10,-1
9901953.242990203,323.59791035579224,16:00:15,-1
69066117.33535795,233.01943684816197,15:51:22,-1
78176405.35918471,84.17776639978918,15:37:49,-1
58441981.71626878,70.30668223720141,16:10:16,-1
57225938.82770743,272.11175706937047,15:41:14,-1
68164027.82231523,258.66319699396746,15:39:44,-1
40319221.36124896,104.91898091498712,16:17:11,-1
296220.7790981576,71.16476931388306,16:19:36,-1
68265585.69182138,144.27672524964788,16:11:24,-1
10975970.172249014,19.054255827932923,15:30:26,-1
56908869.637429215,84.85171025256061,15:54:49,-1
59598208.41831373,352.2744334108564,15:45:15,-1
6892963.593920061,166.24794227337316,15:44:36,-1
63557289.47250377,240.1061872443623,15:42:12,-1
53865909.56393332,194.3019225781644,15:29:19,-1
11251219.77879998,174.53916946722697,16:07:36,-1
53106887.40006575,183.47841466293028,16:22:52,-1
677209.6686780156,134.32109160702416,15:52:51,-1
20281197.345151883,272.08309477175635,15:32:11,-1
89982910.3912707,35.89343225017974,15:32:18,-1
55671422.061269015,328.4729517839816,15:30:50,-1
60039415.40599352,134.91449972717976,15:53:01,-1
15392341.668240648,56.21427380266698,15:35:24,-1
74174446.4488524,358.3211366665528,16:15:49,-1
46768245.76181378,296.3412221977623,16:12:20,-1
70704137.8503451,3.3019809728342864,15:36:44,-1
80849894.89892836,264.7869319625332,15:56:08,-1
69268080.77301976,183.52950640360075,16:22:42,-1
52903846.59571447,52.26212554920608,15:59:42,-1
65805753.86184615,233.11085410023475,16:14:30,-1
34963401.65239488,222.75429937329008,16:12:01,-1
56923568.40581399,34.78976776017617,16:08:59,-1
50467962.92313014,87.96141269024054,16:16:21,-1
82585362.43579005,290.24010257386107,16:00:50,-1
28827499.71883651,323.9294007158206,15:55:27,-1
44271692.78723583,164.3752459424358,15:44:57,-1
19563055.778656,146.92771831086338,15:29:03,-1
3982678.240733504,37.89253674540372,15:51:03,-1
58557551.61437984,140.87415043776116,15:50:55,-1
50262494.3774918,230.9650660046523,16:01:40,-1
6005176.527166016,71.70794571714035,16:19:22,-1
16453128.598397035,319.3081322742965,16:01:07,-1
22190944.72586464,172.66947322605736,15:51:02,-1
23467340.494365584,302.8214692682501,16:15:57,-1
51438915.6775804,226.9441760081077,15:43:26,-1
72235886.73390311,160.58154039999815,15:32:20,-1
57249001.15582682,321.37405048035055,16:13:50,-1
25757888.00771057,101.81225990103168,15:38:08,-1
53801765.91253905,2.37531943345354,15:58:15,-1
50410232.804900125,6.787547145337896,15:42:14,-1
75562572.00522088,208.1521266638865,15:49:18,-1
13492979.631474236,141.737380448916,16:06:55,-1
76189668.86002623,293.17454106300545,16:00:15,-1
89844301.67661065,259.3401222182343,16:24:33,-1
31004941.69237145,224.62208106863068,16:02:16,-1
39798940.8630712,9.28636910263114,16:24:59,-1
79885184.20553517,11.46710367499901,15:38:22,-1
4068586.719871216,95.28754896087888,16:05:40,-1
75886982.93359376,264.958664928592,15:41:45,-1
9090099.200872866,324.55456591995363,16:07:32,-1
54709425.75592703,151.7086041911393,16:13:38,-1
84972780.60426547,201.49582942005796,15:48:12,-1
44991760.69353384,40.218657521138304,15:29:27,-1
86559604.3267903,1.134814004889888,16:18:25,-1
3270994.284766464,317.8951684621628,15:54:46,-1
87554955.65971152,352.55686834283193,16:22:56,-1
57554122.632763445,83.22815196496761,15:39:36,-1
11331807.16130114,211.4553572311632,16:08:44,-1
24957385.359298345,178.74610209114147,15:49:01,-1
72350445.02182482,72.31880879630567,15:41:48,-1
30790377.115219872,322.2153151179233,15:39:23,-1
83234618.47126688,193.3808524437944,16:01:56,-1
60986326.86377916,3.299039054561015,15:55:19,-1
44574959.352135055,77.10205782414795,15:57:25,-1
31570435.765081104,197.51671905620765,15:27:54,-1
72542565.29927762,309.3749611437383,16:01:42,-1
60410229.74314284,331.19364254168084,15:32:51,-1
83365834.47963725,307.39047508547475,16:11:57,-1
50972168.77317843,188.42759725271347,15:59:45,-1
83964478.463252,160.24372653278297,15:26:05,-1
56122913.56135491,335.9495574967496,16:12:42,-1
71809276.6885613,274.9826451889255,15:55:49,-1
43815283.05550939,214.1204397465793,15:58:12,-1
80972919.62653704,244.5538791416444,16:22:27,-1
85966714.91897263,90.38315340035088,15:53:10,-1
74813136.29584904,36.585088451178606,16:18:13,-1
74593024.21158789,353.8478783385436,15:42:15,-1
7891824.840703638,20.34905102970924,15:27:18,-1
50170275.33883756,126.48886868001576,15:29:13,-1
54412741.09139914,189.34612393936348,16:00:33,-1
60889005.40186383,341.2673472698082,15:38:58,-1
1995175.2347923184,98.15395127827148,16:07:34,-1
88383807.37046607,245.48674810546632,15:40:31,-1
23679745.427922208,339.7743385199909,16:10:21,-1
19465103.310055267,203.3994009695035,16:19:37,-1
57325251.79886031,221.00165804230707,15:45:38,-1
39135123.14637728,152.09047744442125,16:22:27,-1
21537237.06051924,48.70844938178665,16:17:59,-1
34940442.25886055,111.69418311155636,15:53:07,-1
6733429.249870423,258.8289968558869,16:17:55,-1
17958136.572476864,35.46748353926968,15:46:16,-1
41058207.59167898,215.95376016350852,16:05:53,-1
84709119.90270968,5.582234187073931,16:24:23,-1
12404093.773566503,281.3251846815987,15:59:38,-1
63016260.7680038,15.610749328600155,16:02:39,-1
36100668.026947685,359.30266441481075,16:03:44,-1
16823047.5389973,147.76182281401515,15:56:13,-1
62176845.08562789,15.13911628230776,16:17:33,-1
72865253.39021984,39.53266212018783,15:34:44,-1
37017071.528252095,271.4261992377193,15:46:43,-1
18284503.609011725,205.7196158311363,15:29:02,-1
54755957.60246743,9.01989002769092,15:56:49,-1
78115058.41515547,15.587145101760962,16:18:58,-1
35208696.46281216,123.50945744701308,15:39:38,-1
83879699.0582172,354.1252338052687,15:51:00,-1
30883899.517491005,7.111388227683864,15:26:36,-1
88397622.34894134,349.1010967968149,15:32:34,-1
4705650.129496229,97.8341167951739,15:42:28,-1
68826859.17397052,79.2707879398768,16:19:23,-1
6681789.020491706,53.42898690417616,16:15:51,-1
72837282.24169505,133.58931237143395,16:00:03,-1
74946978.84882657,107.83925347207128,15:43:17,-1
41121473.041681446,213.2615476055398,15:58:41,-1
77468503.72951315,88.18990820367296,15:28:06,-1
27546395.99030484,228.23310688280472,15:54:05,-1
39196900.55654848,305.8177399359495,16:16:55,-1
88289392.45000231,122.32626248223464,15:42:06,-1
7693453.346521844,344.3516905487924,15:48:22,-1
40488608.24341064,139.70469705404,15:39:27,-1
15222836.39831293,84.047870724688,15:36:07,-1
25992682.61288359,246.77218784558303,15:37:12,-1
4041889.246976912,52.30166005072015,15:40:12,-1
32067469.768347885,0.5170881649586034,16:07:51,-1
55101763.3772808,131.53928642457018,15:48:46,-1
76854936.59065446,65.78667272868644,15:40:09,-1
61608702.50773506,308.5191737471192,16:24:09,-1
79937701.61215107,192.48591872623285,15:45:10,-1
75595417.30819653,227.92131998943765,15:56:21,-1
12007202.904829504,127.31751912766688,16:09:23,-1
60529506.293173045,328.39508142598714,16:08:59,-1
9701301.58704913,309.0909087598091,15:41:29,-1
84479611.20876884,169.7261702187621,15:32:03,-1
42658485.1241386,243.27959279625915,15:25:54,-1
5014560.272379497,328.7001608873224,15:57:57,-1
52923668.11139049,36.85473873947623,15:59:44,-1
38420225.56598127,29.878155839370024,15:47:39,-1
12878797.053262653,206.5462586137906,16:23:34,-1
39428770.97799237,270.6713491541457,15:43:52,-1
407639.2150741609,133.81273864751176,16:19:45,-1
2544651.089702742,44.6835034652586,15:39:32,-1
28871773.89722333,292.4581861732966,16:05:21,-1
89290815.94286087,51.35058703361527,16:07:02,-1
55920945.52601005,343.29366662658083,15:44:30,-1
79035934.95688277,183.61231799155397,15:55:29,-1
35017283.52379271,340.82519646284425,16:03:59,-1
88668145.15617818,10.800783212428362,15:44:45,-1
66394854.95774645,255.9292434539932,15:42:04,-1
4674810.104821993,201.32904532177105,16:00:10,-1
17425742.541253697,218.14571109797572,15:53:58,-1
72363317.71878025,129.10345062586828,15:36:47,-1
56264764.315914415,46.02402484177827,15:30:01,-1
49812112.99280024,228.5135488267973,15:52:23,-1
3226329.241364163,102.64903928097608,15:25:36,-1
67526434.79268016,348.79401102167583,16:19:47,-1
4024040.999433157,274.3180948048942,16:12:47,-1
53921916.62735854,270.633138272105,15:27:01,-1
25083021.382261727,185.0108795638884,16:20:50,-1
72145763.3436343,135.44302530644524,16:03:23,-1
52719200.77338699,17.26192004188061,15:49:07,-1
46316442.99033645,59.53387231889472,16:07:29,-1
39512114.86102258,77.92035241831329,16:15:41,-1
79531842.96738946,65.38171101155234,15:56:16,-1
70337218.36464797,281.8382354355482,16:09:09,-1
27780097.54800301,161.06038981757325,15:29:48,-1
77470334.24214408,90.20273626044434,15:47:30,-1
22699605.79829978,83.03379842776202,15:48:34,-1
76390079.55121101,307.4652397845155,15:42:52,-1
88166762.05905233,85.46422810206418,16:14:42,-1
73971136.5507704,221.22233365211665,15:49:57,-1
40230632.40922226,114.23108647955137,16:12:56,-1
80998756.17513174,163.10749926702684,16:14:55,-1
60608815.34794846,80.80207444849698,16:05:21,-1
32533188.63630922,241.5487375994293,15:31:52,-1
71221335.34351714,254.668530492332,15:52:05,-1
33808430.295184165,341.37740836861764,16:09:12,-1
10194390.673714817,232.74292153184308,15:59:17,-1
56984285.00408186,238.10543979664692,15:40:07,-1
29105355.897957016,94.92933532574963,15:58:36,-1
69097724.36092575,56.17923437289703,16:01:18,-1
23143837.91482772,49.594154898828926,15:49:57,-1
67012082.00935019,304.9823718763269,15:42:37,-1
45217676.80128817,334.6075501405733,16:14:53,-1
52218671.00430647,343.639898932669,15:26:26,-1
5927509.538777418,27.102077831277235,15:47:56,-1
87824780.24428806,175.04537827502298,16:22:18,-1
1312259.837492874,167.82587079055864,15:26:10,-1
49428732.45426376,123.17770214822733,16:15:35,-1
18956615.0072557,338.90745099290467,15:28:11,-1
54777244.648521386,55.37756993943872,15:30:42,-1
43070378.641875066,252.69148752186572,15:41:22,-1
13799147.424458314,341.7649706267416,16:02:06,-1
20077591.176123507,240.69638569834464,15:53:41,-1
65306680.08939356,272.14364935019273,15:35:41,-1
86230837.37926064,317.45877025713264,16:00:52,-1
58736857.2807801,112.55818811001744,15:26:55,-1
40077071.08486264,50.58240562087784,16:01:22,-1
3650805.729978669,240.1936395654285,16:20:45,-1
1147368.5704782985,53.40363953777599,15:59:34,-1
9437931.704011152,68.4218385457639,16:19:34,-1
48995778.65266053,36.85389986606325,15:25:55,-1
37244136.05077952,127.67599760956804,16:08:04,-1
84435583.17007793,106.18201384472644,15:58:59,-1
89181117.86339846,131.63717476933843,16:22:25,-1
89899504.90792036,87.11338326010245,15:58:46,-1
41155568.727210194,123.65236009718552,15:59:52,-1
74013216.17096992,209.6961497901215,15:57:23,-1
72982423.80831757,30.50290519296313,15:55:39,-1
89113100.83992554,109.51427247471024,15:31:51,-1
53295502.72051636,286.93755586317565,15:33:13,-1
17746462.581013523,43.53267731490865,15:42:04,-1
39331558.808105886,333.6810393874508,16:18:50,-1
65551594.71069254,39.18624169869522,15:31:48,-1
62409760.77184813,2.758351017263019,15:42:18,-1
74532401.50465564,39.96498604185111,15:29:46,-1
22456868.944457438,109.20096434218064,15:36:11,-1
52989223.2080192,233.4336241187046,15:41:29,-1
54211867.82384691,77.88474961571694,15:36:47,-1
80907375.8337447,291.51585572099214,16:22:47,-1
46332237.91058267,36.31228593372462,15:47:56,-1
13558803.109528411,154.00446332880747,15:33:36,-1
83528104.27517173,357.8459992605567,16:23:12,-1
52028564.52559521,87.08792718515923,15:50:47,-1
58475276.4714251,81.58696321448345,16:13:06,-1
87196535.16398835,353.6247589668605,15:59:23,-1
8283262.690926852,274.14433173693413,15:51:05,-1
20883129.12394313,259.90507542451223,16:05:39,-1
80651110.9782374,35.90985140373683,15:30:06,-1
23740846.48229853,141.18341728957486,16:18:43,-1
28844867.10505477,316.46053374698744,15:51:24,-1
33236284.503059763,326.813199333137,15:59:06,-1
88760914.14843373,154.8084719884884,16:16:02,-1
36204089.46311214,268.229921850138,15:59:54,-1
89061372.38335866,305.5319525105333,15:57:32,-1
54923591.75996172,235.31173567118392,16:08:30,-1
89545518.89933805,175.304586184494,15:59:20,-1
55929259.952281736,130.12175093800704,15:55:40,-1
71474100.91895787,129.8981369361299,15:26:32,-1
33872698.884763084,350.7577223734532,15:54:45,-1
25339117.380529277,286.48475668970485,16:16:39,-1
57474779.99018721,114.4499160128384,16:10:41,-1
51411870.38583359,228.0886853588472,16:00:17,-1
23904139.288664445,276.6408350561017,16:09:54,-1
78890055.28406098,152.8957794904816,15:45:46,-1
22139385.579460103,45.18858656847594,16:04:51,-1
11404003.492207272,291.16492109285065,15:53:14,-1
79319279.43423116,291.3703976509675,16:10:27,-1
44167494.05804883,108.02556192635232,15:44:42,-1
60331586.498650655,51.32020266443255,15:57:03,-1
37414795.06197413,213.4379693687491,16:21:40,-1
2114029.2466257964,351.3697952113384,16:07:18,-1
88007940.43362054,258.1838839492062,15:56:55,-1
32135664.0025315,50.3039528091121,16:22:52,-1
53907250.58950934,133.9783781655474,15:54:46,-1
66705361.40016733,40.24604576869463,15:40:12,-1
47989396.76772503,112.20595082504224,15:54:04,-1
39699677.46311598,217.05438215452463,15:40:51,-1
55195130.087578855,95.85405871719752,16:23:20,-1
43343128.07969482,202.56885704745457,15:35:57,-1
55756756.69375277,171.60037465292154,15:34:06,-1
12755476.08884393,204.4280142709933,16:00:40,-1
57485050.89733823,231.70487940649411,16:08:14,-1
33997125.87640611,5.614236991162662,16:23:41,-1
18281650.671752773,144.97118726773945,15:52:20,-1
81513279.57494433,31.22567625251751,16:19:25,-1
14915937.168708146,218.7769493896853,16:24:37,-1
65091656.95024308,102.03709286291016,15:45:05,-1
77580324.56431204,0.2722101258147313,16:23:35,-1
41443898.96991193,44.25759736185515,16:15:43,-1
32487152.873763826,51.06132370079051,15:31:09,-1
52380255.78198056,98.42562272557252,15:27:46,-1
1335041.4148779688,3.18154999422366,16:11:03,-1
3369617.109811339,297.637846659765,16:05:52,-1
8622495.663285779,46.95194067002886,15:45:43,-1
62073571.79548859,215.47629830368103,15:27:57,-1
58965024.38026496,211.31310659591048,16:02:28,-1
77644903.06121396,277.4542261555023,16:22:48,-1
18497768.410895165,149.96375967951136,16:04:36,-1
80513882.76519461,281.2806744464136,15:41:16,-1
51794048.39174908,59.05574084799034,15:37:58,-1
71361197.99741708,349.50497249155006,15:31:32,-1
11270153.808761526,221.53461423027056,16:20:59,-1
50257489.34048668,248.6483177658962,16:02:22,-1
34829915.09359232,97.687189718101,15:38:03,-1
73606483.61575907,332.56209999826973,16:10:19,-1
39183112.79776046,12.592212806502578,16:09:40,-1
66655121.00237211,210.0675955043741,15:27:17,-1
57646481.67857164,91.63391849709149,16:12:49,-1
80777322.90817237,281.72171619903423,15:38:37,-1
67187085.38182987,351.3511733054128,16:21:34,-1
23665200.060163926,189.23978600912127,15:34:30,-1
73032727.00736935,41.71842979293968,15:41:29,-1
81822742.20541099,34.52093105188548,15:40:57,-1
13410895.74048115,83.65146892889605,15:56:09,-1
22666703.863533825,74.44040615155629,16:20:18,-1
29605738.943520386,226.90300449000932,15:54:34,-1
31054422.579428207,351.1437211430157,15:48:00,-1
64762546.15445111,210.85425035414423,15:26:31,-1
72887344.41928391,287.8846679891223,15:34:02,-1
42363422.61760816,107.9853504842566,15:50:30,-1
81257849.57646835,129.96680084522296,15:59:28,-1
31604246.495188914,208.80133687096404,15:33:17,-1
32674142.752820898,239.52446330971756,15:26:14,-1
69739704.29556501,298.07563274617127,15:57:00,-1
85066567.80096702,208.4571751247337,15:29:26,-1
10083160.314637387,203.7677328484703,15:39:22,-1
83076110.7637012,60.38516898026237,16:21:00,-1
29327650.663040902,222.57636931108945,15:51:17,-1
43624800.34186154,85.43734242529149,16:01:35,-1
4105208.8380927024,350.0487546832724,15:37:05,-1
77881353.2294005,258.88867130411586,15:33:52,-1
77493707.5337684,152.17328267774337,15:46:46,-1
81748724.34116507,185.85251184802036,15:59:39,-1
66885293.49732367,168.45886589868368,16:19:51,-1
61759302.19026424,47.65502984340124,15:32:52,-1
54992898.27999011,183.57036156401605,15:46:39,-1
66217003.37176839,250.0863305419545,15:52:21,-1
4253861.376736666,215.99191374036275,16:18:55,-1
49687326.79796005,281.18350089775373,16:16:43,-1
40701348.35764252,181.5465443021835,16:18:57,-1
19433004.12042484,264.7691527781966,16:03:33,-1
35015190.30627805,207.44814110878,16:02:52,-1
4306835.665972143,256.00250004086496,15:37:26,-1
40244989.537958056,277.64281849138007,15:56:40,-1
33574649.694810376,265.29929461879817,15:40:16,-1
55585737.91614234,178.6098915731848,16:19:02,-1
6405147.440514745,182.03020818882567,16:16:28,-1
44776567.07723985,192.09841161644516,16:16:47,-1
5693150.071307211,252.43548254254105,16:02:09,-1
53774363.438618414,152.7073443898358,16:20:44,-1
10418906.165032046,306.027918969166,15:31:21,-1
43200915.04013445,280.409520664194,16:23:07,-1
4685780.707729531,233.4198860644163,16:09:53,-1
67125538.24889302,143.85756372596077,16:05:44,-1
43233536.25853155,197.4746204865254,15:37:10,-1
53126449.0664985,70.51794511286107,15:43:26,-1
25963957.44343825,232.17547575354612,16:06:32,-1
5084935.271585504,187.2017829352981,16:01:34,-1
9878255.71904093,128.6757502612088,15:28:56,-1
20831404.244657304,96.24261115100936,15:39:22,-1
10396946.843314692,192.1238076374784,15:43:33,-1
66593759.12737636,45.76051080482378,15:30:01,-1
79501382.55599284,218.2897788869104,15:45:03,-1
79615073.5879226,36.89985372896713,16:00:06,-1
56524864.89058803,138.13986779245943,16:20:02,-1
17109648.922085736,195.45484496432587,16:07:51,-1
73153698.47596659,65.13041353963447,15:32:28,-1
35836746.82780978,100.30514825921598,16:00:44,-1
40041239.220639296,225.59497929800523,15:55:48,-1
34071063.733227454,74.63089814374537,15:38:50,-1
70002977.1122585,240.40635653844657,15:42:07,-1
40288868.5695208,217.1029597604602,15:40:53,-1
6196751.935552359,49.45422951136108,15:58:12,-1
9834486.144145826,193.6336659993811,16:01:03,-1
74393627.92753974,190.3460046694232,16:14:16,-1
34353283.88349558,105.6318378194987,15:53:12,-1
50150928.65247127,316.4635650636132,15:34:28,-1
67894317.9297895,50.871387938061446,15:58:24,-1
7601923.328065878,229.64339144021952,15:54:09,-1
62402346.43717166,61.13070376150503,15:48:33,-1
65228760.05947683,318.16551264262444,15:34:27,-1
75762066.13966894,312.7503794082016,15:58:26,-1
1704769.0160164968,275.52405259628495,16:08:11,-1
1325462.2964481886,39.29285776994697,16:11:07,-1
18202839.11650612,0.1073424225527341,16:06:40,-1
22504439.904978644,171.241504660622,15:33:48,-1
43055512.11489323,123.15716915959857,16:09:08,-1
45421862.66530404,214.0883778142025,16:20:44,-1
87670710.38879709,54.148744401706296,16:19:11,-1
3559886.901128381,207.9340879129712,16:05:19,-1
11083076.639084129,50.56981827900063,16:07:36,-1
59048075.32759723,287.118694694592,15:59:53,-1
43919511.97945183,259.3229027918237,16:24:01,-1
49935168.514447816,212.30165314687196,16:16:17,-1
16961265.94852543,130.13232048040734,16:18:13,-1
26554820.00166976,58.65524578162126,16:15:27,-1
1118054.5568724223,28.819314714947613,15:41:59,-1
59908604.697398886,195.49285763463848,16:05:21,-1
79718224.78179887,239.82412206429024,15:49:29,-1
72154674.74542455,297.9342911893006,15:58:23,-1
58403703.85802371,42.36027369938593,16:12:21,-1
84971243.68840812,5.476170351205205,16:04:21,-1
47152426.94495618,85.97539557450065,15:32:51,-1
12189355.08009724,231.65045276133463,15:58:26,-1
20648261.132056456,147.2038795419774,16:14:10,-1
82920850.48629107,285.5294584403253,15:54:51,-1
48153250.01406815,179.62785396171176,16:03:34,-1
13400362.91354052,234.08391624833587,15:50:30,-1
916034.1938134452,355.6269929872647,15:41:43,-1
16776606.614843035,265.09517163667783,16:14:02,-1
73608356.97153743,127.80417179682922,15:31:38,-1
50318892.66835169,313.66942496235515,15:26:34,-1
55787867.40052397,185.37314723724947,16:21:50,-1
9589791.671468323,217.6084834728074,15:37:02,-1
36173771.71783639,80.45955124216056,16:13:19,-1
34963307.95351446,339.1482202266318,16:23:25,-1
35862428.94739217,330.81720003001664,15:25:53,-1
4708247.516099204,319.4877246517765,16:17:02,-1
87097919.1995347,63.15262879507742,16:10:22,-1
83994749.18574804,191.48847555948385,15:59:42,-1
3019083.048967814,283.9539660152157,15:30:57,-1
84333542.83903788,229.3102546864052,15:47:18,-1
72186530.36546192,328.7599890073792,15:41:44,-1
28064813.83186082,239.015256960128,15:26:01,-1
23141777.42708918,186.71235392614972,15:27:58,-1
84665817.97685245,271.55533974027634,15:36:57,-1
14649808.79743138,235.99586236917224,16:08:27,-1
81102461.31062423,76.97198415280079,15:35:05,-1
38605928.31184852,182.1139120755918,16:11:43,-1
58585221.29095572,287.4732498156773,15:25:37,-1
10742438.85023464,342.6956180529144,15:34:56,-1
43367189.38043075,274.007038658224,16:06:02,-1
6473155.156928883,343.8163606142353,15:43:34,-1
63001585.16646331,92.86812958903398,15:30:20,-1
10815183.188550048,10.038071737311904,16:02:35,-1
47829900.56978695,249.63874435149435,16:04:32,-1
35912869.23835309,84.82616699224091,15:55:50,-1
17590786.67680486,68.8125435657068,15:54:03,-1
53237780.16003272,144.1315451916466,16:11:50,-1
27953421.05454781,211.0166091734268,15:31:49,-1
6581438.8208856005,39.17590502374428,15:56:44,-1
3809566.735758985,128.0644873862915,16:16:06,-1
10709456.086629253,89.41825049578674,15:33:33,-1
25328480.0068222,357.3978061809385,16:04:21,-1
59157628.790857226,128.89498055127677,15:42:52,-1
29333074.76775258,171.2240488956679,15:42:56,-1
45280222.38249316,273.6020335775233,15:31:01,-1
3175851.5283262897,334.38581317640734,15:28:09,-1
36701170.51269077,195.52532201558117,16:07:38,-1
71606649.93073253,354.34204832123976,16:14:25,-1
86670905.41567568,271.8581595931395,15:32:04,-1
62697300.49531018,121.71417323004972,16:10:02,-1
57420943.790972784,61.713721258301305,15:47:52,-1
88152911.59770137,129.20659409848014,15:55:11,-1
85468968.09713723,357.9761140321899,16:19:33,-1
79899376.36669052,301.4628341389189,16:02:47,-1
38631366.82079925,308.5552193773496,16:23:57,-1
50632641.8595111,124.67501869968154,15:51:51,-1
15692647.084591947,316.3744141056067,15:58:13,-1
1174602.688074961,141.52077410567514,16:04:47,-1
5447368.863181143,291.9433233864481,15:32:50,-1
15752499.949705772,115.98870366767824,15:52:27,-1
5356278.238362425,181.7188836245568,16:03:50,-1
10655592.565950524,198.6075404040506,15:34:41,-1
75150600.1490252,124.86063117632897,15:28:30,-1
8534466.488281623,154.0921997584699,16:18:07,-1
2471195.811265116,84.99337363095438,16:13:57,-1
21855953.72155442,125.33137276171746,16:06:05,-1
57517163.16994042,208.50708453508824,15:25:32,-1
89583219.70750672,180.91508976028305,16:15:55,-1
30097590.30690457,131.77567312204232,16:21:35,-1
8494684.44238931,59.45579982671183,15:36:41,-1
5571068.350925478,57.240058923104726,15:43:20,-1
77451379.95767497,79.94097612207041,15:38:15,-1
52159298.82776886,254.64347729683865,15:40:05,-1
84304991.37732823,269.56242393311896,15:32:47,-1
63654963.49297536,329.26356189971625,16:20:28,-1
64976698.1090674,257.05714116742155,16:00:22,-1
87390452.71811074,167.3681222976621,16:14:17,-1
42430418.40491856,323.69552475299986,15:30:20,-1
22277687.6676881,144.8246108119207,16:17:49,-1
44387041.11627669,51.40448094105941,15:42:46,-1
73839536.69949916,122.94455797945388,15:26:21,-1
37944808.3771614,11.7684129455633,16:03:50,-1
79705223.49570322,213.6215566207048,15:37:48,-1
44488902.69928622,224.77750854159848,15:28:36,-1
34567751.39926689,107.37230123603976,15:46:42,-1
40573572.95876204,118.64770808307097,15:31:34,-1
43247186.09671018,222.9237001209821,16:06:19,-1
37316752.09245286,327.8632990469624,16:07:29,-1
18823889.168664187,202.3890499737597,16:13:37,-1
23271715.23523158,318.35009965884484,16:00:25,-1
6832615.878656802,224.05953820880825,16:01:20,-1
51451636.75947948,64.18264743559754,15:39:55,-1
67121993.4071137,194.57267948200308,15:43:06,-1
25040907.716046967,308.7499781779935,15:26:44,-1
3526564.4493672587,23.14177416218404,15:46:58,-1
14706255.080970049,203.28378628020204,15:42:33,-1
20008829.82982743,238.3744317475149,16:18:27,-1
67784553.49094416,74.25840817184903,16:19:48,-1
68258308.86978288,252.0615093255944,16:07:47,-1
27842262.45737165,319.1703344201563,15:57:04,-1
49570844.968484655,271.5453576977915,16:05:22,-1
28242143.24632736,316.6535768276799,15:41:14,-1
87069124.00243959,56.80710078964492,15:40:01,-1
51435101.78180704,79.4091659009007,16:06:44,-1
85190318.80492367,57.11533886259849,16:23:38,-1
62716499.12235306,90.0854304904825,15:42:44,-1
76762302.63526866,39.73180849326487,15:27:02,-1
28352615.271814533,358.4724842397173,15:49:56,-1
45302870.44958272,350.69917649521005,15:57:26,-1
82776934.96508175,62.87430470292284,15:53:39,-1
7776172.569783212,335.17602809112987,15:54:38,-1
39950709.07254936,170.1421838128275,15:47:51,-1
25504276.464786585,318.775665233565,15:30:46,-1
87749407.44060703,155.22049548077183,15:53:49,-1
28232800.910639662,232.7885385355721,15:55:04,-1
80759430.89712149,37.60614330291821,15:33:13,-1
11231187.786784228,61.98745700877125,15:42:50,-1
86029427.93959288,130.5509681246424,16:11:08,-1
28586530.089158628,272.54272960524554,16:04:52,-1
44675554.3497702,1.0681074716477037,16:23:41,-1
53537386.0105047,145.38463800998088,16:15:49,-1
26129517.69221648,77.23208187619859,15:52:31,-1
79676512.85850145,114.798657730867,15:43:55,-1
55569764.90796325,170.22740889978508,16:18:20,-1
9899485.26134521,163.4755958866827,16:08:47,-1
62718674.55705769,123.7586207271044,16:12:33,-1
3308058.596532115,93.275209598622,15:31:41,-1
20060706.4974919,103.9667797066542,16:01:21,-1
80991354.58329234,192.7154235335873,15:46:40,-1
22072349.949487608,191.27201270716256,15:48:53,-1
25683560.50539667,114.51481467139284,15:41:04,-1
77668743.39105885,165.98238602746943,15:31:55,-1
54359403.790831365,201.2234676013784,15:49:31,-1
27489468.491785698,63.57815026202911,15:57:46,-1
56276012.91576336,54.12533279711533,15:57:27,-1
38802114.006035484,347.8583364147814,15:46:08,-1
45440042.58258655,226.3808308558013,15:50:43,-1
17909178.11141265,61.865520282437465,16:04:42,-1
54555711.91859493,0.6968205218050239,16:03:35,-1
17470256.193142913,197.81544365966653,16:06:23,-1
13434982.158413256,7.557236723853626,16:03:18,-1
70104789.15254207,11.153593016321492,15:25:57,-1
18850214.51952674,160.40006988858704,15:53:06,-1
10356902.806456968,209.7647946175811,15:40:51,-1
14186071.103623498,322.262241358512,15:45:27,-1
81202127.90745856,81.71145655790525,15:33:54,-1
53500310.63080535,309.6375784771957,15:46:41,-1
3941593.1360121407,204.9414058618154,16:21:35,-1
10979021.647167018,352.1885390154219,16:18:40,-1
31006482.58588573,340.60801785090564,15:59:35,-1
16206757.15724126,204.57383019750333,15:43:38,-1
13049815.486173304,306.82685264606,15:43:01,-1
57794205.14111652,204.71666199076455,15:39:40,-1
69130316.3954467,38.25216545369874,16:14:37,-1
53092375.04085626,290.36761143331586,15:33:20,-1
36743141.0978985,271.9458595981692,15:36:12,-1
27760591.084433604,235.3687007385667,16:14:25,-1
16465986.741040086,89.1766001958435,16:04:59,-1
50011083.34330032,300.5386963078632,16:19:02,-1
19198382.62112868,110.22908059423456,16:05:30,-1
8312590.948748346,35.07576011768008,15:29:11,-1
61974374.02077247,281.69719151823307,16:07:17,-1
72584985.047787,256.2625240001851,16:13:07,-1
16751839.056673588,340.6437126733504,15:39:24,-1
32452686.64514512,28.332646667099265,15:43:33,-1
80255822.46436885,254.57080037209224,15:45:42,-1
14880853.779885996,55.20963690296166,15:47:46,-1
73440353.35096928,22.51282141409966,15:52:16,-1
49785210.053031385,215.70165810747147,16:19:47,-1
4138892.1285879854,62.81808270444547,15:40:29,-1
30897326.38488142,155.48840810046204,15:38:51,-1
76275551.9689919,212.6703330507254,15:31:23,-1
86047676.23556983,100.38301611998402,16:24:45,-1
29550310.956237298,284.97927210538734,15:41:35,-1
62860857.29999631,272.20031135919305,15:43:39,-1
12715424.407840356,131.3742009070027,16:03:13,-1
2972833.632412866,287.55341853040346,16:01:22,-1
86713763.33713776,50.73024479212682,16:19:33,-1
66384736.36052495,77.33782870350475,15:45:37,-1
62459577.21299157,124.4028965853532,15:48:50,-1
85271941.35236914,47.48049009060668,15:53:49,-1
4654714.941223688,283.7408897527353,15:58:33,-1
16251834.675296498,204.90235831749644,15:46:34,-1
20560847.731434908,45.10006630603212,15:27:11,-1
18107103.004998725,206.7105582071826,16:22:29,-1
67962377.1420313,56.27003016318508,15:57:28,-1
84883639.87281112,65.56574930797458,16:10:41,-1
78335658.95187376,193.40055466083152,16:09:09,-1
50123271.95761529,127.11762896306097,16:15:37,-1
23461426.68825367,307.7784811044078,15:30:47,-1
58186614.81165146,332.56703122997504,15:44:44,-1
556547.4662293267,100.49257720178932,16:00:01,-1
52973058.60819886,329.5147087523878,16:16:49,-1
39778288.39993374,3.966387589903535,15:54:59,-1
87910861.98684756,0.926130198905608,15:42:11,-1
46991058.54629093,334.8808519851368,15:48:32,-1
48137894.167323045,149.56873242449265,15:28:34,-1
10452650.383242195,20.45019255126741,15:29:02,-1
46230127.11207345,239.29188676065831,15:51:44,-1
32047090.708933044,248.9498972480473,16:05:43,-1
37285860.24438559,254.6831504132436,16:03:45,-1
55314226.54279231,249.8697813584533,16:17:51,-1
85718909.33024299,278.3004335212456,16:09:48,-1
8110083.466661491,254.9668589059353,16:22:43,-1
39229125.74935193,266.341343190724,16:10:53,-1
71588061.80005452,68.46400519914991,15:43:42,-1
61938797.42581552,322.6118185522037,15:43:52,-1
60586401.5276285,338.483085769026,15:43:05,-1
81927844.91644217,182.25190982465796,15:32:37,-1
62045327.52570821,266.03261575597094,16:14:51,-1
53726143.690882444,2.556670374286081,16:14:38,-1
13919694.21448105,271.1596607608644,15:27:03,-1
87265931.67199107,214.19453551496903,15:38:57,-1
16394922.240345923,255.1175412695908,15:38:36,-1
83010783.59619921,286.9812715357454,16:08:11,-1
77636587.26157258,112.04607379827284,15:43:29,-1
995454.4603836144,87.89164030816679,15:57:28,-1
28306630.73815768,56.72694411769538,15:34:16,-1
15579643.422777576,34.679640507801246,15:52:23,-1
4515664.510148062,209.243041573864,15:48:32,-1
33964065.95093622,118.48163866177956,15:54:16,-1
50160334.90702066,319.4485835741244,15:52:15,-1
33812398.36878794,340.8874842668897,16:18:33,-1
31329083.07753428,88.80799997708763,15:29:38,-1
7717827.377622894,164.86827404951526,15:46:24,-1
48091410.962185726,341.6808289389086,15:42:16,-1
32871754.694418777,8.451626762215296,15:51:06,-1
14640320.049953915,316.7757116154239,15:36:17,-1
450458.89140244346,66.8602685786478,15:37:51,-1
3668819.273340559,103.490228151988,16:10:15,-1
73872624.51574686,275.4101645029684,15:33:17,-1
3157552.980353917,345.5818724259494,15:25:36,-1
36484966.73484872,268.11990120798333,15:45:23,-1
58720753.3280358,16.993115048979035,15:54:17,-1
33268223.30235466,174.35447895887063,16:17:51,-1
5100268.636846561,298.7188688786685,15:55:06,-1
24521116.66739204,36.471173157401054,16:13:04,-1
8193509.97623716,207.63081439346996,16:14:01,-1
70109614.16190216,179.00010720229193,15:31:57,-1
43953096.30577703,20.31998209046489,16:10:16,-1
86810165.49442223,245.37768873794943,16:13:51,-1
45390890.54234979,96.13481419623491,15:42:09,-1
16946199.360277746,39.72033427162532,16:05:29,-1
57025664.64340222,159.01472824075583,16:09:58,-1
87975220.27090696,208.3154360733228,15:33:14,-1
8983654.235182496,227.1649424438565,15:47:35,-1
49861507.69152739,185.88973593742003,16:10:32,-1
15959825.11568362,54.4780743174678,15:44:06,-1
7585660.627826522,329.6863989859733,15:40:18,-1
21072516.513656843,296.928916948147,16:17:02,-1
14856047.852724291,263.335049200051,16:15:26,-1
61829738.80602587,121.58652312900443,16:09:27,-1
32819749.810532525,46.272367987097375,16:20:35,-1
19527851.492961552,133.3823339831176,15:34:26,-1
64877770.51321027,269.5102602683011,16:20:51,-1
26372719.8115458,147.17427914342412,15:52:59,-1
15507236.22984675,278.2354952782227,16:14:38,-1
26738744.041585896,253.80996305781403,16:08:15,-1
58990279.28126813,302.17102209167496,15:50:48,-1
76732642.9670989,220.38787504027647,16:14:29,-1
7213959.004134736,274.6531536471158,15:26:22,-1
69424964.52978687,112.92561000833626,15:40:29,-1
55359694.30318642,191.6661346663123,16:13:51,-1
36285231.02179505,176.4406450055922,15:51:20,-1
66424952.235929176,90.3924867415362,15:33:51,-1
32702798.114799447,1.0656316074369343,15:50:02,-1
53178711.72808269,274.5090734874133,15:48:12,-1
42003.35302486419,16.81457417307009,16:08:07,-1
1452060.6795382188,176.0952736117422,16:09:57,-1
70977693.6810154,244.01559342604065,16:04:33,-1
22812868.56562076,267.51637603694496,15:34:50,-1
28451827.951560423,351.6654263130697,15:59:09,-1
29662482.64386485,234.4088656092705,16:02:22,-1
55826349.80328378,119.77414760489012,16:25:16,-1
53616601.17071949,26.090117577315542,16:04:16,-1
17366979.837850463,88.51380647850554,16:20:10,-1
37629219.16570214,101.67999751868084,15:28:36,-1
13352785.33763619,77.57656421387428,16:23:49,-1
9023807.001375455,112.09878945211388,16:04:19,-1
81979907.79881945,211.12566824494584,15:44:57,-1
8825250.144179374,236.91054105451192,15:46:45,-1
22200868.2781888,248.6200832444693,16:25:17,-1
2276422.073639738,217.51142584320093,16:15:47,-1
13579672.43477732,122.22223627165694,16:24:06,-1
44061459.08516078,48.49378939252149,15:38:43,-1
80298024.43449019,77.87627179223787,15:46:16,-1
7261985.137232525,330.90142063062206,15:46:23,-1
87572972.45843494,156.2048304764323,16:08:01,-1
89633254.85970862,325.2547161340306,15:47:25,-1
79370686.48383224,19.958998919867955,16:23:22,-1
68434494.97462267,112.39486658841118,16:01:35,-1
44520071.754876666,46.20210755728784,15:56:37,-1
46837335.246911146,213.4216198814493,15:31:12,-1
32190090.90686731,325.01369276820424,16:21:06,-1
42630004.69270179,338.8437006580164,16:15:06,-1
50105451.06437047,215.965610074341,15:55:57,-1
59394706.209763,187.7518378745203,15:39:12,-1
29480586.920082998,227.99986051258887,15:33:52,-1
13713656.535382736,12.089335778199626,15:37:00,-1
37959859.02392082,347.04009050475173,15:36:32,-1
69338879.11302282,65.75305105302367,15:44:45,-1
35189407.97459348,327.9777637781169,15:34:57,-1
7480835.814938272,74.19661394253224,16:05:03,-1
38803138.85968301,203.0814346538781,15:39:42,-1
87832399.91840486,313.3121157030692,15:58:08,-1
33633348.3649865,172.14705894887825,16:17:07,-1
81402104.04561618,3.682925966984949,15:33:36,-1
32914997.920987163,328.6048494001554,16:02:59,-1
34186753.57120009,261.0324370998902,15:44:33,-1
26544086.782950792,269.78375238121777,16:07:11,-1
61404483.256281085,242.06079098648465,16:02:28,-1
17180224.70552509,264.0436679984021,15:51:29,-1
83131286.99292298,86.22425840368801,15:48:55,-1
70020300.78394708,235.24097465552072,16:16:08,-1
41079079.10804051,165.2611293993994,16:12:39,-1
83065120.29632959,53.29547426554014,16:19:58,-1
82147252.58045933,122.91981006079484,15:53:30,-1
62446692.655743465,2.68212280652965,15:41:47,-1
73373360.07778318,28.698762012741383,16:08:16,-1
51257217.84525992,258.59491883625094,16:00:21,-1
14060848.208256394,215.17109254191712,16:03:13,-1
69459414.18011492,63.35412340817877,16:11:25,-1
87738976.39079441,211.7331355810038,15:53:59,-1
35676812.93437692,54.46290454414958,15:31:18,-1
77047605.0976619,103.49653622448662,16:05:52,-1
7483388.366862207,331.58401574840565,15:55:55,-1
46523686.73236292,68.5068822995198,16:13:44,-1
68022587.22536017,193.6122521821613,15:49:23,-1
47352822.98904884,178.00987210228797,16:24:36,-1
55766946.081389,270.43442718442685,16:00:06,-1
16913352.76148725,176.76761406381732,16:22:04,-1
35911531.21070789,111.90001941982732,16:20:17,-1
75824661.58670843,228.4149758056199,16:16:39,-1
52416928.19570434,180.97020994236283,15:59:32,-1
34909399.54829121,338.0230794268318,16:20:12,-1
3412887.129166364,202.9692567157892,15:52:50,-1
60996045.463859774,292.6900042038796,15:33:59,-1
74628231.12696727,317.1993230685412,16:16:27,-1
28694716.31096151,263.7918900589328,15:54:52,-1
9637120.41964242,171.8206204531099,15:38:07,-1
53650969.00150608,147.98783263769766,16:00:25,-1
27658392.96169105,178.8801605995459,15:34:30,-1
53356256.05589348,276.3510681942756,16:11:56,-1
13206357.390759597,20.737162789474542,15:51:48,-1
54413296.47635129,237.5223209981308,15:55:33,-1
59847906.26182511,306.6636793736454,15:52:21,-1
88315225.37204887,30.0178142581601,16:00:49,-1
34296051.82724545,3.880202054318116,15:56:55,-1
34452896.39150948,12.291188587007596,16:08:25,-1
9533643.180374976,292.25712030623475,15:32:59,-1
23682933.083979044,178.4605906232162,16:17:18,-1
79638814.668274,5.030851635301938,15:51:40,-1
51860535.72086432,176.6121360067868,15:43:45,-1
27470243.819995087,245.65917118982853,15:39:42,-1
29147771.63977334,17.81366854928752,15:55:28,-1
80968925.02349967,111.97466353078738,15:50:01,-1
66713209.23951195,96.84200094996316,15:41:51,-1
38455553.17376956,65.25575558106564,15:28:42,-1
73367071.162593,118.04585960101936,15:35:41,-1
52781424.11847848,339.28495553097383,15:31:53,-1
80135738.38922304,166.44318677261916,16:17:22,-1
5429994.291905031,76.57877204371096,16:16:51,-1
60086871.16421155,123.01116263559096,15:25:55,-1
15100923.73576427,68.32277086007076,16:21:56,-1
52777243.16578276,54.51394115435542,16:07:33,-1
68756639.50681941,262.5682507792535,16:24:51,-1
58957085.10819758,87.85224444878378,16:13:59,-1
81554080.46274072,258.5252518355021,16:18:43,-1
87262315.01315382,298.9941344584276,16:23:27,-1
40718446.9510687,271.4917056782345,15:38:05,-1
75906667.64127645,293.6680254624309,15:33:01,-1
42041118.42179048,284.2451915065058,16:13:26,-1
50618536.99005892,296.17825595172866,15:32:02,-1
52509872.30501024,292.5709951961308,16:09:05,-1
89263287.58085741,168.08406207329887,15:52:28,-1
18959713.636960685,54.11798449009502,16:12:00,-1
77804309.31814407,18.059385831158583,16:20:06,-1
78227645.92438671,63.08785114065514,15:47:08,-1
13296398.0907897,11.510469392882388,16:00:50,-1
30502848.070033606,50.60440119786456,16:16:33,-1
19971228.831486348,274.3045318170139,16:04:14,-1
27311721.69981953,299.40451876684705,15:32:45,-1
49544402.188066326,203.9461958885356,16:19:55,-1
49048530.87924283,13.033422656408082,16:01:19,-1
86944305.80387059,160.18782920077135,15:27:56,-1
27337530.57234451,225.34845036378024,16:08:52,-1
36995505.7082929,339.5989629719012,16:07:32,-1
21187751.29120352,50.7902638629445,16:20:24,-1
72341369.62764794,36.90423044100611,15:59:31,-1
50524573.32571136,127.21506729828926,15:45:13,-1
70287389.44707762,210.53364005501675,15:37:37,-1
35801604.68275137,4.573092469973141,15:26:13,-1
41053146.40524253,324.65811215195134,16:23:05,-1
37708396.58800692,195.30610102780216,15:44:51,-1
50927743.66538388,4.291513055668843,15:51:53,-1
41445207.550172985,324.46443074377595,15:52:05,-1
23761512.193083998,44.923063620438256,15:25:58,-1
21847456.467162225,90.0827365056202,15:48:12,-1
73077543.5043053,47.34555978927255,15:58:57,-1
47803001.96721782,187.8239424098023,15:32:46,-1
17472237.37634098,220.50944445522785,15:32:19,-1
53033478.733854726,262.36186990219386,15:41:04,-1
36290510.14914842,142.01290333470416,16:15:32,-1
8832499.977499634,257.3176972040921,15:52:01,-1
65319039.36843176,358.0326976699711,15:44:28,-1
79369349.30457853,70.17694574299018,15:49:38,-1
84931201.92839417,296.4384542751799,16:11:52,-1
26944870.91572776,198.8415522336832,15:36:23,-1
53569822.17724396,62.61261681902121,16:23:18,-1
35393042.29308155,56.73085576675185,15:42:50,-1
25416204.80553968,227.97303120925727,15:51:24,-1
38045742.67021241,94.78324137466214,15:48:07,-1
4753795.13640617,26.420611002978116,15:52:27,-1
35817676.193897665,329.516864369602,15:37:51,-1
39620498.35069902,70.8299718519182,16:24:45,-1
7693302.312921158,69.8203700758349,16:00:45,-1
32601169.664824463,156.68565513621718,15:54:43,-1
86129353.68102655,231.8318493863893,15:55:33,-1
48759588.37721538,241.33835661406636,15:44:03,-1
35163614.33876416,225.70667314619277,15:28:49,-1
42341104.39639904,218.2278019938106,15:33:06,-1
39000398.045283645,208.81647949492967,15:31:35,-1
2365500.5888339947,288.97631248289844,15:51:48,-1
45232383.98317863,106.69549485203392,15:48:19,-1
75614.32700353627,44.367020221932535,16:17:36,-1
5148881.7209577365,283.38249437744514,15:55:47,-1
47955238.79169583,10.349563128420948,16:16:11,-1
14124483.095441911,215.34721317720525,15:48:00,-1
19306384.78803018,199.57545285726016,15:35:29,-1
155393.327247453,264.89098089985714,16:12:45,-1
88020686.38648352,213.89285605881503,15:52:17,-1
61523370.5418592,314.1079992788411,16:21:00,-1
15103615.627349695,355.8570004236656,15:32:35,-1
82029850.94190972,186.3845601834237,16:13:39,-1
65613192.50018796,237.93215046999396,16:13:34,-1
34093715.26243536,154.09085665357304,16:17:56,-1
12760109.75672304,186.96054650417813,15:42:47,-1
89090419.40341903,76.45797584875508,15:32:21,-1
88651613.55677272,266.77359547238586,15:58:21,-1
2508085.722218764,351.5162108526365,16:08:12,-1
69201393.87409385,260.746621385962,16:13:54,-1
4687509.109366994,173.87795757742532,16:23:53,-1
18394343.948402785,322.60720564673693,15:44:42,-1
35364170.04137463,172.01455441180386,16:12:51,-1
28939832.903577216,2.084171861786386,15:45:28,-1
62816512.01461339,338.8401366289084,15:33:38,-1
29055726.062918156,299.5567963985389,16:24:07,-1
66580042.55973948,305.0136609253151,16:06:58,-1
62025666.92808816,79.26944800442764,15:27:27,-1
77070122.24544592,324.7625658275206,16:17:18,-1
71231043.5795341,171.62047777256777,16:03:39,-1
68218556.77277909,178.0223803770321,15:32:00,-1
68999416.53587434,224.2435757452313,16:11:19,-1
85198488.50956717,248.74129276998187,16:01:37,-1
79742625.0353015,269.1041488941579,15:38:58,-1
65591698.75524296,280.65239983519666,15:26:39,-1
38382545.23939096,54.04779157188668,16:01:16,-1
71013158.37911387,302.8630363492019,15:57:50,-1
68501404.96861796,60.34826099600352,15:58:00,-1
45830667.15830825,197.87324202071105,16:12:18,-1
81512804.06999151,154.24141355203966,16:07:26,-1
18323072.27412263,280.5249703683041,16:21:21,-1
8782246.238173867,214.80857256801303,16:05:04,-1
13933411.722699586,200.73726215059293,16:22:06,-1
88926158.48976395,275.6981019647722,15:43:24,-1
31660727.966051824,219.0556533250857,15:26:30,-1
7461381.428885397,296.1460450448535,15:49:35,-1
8229573.519259024,29.365564210598173,15:31:52,-1
58264586.29166661,215.811881139882,16:09:29,-1
56594656.82200045,160.73416703891905,15:36:31,-1
49297371.3081288,279.5557675105881,15:57:13,-1
8699150.88879564,260.4206385451626,15:53:01,-1
71882546.30820137,168.47081295128382,15:28:23,-1
85752851.59085186,10.023857958067984,16:14:41,-1
18560106.33911665,171.85007120110728,16:23:09,-1
47151131.02161205,79.55775250473066,15:56:12,-1
87626309.87603612,240.07960470664133,15:50:58,-1
49457936.54471828,122.6103115674315,16:07:29,-1
74363654.88263245,311.47306259792293,16:22:41,-1
80783817.63640368,105.34942749699096,15:35:01,-1
58093886.54073193,116.12916829883258,15:30:14,-1
60760771.25786506,85.02211321578906,16:15:14,-1
32500543.53279272,247.6317902556915,15:35:48,-1
56010293.857377775,130.51981890113717,15:38:26,-1
57254779.10675103,329.3162467764134,16:14:55,-1
35584165.81596467,293.5608160358859,15:26:33,-1
39075513.60351579,354.7847288295631,15:56:54,-1
39052340.88601662,238.26478581305983,16:21:42,-1
2195168.634645644,225.58676960099783,15:43:02,-1
6855429.203534748,220.6663576754716,15:43:00,-1
26773096.664778613,343.487402247075,16:08:04,-1
23950245.841675136,196.86032122283163,15:38:51,-1
89642179.79910108,125.22308568457018,16:23:40,-1
47524158.97919083,244.48322199997472,16:07:37,-1
81236249.57722133,158.9629938478041,16:09:38,-1
41871074.57867591,151.92135559754252,16:07:32,-1
36099639.12155128,319.3536504648029,16:17:02,-1
1667329.5752539425,39.32143420998949,15:42:57,-1
59806451.837685466,343.1321659404399,15:37:03,-1
72290749.62593965,199.35503041720492,15:48:30,-1
21019294.51062463,98.10608814920344,15:41:32,-1
8870749.182561448,337.9642255419424,15:42:49,-1
55306913.822730586,99.50287915134106,16:24:09,-1
78952363.12627849,75.03849269408184,15:37:52,-1
82460703.67481644,14.179439234603771,15:55:26,-1
46616993.14254187,343.6897764617728,16:13:18,-1
54740397.02387686,336.85294801159387,15:50:59,-1
6756707.835856336,87.66696865781626,16:05:45,-1
57101958.49906767,344.10182452213763,16:14:17,-1
51133370.38577712,170.8165136350184,16:21:20,-1
33551289.92208577,95.999447063387,16:13:35,-1
79556723.03475752,158.436074594353,15:45:29,-1
38819134.57797917,220.87270913628615,16:19:30,-1
38390945.046481565,342.69174295798746,15:31:00,-1
38930857.10712417,341.3117869134555,16:16:27,-1
9415394.601488512,75.00141153619218,15:27:37,-1
89901892.88566954,175.87229073244183,15:59:55,-1
44113458.591336206,293.2076400377624,15:31:22,-1
59947136.45802459,92.77753629550998,16:13:58,-1
81115847.2043295,173.03859657676537,16:08:49,-1
44019636.76758239,139.61302744730165,15:33:12,-1
27096104.357223395,85.77926179819856,16:24:17,-1
26121571.91079741,203.9501108908958,16:15:52,-1
52829503.93370709,124.23718380436748,16:16:06,-1
75693856.83972575,125.96763262371977,16:21:04,-1
43821173.55318045,200.54576958164245,15:48:06,-1
19369943.996625897,244.99957303129705,15:26:20,-1
51141582.36334597,224.23051616129527,16:18:46,-1
61633564.42589793,77.53722025863897,15:31:44,-1
3568874.315057605,189.294318424204,16:13:31,-1
71185048.87901306,271.2935320165893,16:24:07,-1
34120012.37239413,281.64809813054546,16:02:54,-1
83353998.7559538,305.3525377226792,16:17:23,-1
14582257.520492531,336.7474468025415,15:52:54,-1
71129202.72881702,303.86729726174065,15:26:04,-1
59393760.086742826,158.71223117312766,15:45:12,-1
64754561.200330645,287.24864680678326,16:11:53,-1
23500368.013208,254.70311025045132,16:19:59,-1
85660434.21583614,99.35170290994776,16:17:00,-1
7650291.011489081,188.71205954235404,16:16:40,-1
36838213.12660379,186.0333428168256,15:33:07,-1
29354161.00223056,226.19269472239745,16:15:23,-1
5638126.875580839,338.81769361304987,15:49:31,-1
70750566.81839727,333.645834365748,15:44:54,-1
3848657.630453751,74.43574648528386,16:00:20,-1
43042832.079350695,96.27908348800509,15:51:14,-1
83146123.52013132,199.8599385431728,15:55:45,-1
72958853.936237,20.12428096413194,15:28:31,-1
34756248.540539466,56.60583923256429,15:43:29,-1
561036.7027823222,164.7974725620441,16:05:49,-1
20678404.19684475,315.0914466157227,15:37:27,-1
25614031.874795005,157.25675740177337,15:38:57,-1
28852453.825896677,346.43024618092727,15:39:50,-1
45656349.07316222,208.03311396894725,15:50:51,-1
16968232.4434394,236.0858318159521,15:59:45,-1
59244447.49546629,213.7647271545634,15:33:44,-1
286726.1269399053,298.4650211622052,15:26:56,-1
38872985.46744558,77.00698470052188,16:01:19,-1
11357976.081407065,149.18431057838382,16:21:37,-1
9403378.515933476,280.86834060771275,16:06:38,-1
18247308.22047742,165.19766439187234,15:35:45,-1
73469935.71517952,222.6356145892608,15:47:35,-1
10832243.18306222,240.40867823643885,15:50:28,-1
15126414.60833063,270.3824203675469,16:09:38,-1
84597368.7568364,141.60517909917982,16:17:21,-1
4205271.353381369,174.03901842646056,16:09:27,-1
11142718.67881139,231.93318739484093,15:59:12,-1
42207855.84325003,272.79272262789976,15:58:16,-1
67781556.2705688,349.04322638616094,15:45:55,-1
30479195.801133208,129.71837224344532,15:55:38,-1
18724573.943096757,94.73299233195624,15:53:07,-1
65872546.68367263,220.31063879355537,16:13:38,-1
2385797.07447132,132.19884568893008,15:34:24,-1
76838049.47969656,131.64353961934353,16:11:06,-1
87423790.98735715,27.583102853564757,16:16:25,-1
11386049.080400037,70.492572711249,16:06:53,-1
32280482.02999114,174.9943082306131,15:31:43,-1
66719136.38623531,200.24948087310804,16:03:47,-1
35351427.761972986,213.63976889868047,16:23:32,-1
37627511.38499781,192.8334375336544,15:47:42,-1
33645121.13402737,298.4235883804384,15:52:25,-1
45897743.50036392,275.13144185828617,15:28:48,-1
33642433.421465494,16.476591281397628,15:41:47,-1
19793845.381938428,59.32829421743188,16:22:31,-1
75319790.92622922,289.2769841301329,15:46:46,-1
23148655.62601824,234.60437798462385,16:23:47,-1
72674324.62986453,7.958645319940181,15:34:22,-1
15300780.00902338,277.88743055661774,15:55:25,-1
41792294.92138258,55.61729083539418,15:28:27,-1
47232685.45240972,137.68619525433763,16:01:31,-1
6186018.205096489,211.065330567502,16:00:46,-1
16137450.522690246,193.68790761633392,15:57:22,-1
12775100.48418718,82.1977739235777,16:03:01,-1
40692893.98863465,292.85024266665533,15:50:08,-1
65501942.60264041,81.07625071101052,16:09:45,-1
2167585.0368059026,88.99829078853928,16:13:50,-1
26806420.81276351,139.43263437330396,15:31:44,-1
488209.8445299773,182.0718187131339,15:56:26,-1
66972280.92518888,83.5543368672816,16:03:51,-1
52437231.34409696,286.39790072331664,15:32:17,-1
5931166.604756917,242.55453520863784,16:17:26,-1
55089797.28537707,114.66884116563716,16:09:36,-1
25519462.400040977,210.17706969154943,15:28:31,-1
34927469.12160181,348.9119005356456,15:39:48,-1
51215688.01073504,242.57885668254283,16:03:17,-1
5973587.810812193,6.8139125393147815,15:51:53,-1
53847182.89679762,307.3193342352536,15:30:07,-1
63971247.08306198,285.52726933275693,15:51:26,-1
29650714.073751457,357.6401782606649,15:37:39,-1
88261319.8848657,194.48304904554035,16:20:55,-1
29124197.09932659,299.285492018437,15:45:47,-1
887718.5828538242,346.17266797478163,15:36:39,-1
32681935.95450318,333.1876075919241,16:19:34,-1
83099269.40838782,290.0157652094006,15:31:58,-1
13550431.9912342,226.22872357753695,16:21:34,-1
14997592.934086952,305.7626285087719,16:20:44,-1
34400516.44995035,127.40953398025196,16:25:14,-1
83080573.07635781,109.66339637561686,15:57:18,-1
21242429.7494768,107.5845196165876,16:10:46,-1
20268913.163805027,182.59486297830543,16:15:46,-1
14133121.051277628,70.90467037785882,16:22:25,-1
21834144.66808898,29.30436542968996,16:20:15,-1
47317967.29750575,244.38150516886745,15:43:27,-1
87782700.03111178,293.26543586542,15:42:33,-1
58331735.017601766,58.89892243636157,15:54:54,-1
25473236.761213943,38.785636463390006,16:20:44,-1
23782322.155748527,327.8172844221268,15:35:08,-1
61010855.377558894,67.52258092318534,15:58:30,-1
61567646.21657699,311.308925604818,15:44:39,-1
3071430.1603598846,298.80414795544385,15:40:04,-1
11257936.215464303,332.3329256335461,16:04:59,-1
21503066.28723872,294.4188593676997,15:59:56,-1
65580563.31236196,223.22051510861968,15:38:26,-1
33218059.551513843,241.28545789358083,16:10:37,-1
30118881.66687806,99.81646202848148,16:06:31,-1
25679333.678588133,279.2239548328513,16:20:59,-1
71419432.49371558,125.98519066864029,15:51:28,-1
80266344.68407081,235.30705913953668,16:17:22,-1
14721590.227859382,333.7816384899585,15:27:18,-1
6962317.620794093,258.69153974322245,16:06:25,-1
66084336.50656271,187.2732475288144,15:42:24,-1
1490862.4200872728,35.90393266250362,16:07:49,-1
71596127.4849871,104.41354326914907,16:07:42,-1
12009153.501288297,210.875014422704,15:45:50,-1
32076045.592991024,183.01776424470455,16:01:22,-1
17306734.223105196,190.37842968243493,15:35:16,-1
60818641.5676292,148.3402416854579,16:21:17,-1
56239949.62325226,323.35152155855536,16:01:38,-1
51511304.96664429,67.22073766521504,15:45:35,-1
39504100.76988132,108.9174979450679,16:21:26,-1
86706512.42919058,190.42345788359685,16:06:06,-1
56536516.435829535,197.67063554536625,15:59:34,-1
19851795.553948447,176.52885776497487,15:29:12,-1
28117938.57301416,194.80206569228383,15:56:36,-1
61643295.93767631,74.62573434598457,16:20:12,-1
63939169.0756555,261.3382591539285,15:59:26,-1
9266982.815597884,213.54060616292008,15:58:49,-1
63663675.883898266,256.9216501797775,15:42:51,-1
30219029.84387722,298.8072978678238,15:53:36,-1
30085811.081029464,116.59747895756716,16:16:35,-1
89119772.46836558,233.2611628212252,15:54:21,-1
32690733.82088401,27.289954113145008,16:19:51,-1
86960951.68683317,231.81503274522225,15:51:00,-1
81337062.3662731,42.45469183640196,15:27:59,-1
87194966.39342093,280.2237823387263,16:05:26,-1
40311856.17561065,72.85012594534595,15:32:07,-1
77076686.65062042,129.42546030686736,15:30:25,-1
40712033.75377442,250.42206004177075,16:06:01,-1
21411083.369655497,99.82884118518568,15:36:11,-1
10386116.307982374,178.13443955655856,16:22:25,-1
87196604.4378273,279.6573173009857,15:49:45,-1
83408291.9191983,325.36434968148484,15:50:48,-1
52352390.94783991,298.3574914054872,15:54:07,-1
27306056.2315988,345.74316429837785,16:00:39,-1
77144739.0427519,231.3821903747916,15:58:20,-1
81833112.97179656,85.50627474471959,16:06:45,-1
15844399.4792485,286.8910610601692,16:12:36,-1
53196963.33107383,117.11419245783256,16:03:55,-1
66800649.294628926,283.290831253049,15:43:29,-1
1475977.5273329895,269.3372435829695,16:19:15,-1
64769433.02526414,100.37141785452394,16:03:27,-1
84633493.81481227,24.83711497125408,15:54:00,-1
85398605.23074175,141.67938533141606,16:20:18,-1
6164856.0766799925,275.0600657958355,15:42:02,-1
24778451.53246137,146.64035663661105,15:56:41,-1
87253355.00844182,301.6910134621737,15:38:36,-1
44926259.83233136,147.72934492202594,15:58:27,-1
88226467.13033098,188.49130957942128,15:46:25,-1
28164819.0701354,354.864716728444,15:42:57,-1
74380127.06986147,44.70539305313175,15:58:08,-1
64944055.59217952,95.06304527960054,15:38:08,-1
10830470.854963496,142.81389071566286,16:00:23,-1
77844763.64563943,259.92085697303463,15:42:11,-1
808967.8467037951,9.88333119147596,15:29:42,-1
30587474.656443167,100.11093102744816,16:10:38,-1
71224811.39988734,334.5796955085764,16:04:04,-1
83027509.06314574,309.82161443021613,15:42:33,-1
36298114.63536071,81.69819749845384,16:01:17,-1
38475546.46041291,352.7118122038118,16:05:57,-1
77982770.86295742,43.57103843767895,16:00:01,-1
64281754.73474413,336.80563734571064,16:16:55,-1
75304750.77980629,115.40964541908988,15:54:18,-1
50326087.287832975,239.8875280107809,15:49:27,-1
77187391.08307324,47.80459948196669,15:35:37,-1
3333335.9424509853,307.06433805125323,15:57:04,-1
42335852.563773856,100.24147149708028,15:56:19,-1
2495912.7436954635,228.23782930222723,15:55:05,-1
68463170.73618218,295.66466906292385,15:45:20,-1
55236763.9357063,86.47353504832093,16:05:44,-1
3341101.7583752205,156.39552415234544,15:44:35,-1
44010478.91016992,135.58364104956374,15:43:34,-1
89668214.99539556,245.84399827662423,15:49:24,-1
85097400.15184015,22.48608763594477,15:35:02,-1
70655662.8127651,239.9073493507696,15:48:48,-1
16677117.60524149,222.19914807503432,15:53:35,-1
9132335.895481532,64.642663025566,15:40:51,-1
20713138.52878884,124.65772733730076,15:56:33,-1
89936797.77325767,210.83598418395357,15:58:15,-1
13503795.82960165,314.8001265956572,16:25:08,-1
79727833.6815525,358.9556926865443,15:48:27,-1
68873585.79694699,119.65993242240216,15:37:44,-1
62782145.54747127,285.4959576128795,15:58:11,-1
10768566.55738889,302.72572921251003,15:39:09,-1
73881912.64848755,58.276966622612434,15:29:41,-1
46684241.344100446,348.3676310347817,16:04:46,-1
47343986.787366495,183.602542230508,15:56:53,-1
38747798.01106418,348.99202839787245,15:31:58,-1
68940081.04357699,253.82774274263917,15:47:30,-1
34691381.27395732,144.06856464168217,16:08:40,-1
71716008.01675601,76.04247344967578,15:49:22,-1
54418888.785280064,158.9773630488367,16:05:43,-1
40924317.184762806,118.98903761509143,15:28:39,-1
75579559.5558671,23.8459025967996,15:36:00,-1
54463219.131873295,49.16054405641767,16:16:15,-1
19603349.254401542,46.710016984381234,15:31:08,-1
88806800.72240946,122.57681391066905,15:52:57,-1
37859350.28975539,68.07204915473727,16:17:29,-1
11741449.632496782,166.44634780999922,16:00:15,-1
45041505.74463951,309.0375815856332,15:29:08,-1
40480819.56222466,263.00033143362305,15:56:09,-1
12088370.72622186,152.991574594584,16:20:27,-1
11763526.198773123,200.3287454421485,15:25:54,-1
59290856.15314536,205.7863159468669,16:04:52,-1
35749059.28544356,73.71932811994927,16:07:51,-1
66584333.981127314,212.37164880258345,16:18:46,-1
82827701.07503402,120.86151031693596,16:09:51,-1
40191421.17906419,36.93609458279812,15:56:48,-1
31134252.20455668,347.8154908677245,15:58:04,-1
85482963.05078483,173.91212536174547,16:11:42,-1
56609518.40353497,159.80604834891489,15:31:27,-1
35147489.88863022,23.728228340629457,15:37:05,-1
14090159.678417852,84.86280144928125,16:21:42,-1
83080134.49109294,189.978797581385,16:22:21,-1
77366236.63789348,165.05587150315966,15:53:28,-1
62103020.89759927,68.67139938191099,15:40:53,-1
41787914.07104902,354.32118984496174,15:57:16,-1
24413537.03321384,159.67444605035604,16:25:03,-1
70551905.0611875,332.6058149185565,15:47:06,-1
15799075.768406313,336.0384009284384,15:39:37,-1
51129696.59936047,73.62990556102915,15:39:01,-1
74814903.27775882,183.53616555807548,15:44:49,-1
35302918.033921555,150.2142262574917,16:15:49,-1
49999036.38757995,278.9300311124002,16:15:33,-1
39283147.824473456,323.51229104722336,15:51:45,-1
18771073.10629603,148.61648950422986,16:10:47,-1
23179702.06835617,119.2406167713418,15:29:49,-1
88532389.26556312,319.4625882864583,16:06:32,-1
33659155.198229164,256.5944908086093,15:42:30,-1
50752986.1422104,127.60694737299184,16:17:00,-1
1423877.8751830447,135.22042666543555,15:55:13,-1
33973089.23264939,135.67471211541363,15:54:05,-1
46520818.526928365,139.3198690895719,15:31:32,-1
11450681.68379455,326.1593233227597,15:54:47,-1
33446245.277000397,272.16977584293306,16:04:22,-1
54952143.62699349,167.58059913064668,15:33:14,-1
37820795.56874816,255.9197240185191,15:49:30,-1
36345806.6597572,64.0830709520737,15:29:26,-1
77521457.96925886,250.8244054355697,15:46:37,-1
54125542.29887324,276.3102144051557,15:36:50,-1
54413889.11613723,186.22654507048117,16:10:44,-1
78037752.8030427,307.6653901901733,15:30:38,-1
65639378.65712132,316.3719006943894,15:50:22,-1
78694265.78395765,329.9854132373257,16:05:19,-1
56372216.07280545,131.19964735205176,15:51:57,-1
41382405.13466121,316.26969071422604,15:36:51,-1
23600272.03253897,168.39565092389583,15:56:14,-1
31064532.55946781,127.35208338477022,16:03:47,-1
73751673.96964483,262.60778533751204,15:45:33,-1
8866883.542434005,73.02371022938895,15:51:17,-1
73715176.07500498,81.15731248745617,16:12:05,-1
60217857.43687409,262.5607271836767,15:47:49,-1
77045604.72437236,165.05860434211536,16:12:02,-1
44610870.61815279,201.13755900848557,16:23:02,-1
2094823.143914676,274.10976973002056,16:21:06,-1
30589464.18320594,171.86176775077004,15:48:46,-1
39583245.15350492,234.55216365191697,15:40:43,-1
81139495.86366987,174.1978413163323,15:34:41,-1
64249334.84692664,176.6911619567927,15:44:58,-1
8920860.5333584,302.42664978819084,15:44:51,-1
87933878.34139685,330.49293775458824,16:07:29,-1
74111865.63805303,98.36992993096466,15:47:33,-1
88545678.87220171,118.52429528343252,15:53:16,-1
14271517.220487235,276.41877669265745,15:35:46,-1
70704355.78941573,250.0723370358483,15:40:53,-1
65691608.22619293,128.64454396168654,15:54:15,-1
68940082.84297048,164.39121590193716,15:51:48,-1
73193589.61473668,268.8859026690819,15:36:50,-1
43918627.76698551,91.25964072203024,15:38:32,-1
66161794.55787324,291.1855296176176,16:04:00,-1
19955451.836456075,115.11027067084638,15:26:16,-1
12733742.46426986,9.633224842760129,15:27:07,-1
42955798.3933444,29.595368221653967,15:40:25,-1
76833580.28592332,192.39253897057907,15:55:52,-1
42092639.62759532,313.18674807277966,15:47:28,-1
28592713.752270583,58.48373231972266,16:19:42,-1
33955262.78061449,240.3654821386676,16:19:08,-1
45190802.29528265,98.16490850663575,16:06:40,-1
72417564.05339651,61.42172955348061,16:24:46,-1
78664188.185024,330.3796740349195,15:37:54,-1
25004011.206329606,297.04425160339594,15:48:22,-1
82134446.51746374,262.4083710167566,16:18:40,-1
81670133.9565773,138.71234403815737,16:19:33,-1
17365536.236799367,324.5572887688122,15:39:52,-1
24780435.25456293,223.682047017704,15:45:59,-1
58050505.83981647,60.411782893097794,15:28:56,-1
61302749.7919452,260.00366826421174,16:15:05,-1
76220936.70221376,359.34932503906003,15:54:56,-1
36778263.51988125,145.93516348595443,15:37:34,-1
16651577.401074637,28.433120921819576,15:42:16,-1
18484036.133596145,102.9043500757299,15:58:13,-1
16202744.810496615,205.63490459732816,15:58:49,-1
14029554.590929903,72.69362429923359,16:04:11,-1
28192008.126099803,273.9261145766399,16:18:09,-1
19966722.451270264,301.5456226069916,15:38:02,-1
80313792.38468808,276.27229138107623,15:52:33,-1
57614049.33166828,293.3052116046896,16:12:41,-1
12617919.75531634,85.44461858792529,15:47:07,-1
42566583.96834269,334.19481788074614,16:09:02,-1
7707296.902686839,174.32403633577889,16:00:52,-1
4780754.31210717,28.77426153469564,16:05:52,-1
79489444.80208349,264.09280716968,15:47:25,-1
67462932.52907926,350.1880936699435,16:10:09,-1
39421831.38338189,140.870715609988,15:55:41,-1
1530519.275475066,68.71813310398505,15:47:41,-1
12936126.184513858,71.99129459047582,16:08:31,-1
32486097.584183358,120.2835917665354,15:37:10,-1
21617437.615967665,213.4888338152663,16:18:39,-1
7692081.326982541,170.8763176827569,16:14:46,-1
50179278.00738651,315.12075088991014,15:37:52,-1
57663029.0534053,58.40661782071428,15:28:25,-1
36010308.79799177,234.9144768623593,15:55:28,-1
19539955.61838157,351.9822131383862,15:39:11,-1
78656626.42345233,252.68577967415808,16:17:45,-1
78182432.61791033,111.80155958488749,16:20:11,-1
1854551.9280037184,269.5434885068115,15:38:02,-1
32522939.659209725,202.08892012275396,16:07:06,-1
45574727.358435534,110.21492923843395,15:53:21,-1
74215858.14336209,179.55346010387052,15:59:19,-1
83811155.41302665,257.1127421344068,16:24:52,-1
42818207.30953025,108.75659036287132,16:15:46,-1
74567942.91224141,285.3945642026079,16:17:01,-1
81414095.62334843,18.37109148156745,16:21:39,-1
29754343.07778416,185.0298523850067,15:55:56,-1
51888092.38768596,270.08124969023345,16:00:20,-1
981552.5226588424,12.458006658597236,15:33:27,-1
40629052.32987076,145.46536885595305,16:22:07,-1
68034210.02408455,273.9530273411563,15:47:44,-1
448014.0261266201,236.20590141978133,15:53:42,-1
43799992.46807968,230.7678542077153,16:00:52,-1
40656804.86388934,106.55160679392516,16:09:03,-1
5107023.504080807,182.68509904157565,15:32:46,-1
27449524.809015017,207.93609243547093,15:39:19,-1
40669846.96028584,154.29804710494344,16:25:16,-1
16023644.372983022,77.79657914096997,15:38:12,-1
49869461.01686576,313.280200795612,16:08:26,-1
54520475.02533331,147.26654730009483,15:55:43,-1
81159551.87302025,18.194382832150907,16:22:26,-1
30049170.104042068,53.87443146143109,16:13:42,-1
50932385.10258712,143.83106029151787,15:39:47,-1
81811936.2853845,50.78131386443862,16:21:58,-1
30425080.40899747,288.8934184914569,16:17:40,-1
58867865.66985803,351.6833518268123,15:40:42,-1
21946482.14280829,280.7597227733361,15:54:02,-1
66542493.9474475,244.4526492783083,16:22:19,-1
31464014.706553515,324.9386186394355,15:44:55,-1
55371773.58038591,169.30002570648978,15:54:18,-1
82063345.22815919,179.37643475940516,15:55:42,-1
47240977.65193939,339.5439351612165,16:00:58,-1
31205714.352501784,318.4598949029935,16:21:44,-1
46636872.42926558,240.09757396428805,15:55:25,-1
78725619.07499331,271.0734501528287,16:08:02,-1
44488862.07657822,217.1981595126224,15:53:50,-1
86071868.30233416,50.98596584058951,15:27:14,-1
83283615.73883079,247.6921028986504,16:12:20,-1
82472013.44207086,208.1594157491245,16:17:27,-1
23542019.86563919,287.12202282785245,16:19:30,-1
12688238.10376804,338.685503028475,15:31:56,-1
54782184.76900053,166.52306867403894,16:22:22,-1
14754650.002301209,144.05795435864698,15:29:57,-1
65701346.13662864,20.29351242580972,15:39:58,-1
32707207.71795612,3.082542345138206,15:43:03,-1
74079403.8848887,286.26518351356435,15:44:40,-1
35109647.72001406,337.9722109018164,16:21:48,-1
51668185.10376757,22.935737036710275,15:56:48,-1
89391831.70582253,210.15518000742088,15:32:46,-1
89950887.9841338,297.3183600038532,15:53:10,-1
65206542.91165306,259.29044983395266,16:09:23,-1
33498077.083315227,246.7387614079899,16:06:12,-1
9328994.6954364,10.838852380172064,16:04:09,-1
53092485.93708905,195.50643864186588,15:38:32,-1
21073465.976783227,266.5905392577945,15:40:37,-1
72447210.23304883,102.57049876668144,15:34:50,-1
2807247.95486193,22.1097576446228,15:39:59,-1
77759668.72112171,168.83741159011944,16:15:46,-1
52366360.4188874,122.59983525303429,15:56:38,-1
11463800.735371698,74.6825175592463,15:39:33,-1
1030038.0632588138,174.25946222005678,16:23:56,-1
26103266.148924403,45.91782953816234,15:41:11,-1
14194637.209665848,172.88444460164152,16:12:56,-1
11187126.707378903,91.80405921234474,15:41:41,-1
72478513.34894674,250.158707604993,15:46:49,-1
34480717.51661311,68.25433390473829,15:30:22,-1
610923.6648792792,243.79286787262964,15:30:20,-1
82264277.29112928,172.55198854370386,15:42:46,-1
14155619.47317996,101.8369451533491,15:53:15,-1
11892623.78154106,117.86221133679382,16:04:30,-1
70660098.36341836,348.2483867334835,16:07:08,-1
45894778.08179855,124.10166219206432,16:21:14,-1
643015.0065301362,7.141567649762015,15:34:26,-1
78012283.15072493,31.806690543023656,15:43:49,-1
40235885.971742645,219.0061159652208,15:42:43,-1
52601198.14563553,333.7503257007209,16:24:48,-1
20340938.79971683,237.93529317844255,15:46:31,-1
9464826.93413234,147.856433959438,15:31:27,-1
77733068.72142759,55.44910713403827,15:39:37,-1
50194867.42469867,311.46475972369615,16:21:20,-1
48430871.33486793,348.2003326543803,16:05:34,-1
12947734.848178102,3.74389830285844,15:59:53,-1
16213395.535463424,56.92278080221525,16:22:57,-1
66381912.47004265,244.78506615380675,15:54:15,-1
74895951.35729156,58.62651773996796,15:28:36,-1
41894274.92420799,92.444636478861,15:45:03,-1
57743678.67348784,352.6867502110299,16:17:53,-1
30407896.042188626,328.42156683375003,15:56:18,-1
48986744.70077899,146.8314471844847,16:05:41,-1
50217062.41648784,260.01947252939306,16:19:30,-1
25139201.00594293,127.3684473463305,15:54:52,-1
44246077.52335622,19.023768929702157,15:52:57,-1
54714895.67094372,327.82833706949833,16:09:24,-1
85241851.7094634,23.75732779277776,16:10:39,-1
19246146.74334861,212.3571684937266,15:29:16,-1
67326588.91956408,304.7827195872808,15:46:50,-1
52209945.30553052,155.81886506331855,15:57:15,-1
60228009.573750734,116.7732024689905,15:35:03,-1
25820559.539177965,87.72273871648213,15:41:49,-1
14398351.828382306,354.5084673766196,16:17:28,-1
67986230.30614258,103.7401279511906,16:20:45,-1
89622626.59117515,351.9229033962793,15:57:33,-1
72753644.58481364,312.9580992492765,15:45:51,-1
77486632.24079245,56.10117454221439,16:04:11,-1
84714482.27555665,153.72099245315832,16:17:51,-1
80569164.4383852,72.0644443258675,15:52:50,-1
64717863.273495294,0.974970566266662,15:31:55,-1
68879245.41210838,12.75751226464662,15:42:02,-1
41660962.502930544,182.5757972771345,15:46:32,-1
29873918.628736727,252.97985271246628,15:41:45,-1
45039592.34724283,1.9887310356649968,15:26:56,-1
69770132.0909715,188.7211470842568,15:58:09,-1
23818398.977318496,347.6665238621334,15:53:07,-1
40505836.50071874,295.57241575821047,15:30:18,-1
9444968.623459045,330.76166249665494,16:12:13,-1
23048901.333717767,120.44564225618493,15:37:07,-1
61204716.65510059,305.93745735080734,15:48:07,-1
4874216.850419578,121.913558412292,16:16:12,-1
84063975.8698134,168.65890422563905,15:33:32,-1
32898108.92642997,341.3000922828558,15:53:20,-1
32885708.71378792,157.85352157356513,15:44:36,-1
10822934.744915258,10.224389652705256,16:23:38,-1
84272007.10929361,52.88014625515581,15:27:15,-1
20323436.34933768,249.5738647282008,16:23:50,-1
60899363.525439546,121.98386524661716,16:18:36,-1
73064330.01695958,139.08587328516342,15:30:37,-1
43152741.66987879,135.64293866384682,15:58:05,-1
12865269.233120693,298.45941533630867,15:56:14,-1
8917901.674342113,269.3029320226605,15:43:16,-1
38298858.146652974,348.3136395182649,16:17:06,-1
6643653.029491728,268.7853318425958,16:21:08,-1
45265231.14442029,7.081677850736887,15:45:36,-1
89249093.04046169,339.78396212438787,16:10:02,-1
45104004.90260047,183.3375674531396,16:24:25,-1
58608132.495734185,133.85015902272627,15:47:32,-1
47872570.51650302,118.73816240901354,16:02:16,-1
36093080.788958125,261.911531677432,16:11:05,-1
62707791.88721748,83.02594678131962,15:26:46,-1
16511531.893112214,4.569285469162465,15:35:51,-1
74132310.10092397,189.78185095321103,16:20:06,-1
57873436.55595809,343.1593766097832,16:01:42,-1
33671434.869905055,117.93949521137635,15:35:21,-1
22017192.00545293,316.2901231414348,15:55:50,-1
54801561.18504104,346.1101507782994,15:44:28,-1
9459403.739430282,70.87015695661744,15:54:28,-1
35147300.910801314,241.09760379291785,15:39:08,-1
29775748.168523557,117.56768650176046,15:56:44,-1
37787377.43367179,236.70818885065572,16:00:52,-1
46674422.435574375,255.70592460289745,15:25:31,-1
39827268.69300118,212.2463013632944,16:01:11,-1
978766.2842330872,116.33107127795678,15:45:33,-1
82760972.24618451,280.50097084299125,16:19:29,-1
8409393.344022488,350.387606557674,15:36:33,-1
43740375.0159207,223.50394092379457,15:35:46,-1
8146393.654957227,204.4610473301122,15:35:43,-1
63004084.77437312,311.5956374244448,15:54:16,-1
65102129.31718061,181.79705048554484,16:17:38,-1
42902923.09735469,201.31478845929348,15:35:42,-1
75358062.65438205,264.4376352627171,16:08:47,-1
33524023.07298884,93.80087138791548,16:12:11,-1
88145894.98418581,272.00577215015795,15:56:01,-1
69344561.6512782,60.15843988001268,15:44:34,-1
24037694.542696577,273.9955492503795,15:43:12,-1
53261596.38070935,21.90968305407139,15:54:27,-1
31210006.70114821,59.81772154884965,15:46:49,-1
50655075.71447952,19.005749236505004,15:37:29,-1
9900745.540255116,8.501024828786004,15:28:04,-1
34457490.234012164,2.850325501342485,15:49:03,-1
51288704.27601402,69.8542646268557,15:56:46,-1
20148560.856593717,343.1758395795609,15:31:49,-1
11044540.797201931,295.339068567808,15:40:57,-1
53367915.73638138,349.8621745121653,15:58:37,-1
37792428.89849286,242.31015152735168,15:33:55,-1
1649837.3745174755,133.6062817237776,16:20:06,-1
37825732.24742645,216.4274046725077,15:47:24,-1
25557882.549690936,177.5979156591786,16:07:27,-1
16414197.784263566,226.31035743887068,15:36:22,-1
21661151.075972777,211.88694703192303,15:41:33,-1
66171678.57151944,343.4607052366968,15:39:18,-1
63180626.14375372,80.4746433216377,16:17:44,-1
27497197.09450133,340.4376158892847,15:33:42,-1
23153327.98774803,48.89350777055844,16:15:52,-1
7628045.069396071,205.72036888222712,15:30:25,-1
45292200.73108505,152.53711965576852,16:09:18,-1
84927484.79563613,154.528343784882,15:37:07,-1
3584657.9475726075,243.69024890470092,15:42:28,-1
66573768.486452125,324.023057098293,15:51:44,-1
40104873.74827275,17.833332030388384,15:45:50,-1
36264538.69005514,4.092058988259386,15:27:56,-1
87603086.4268269,243.66780822120597,16:00:39,-1
88392089.8073851,147.64787681723826,15:30:18,-1
63159045.63805928,126.80215700962532,16:03:39,-1
35646076.1392516,26.43952300241996,15:39:40,-1
69759384.02654272,88.88908616401145,16:23:08,-1
65794298.37042847,106.41597923233245,15:44:56,-1
46895470.693851314,241.2334896527192,15:48:03,-1
19331429.3972833,196.0919047524196,16:06:47,-1
24410880.718941744,63.52477827466161,15:46:54,-1
5107735.73992303,2.8588412785578354,15:35:59,-1
13775095.14381772,266.46835087290657,15:44:36,-1
47834663.96801554,62.59995390673007,15:40:51,-1
84444426.57263142,19.089557751637752,16:19:13,-1
54485709.4822476,80.02933710297329,15:29:25,-1
39953555.58289003,249.0513656942728,16:04:29,-1
35175470.89569222,254.7553865380853,15:31:09,-1
65140569.43942492,108.67781249685795,16:10:38,-1
20167725.563943908,21.671871965961,15:26:56,-1
14453876.2557203,165.31290821632422,16:07:57,-1
72704787.74807173,9.779068773322152,16:20:17,-1
42482898.89107031,206.1154766838024,15:52:53,-1
9471281.519618368,253.0956737163934,16:07:07,-1
48415149.97145373,326.4769526408621,15:43:58,-1
41500742.745274246,342.60246422871853,16:19:16,-1
79845640.63728866,5.820512848913895,15:36:21,-1
59346102.16588843,63.39104833748859,15:38:24,-1
62005488.93383465,204.42117552423264,15:39:26,-1
4656855.157013042,151.7883878763468,15:34:49,-1
76974688.7309098,33.79830715657249,15:52:33,-1
29584922.12752619,135.3558392292329,15:57:55,-1
24355566.01650953,296.8587862346317,16:18:42,-1
20227658.721522365,217.48790401550457,16:09:18,-1
45100111.90417599,319.69673537674623,15:36:21,-1
38422558.51559584,93.5117108020737,15:57:10,-1
39482312.74288139,96.28674257778268,16:18:31,-1
25730902.498849235,100.11180043675672,15:54:05,-1
36321036.69621783,343.3835489666181,16:14:36,-1
37004470.86105542,17.085275238826867,15:38:40,-1
65339055.0935503,95.34813235298056,15:30:49,-1
64635412.34273607,172.63040889532303,15:54:33,-1
64128304.36199762,298.9898968696982,16:14:28,-1
8494379.443360029,278.3318248081482,15:59:12,-1
62218759.06887913,235.89713640093063,16:14:52,-1
33846141.33162169,141.48582525970693,16:21:21,-1
77193366.30130626,343.34832636053284,15:37:49,-1
11687581.67611446,13.347065723118256,15:41:50,-1
29319319.815356072,73.37957222570772,16:15:55,-1
52901841.38396169,42.41882776646548,16:21:48,-1
19220399.65688652,267.41057860618986,15:34:29,-1
14394829.369500635,48.90123736085311,15:51:41,-1
81412714.46161476,135.71587219864745,16:24:28,-1
3465937.3544382844,284.19564359038014,16:22:48,-1
58202298.7341652,67.35479302490874,15:34:18,-1
50771507.89405737,171.03089268157572,15:45:41,-1
16776928.690024868,268.7441433441163,16:04:25,-1
29652415.807862237,60.15447721759236,15:55:31,-1
45510450.505764864,148.2016527169783,15:39:48,-1
109764.8683699179,303.6871462008092,16:17:48,-1
27656593.100220777,179.22477266508855,16:09:00,-1
47025356.43690744,299.6328097319264,16:17:49,-1
19343063.37249838,104.5746688680924,15:53:54,-1
85695176.84262678,94.59684356775838,16:19:16,-1
85676652.14548638,32.89195608288103,15:42:42,-1
1075522.9378869054,187.7901261074076,15:40:54,-1
41314834.93189167,265.581743528849,16:25:01,-1
88105098.5908267,151.00088774108906,15:50:17,-1
54924522.76809008,119.41414181039993,16:22:45,-1
7907784.317895505,184.8714575901361,15:51:31,-1
74973309.51271068,157.5206948099449,15:38:16,-1
23533636.544259053,190.02848914746065,15:36:03,-1
14428876.779472113,244.1991662835899,15:28:46,-1
51674117.12356439,91.32354689733262,15:36:19,-1
73951162.7161831,182.2087488780588,15:42:45,-1
15605581.33913615,163.31139672328965,16:21:00,-1
9994366.837345922,110.5650294003296,15:35:59,-1
37479233.15546301,70.30121772587842,16:08:44,-1
11233990.090007106,248.2868222427049,16:03:07,-1
63591565.43371951,15.78149819076247,15:42:43,-1
75858492.69934408,224.96246392797812,16:18:49,-1
16262911.27082267,61.65467778608193,15:55:41,-1
56594254.80514996,179.20292921115174,15:56:10,-1
57226403.824362405,109.85526336265994,15:43:07,-1
23364234.22164263,4.064210068143446,16:19:32,-1
74305580.47179891,30.170462487511852,15:51:47,-1
56958526.574231766,133.83652609341848,16:01:06,-1
77844733.80995098,28.976530295221792,15:36:31,-1
76778749.77640718,343.4830581335908,16:13:34,-1
79182842.29541801,264.3445244019677,15:29:39,-1
58110578.931709625,323.0927327920182,15:41:26,-1
30866859.1806688,92.23859344841703,15:52:09,-1
24952062.365971737,132.24198705295305,15:41:42,-1
64090899.26897089,95.0696841973405,15:57:51,-1
83410391.90913472,114.45546233509934,15:47:44,-1
29881572.55856291,164.36377777908322,16:22:13,-1
87408464.19133821,118.9699892502578,16:13:44,-1
54219107.33381885,217.4408047807829,15:47:43,-1
88847358.78893249,165.8396526590122,16:11:36,-1
60726184.905524366,274.03807152065434,15:30:19,-1
8759159.013333226,161.83351078583763,15:31:50,-1
59383181.282017626,346.3880273963799,15:53:28,-1
4829459.251940603,16.683511859187774,16:10:05,-1
52715231.13050695,90.57059754552256,16:05:47,-1
81434210.67572723,277.1157435808068,16:07:14,-1
1568802.2710936172,64.79950561217686,15:44:51,-1
21854710.710045613,179.8352958318729,15:46:17,-1
75943818.77503671,105.1440177230261,15:58:00,-1
55234749.98428272,305.28881491688304,16:21:55,-1
2885820.221723526,249.73974466173084,16:08:50,-1
16107530.851561392,0.7307702063332577,16:05:13,-1
11986948.924764756,27.01055098596614,16:20:02,-1
35675876.729076065,243.94397624499413,15:50:42,-1
66732868.405444205,38.97853968596931,15:58:59,-1
44685205.38947572,60.81026347245044,16:03:31,-1
33956779.62918299,354.285154825688,16:16:04,-1
76278269.46430549,72.5344101152421,15:46:24,-1
11927192.297166618,187.6690078761332,15:41:12,-1
54417743.8674468,288.4697324634305,15:40:36,-1
1359095.457435944,268.2138658324984,15:26:33,-1
72551334.43442166,64.36447474073073,15:33:22,-1
75039405.61712466,206.2803497196096,15:26:44,-1
78594172.45855094,279.57433993464,16:19:00,-1
69182471.15688148,164.11542675859138,15:35:54,-1
38649183.827780806,169.1755734249068,15:44:23,-1
27992937.96241134,38.163865530051446,15:38:44,-1
23958924.772903908,142.5355497929614,15:48:07,-1
58982307.30411794,1.6916776570124314,16:02:36,-1
82822345.33489615,4.865313140804504,16:22:31,-1
26006254.198613327,22.59904085492817,15:50:17,-1
80423498.00800744,133.99717841562912,16:19:24,-1
40539493.33398201,147.8695221657298,15:55:59,-1
77991743.3916492,181.7383711479413,15:54:09,-1
34720459.9187034,205.45309450477217,16:08:52,-1
24696010.136937637,146.37237661750817,15:46:18,-1
86281910.17164482,153.24612341227893,15:49:04,-1
64439577.61623847,52.25507662250139,15:25:39,-1
57812757.46540258,277.072581591658,16:17:18,-1
47772227.46483499,156.67136387291248,15:42:55,-1
37141114.12466788,101.56235216169236,16:21:39,-1
50585661.54017318,128.56365778853674,15:31:55,-1
67473119.52858326,37.95011738813639,15:54:46,-1
23741539.28118187,356.4800204303009,16:04:33,-1
44413167.654331565,109.9403092963018,15:27:08,-1
82184128.4709859,299.0513078996137,16:10:49,-1
88689617.75576432,290.064924261991,16:15:21,-1
25302427.599860024,37.60837856657962,16:00:17,-1
43430447.970525175,210.9157671160306,16:09:16,-1
60920883.85931564,97.5064609908958,16:10:53,-1
68206720.66488758,108.26090273640187,15:58:54,-1
23262979.21461475,253.99696165955743,15:34:17,-1
81876243.34660812,141.71038629703003,15:30:05,-1
34014240.62844486,317.1311577708503,16:05:48,-1
39647689.74451862,68.43816511233324,16:01:38,-1
9434480.611273617,133.3566870061158,16:20:25,-1
29372764.45947808,156.80047921989558,16:11:21,-1
3285915.423888172,142.62507427624826,16:09:48,-1
32047211.598901607,143.17334643280572,15:36:01,-1
32123853.901354525,209.23145919928365,16:21:54,-1
63635700.50649186,293.8829093704807,16:13:55,-1
34160927.56133036,282.4627584923334,15:42:08,-1
58819043.08042101,234.9382971270315,16:18:12,-1
86130455.0157343,294.9734034594948,16:24:40,-1
56302621.25846855,231.7729102256401,15:48:49,-1
62829352.31786586,349.69718269566766,15:50:13,-1
4056684.644350364,289.049345114599,16:05:51,-1
22066432.871317297,47.57916869146735,16:09:38,-1
16744724.311766094,240.26140075736,15:57:35,-1
60191158.89265101,65.9145685198456,15:35:10,-1
72143695.91144115,236.4534142531796,15:59:18,-1
10177383.922200631,188.9321385607221,15:55:22,-1
49595960.00139429,32.774277327889095,16:04:27,-1
26035128.517416656,55.2983426397385,15:27:58,-1
54055053.08123749,28.041790774181827,16:09:47,-1
27465485.064684138,30.198931401627178,16:15:58,-1
52550953.43946416,91.0230404090899,15:45:04,-1
36842929.80441867,186.26591377981356,15:36:12,-1
53023484.61363524,101.52501178105086,15:51:45,-1
46730136.117074296,108.88710864296708,16:18:34,-1
75233538.61206016,264.94464554356944,15:36:31,-1
28313077.94450166,253.2064604283504,16:16:05,-1
51032908.04380347,231.8324902331576,15:36:14,-1
36313492.63010135,250.40412154750803,15:36:26,-1
87186256.70256,205.1370756679388,16:06:17,-1
40832968.94642821,83.09386571984052,16:15:26,-1
56387275.10597397,172.92724361597706,15:26:48,-1
49349020.78419185,56.76842281424537,16:05:02,-1
57766607.11583078,115.41461395004782,15:43:33,-1
89099855.10206053,87.77689327641018,15:28:15,-1
54362144.7313976,274.09707142749727,16:00:12,-1
14598961.09662293,214.75456843139008,15:41:09,-1
62963116.42978643,160.94730402338502,16:08:41,-1
45108153.35590118,152.80521478610157,15:25:59,-1
17099530.460752115,286.79330711738896,15:55:27,-1
53628866.45072061,235.4403837262327,15:54:41,-1
1822907.5412624944,338.1025023053266,15:47:34,-1
33421595.303735584,76.25493669790087,15:30:23,-1
79856907.55179234,134.47137029358578,15:49:29,-1
5897186.628307289,298.9979125788747,16:10:13,-1
49329245.91739172,260.8713727180692,16:21:37,-1
9836931.112850873,95.4931912310371,15:33:20,-1
73259982.13175125,162.11765729901032,15:57:58,-1
44942609.92165825,249.35274092333327,16:07:53,-1
1579878.8198377215,287.43161944093373,16:09:29,-1
32992338.675965343,341.400902758424,15:50:43,-1
16768989.532617591,98.58116529343452,15:27:40,-1
56232499.35887915,22.707517798482087,15:43:04,-1
13853622.940294158,99.24025917158258,16:14:24,-1
9593194.398800856,238.88942911545732,16:24:19,-1
39755468.83926615,9.183371068330072,15:34:17,-1
41994024.89272612,266.0854290188109,16:12:24,-1
6052601.293793863,328.0201063223316,15:38:32,-1
70055926.01076849,160.91651578192975,15:37:00,-1
9348280.404891064,309.78271977842644,16:11:25,-1
53318282.11931072,236.7063412100604,15:31:39,-1
43761322.71310091,305.927340490912,15:56:17,-1
2652559.1940012937,99.1050169273394,15:27:58,-1
7341065.194017745,187.84731756510925,15:42:24,-1
41911823.92097239,234.5876566594814,16:08:42,-1
67572705.24018444,336.7705063959741,16:13:55,-1
7278466.751784114,236.9129211007648,15:32:52,-1
46686187.54602409,93.8979535834484,15:50:09,-1
21430138.052460343,50.76156954488759,15:44:04,-1
25185500.27041793,322.80077821269794,16:25:02,-1
13420921.79687265,193.28086301849743,16:19:55,-1
77389522.58354943,140.67977004785092,15:59:27,-1
26562255.875188503,276.11377503340503,15:48:30,-1
83663244.44838211,118.2368326742968,16:24:24,-1
66009269.43268059,303.05729536906136,15:36:33,-1
18823806.678488422,8.067397154839945,16:01:44,-1
73433825.40398069,212.42250586873075,15:54:11,-1
38755010.03915558,339.7092418405168,16:00:41,-1
3395244.334305532,217.7901243127104,15:56:48,-1
73729176.68223299,206.1785012840858,15:46:26,-1
49511716.78293714,87.46231999944442,15:48:39,-1
72452370.85625713,180.71830124264744,16:22:52,-1
66607291.66470548,16.93128444930112,16:04:05,-1
63075790.68039469,122.33158514229936,15:36:02,-1
62685529.98640405,219.56593688706357,15:51:43,-1
61933084.15945433,51.83217520631421,16:17:01,-1
89085311.31705059,7.994939331466901,16:16:27,-1
78831168.82949108,322.2741555565333,16:17:25,-1
87615197.52240485,220.26829485436107,15:58:03,-1
54843516.28415665,70.18833167361672,16:04:15,-1
30034551.62389556,250.059701510684,16:06:44,-1
40119008.61308354,181.5225635715842,15:59:13,-1
43407324.554749645,308.3661325909378,15:34:14,-1
20080221.89300975,233.2008812563745,15:28:41,-1
43741563.58750284,11.3422566790965,15:38:35,-1
36177058.07542596,356.5920192704025,16:04:30,-1
8160606.824482391,271.05841638677856,16:02:50,-1
89036549.88289718,213.1113549060921,15:35:36,-1
21571252.51649724,167.18873280580746,16:16:41,-1
26739243.22711051,301.82673908857214,15:35:02,-1
70426940.32591568,7.273295007408946,15:56:02,-1
11897031.040853592,317.4945379320337,15:47:01,-1
29960594.09433926,331.4442277540307,15:29:01,-1
49623580.56007396,341.72186994449805,15:35:15,-1
49065300.64786578,13.667609092985575,16:17:55,-1
67850622.12500095,31.77895564650456,15:28:15,-1
47825499.687831424,186.62964479896308,16:03:50,-1
7483956.821323109,61.92289930554634,16:17:12,-1
43160873.69174548,127.75422633708972,16:20:36,-1
82729338.78849633,3.2301846592023464,15:29:59,-1
44201930.3492088,186.44767592886328,16:08:58,-1
39220572.047868624,298.4611206276221,15:31:40,-1
86640490.93010747,305.42214639070136,15:55:07,-1
42382034.43287471,340.4946824184552,16:07:00,-1
49344089.9280609,189.03665662758135,16:21:31,-1
64771867.05248552,193.0226770436048,15:51:15,-1
43285278.99947112,247.7937839744113,15:32:35,-1
51251372.17270905,204.0124657357444,15:28:46,-1
48490908.33289224,176.45099235395617,16:21:00,-1
9826665.458864642,293.81170044077953,16:14:59,-1
31890891.905210227,123.43217580558748,15:25:35,-1
78002306.6013443,323.9469757326013,15:35:38,-1
61929965.47414495,358.426338710851,16:16:43,-1
43045711.49181081,298.97002911303593,16:10:18,-1
31636907.639794745,97.16144611165625,16:00:32,-1
38681207.08446805,152.27951080562357,15:45:49,-1
80590481.29305601,68.49550504668875,16:15:26,-1
54641060.95798046,286.0535461581786,16:03:08,-1
26928271.38063398,183.25748487925043,15:59:21,-1
51902778.63154224,2.359294814381374,15:46:16,-1
53455014.09711001,325.2077735677757,15:52:58,-1
10679383.699163498,218.15935296554068,15:56:02,-1
16097584.68406787,53.461399601583295,15:27:40,-1
80546759.75028016,338.0240543683325,16:00:17,-1
44539854.61005802,152.81473541150308,15:40:19,-1
71438308.13474049,90.78948813173156,15:59:49,-1
52681110.67935015,84.70099197237657,15:47:08,-1
32175646.019509826,24.87448493170496,16:08:41,-1
65668786.35822111,227.59821518235373,16:15:46,-1
71246443.34666082,120.92141959475153,15:52:11,-1
4409768.479682673,328.3299689719659,15:26:32,-1
37257772.10421674,186.32279297696,15:57:28,-1
55817636.94782128,24.524783681332774,16:02:05,-1
2280042.181902121,96.91766783324078,16:07:47,-1
55366564.84209436,80.33617747681177,15:58:31,-1
29357693.60287636,89.5012970595367,16:12:58,-1
47127276.2556738,234.60651693043903,16:05:14,-1
66909356.54688911,48.638084025130425,16:02:27,-1
31084783.455009308,113.59924196273302,15:48:24,-1
78352140.77065697,358.73081434619064,16:22:18,-1
54657721.68776226,120.9625331659396,16:01:23,-1
86383837.77178976,25.76833188261194,16:12:21,-1
10813467.921441363,8.150777193348674,15:45:41,-1
61841625.27297884,183.5511849080226,16:02:20,-1
57151727.1287719,252.67862423311843,16:18:54,-1
79544768.0610677,107.49407041438522,15:39:44,-1
61385700.01561915,206.20472610807772,15:36:19,-1
50050484.43252053,258.9159920702865,15:43:32,-1
74917856.24226238,185.39004789929507,15:59:25,-1
35523704.183609255,161.16221363991113,16:06:54,-1
34865425.452934295,253.34231458017365,15:50:46,-1
75566388.47833481,244.2361676652758,15:33:12,-1
41584460.98856314,201.11728818792508,16:04:42,-1
70449621.40414028,353.6124922432312,15:30:40,-1
53344160.45706198,234.62681825484503,15:57:05,-1
7913467.771228286,209.55691518313543,15:47:13,-1
56445852.48112781,342.9388137658476,15:35:11,-1
63799098.2949528,238.7603649018616,16:00:45,-1
32914627.552896123,288.7558626375829,16:16:24,-1
74112849.7931946,207.66718243097696,15:27:59,-1
53343014.2874241,316.4355566933751,16:15:32,-1
89897077.31511627,110.10103694575176,15:46:07,-1
78850151.20739314,345.56330133848513,15:46:28,-1
54908372.01744098,70.34995819365726,15:42:51,-1
2952692.338687447,302.3401198916231,15:27:25,-1
89059928.44673218,329.3764530525592,15:32:53,-1
51822958.81654019,233.73340961062627,15:52:35,-1
61537860.41583176,259.29841802718886,15:26:50,-1
70715586.85078046,219.0079654254166,16:16:25,-1
44112226.76413162,290.4819378686255,16:16:55,-1
44740696.471103705,341.9942907984532,16:21:40,-1
53575390.288157485,171.25969069597397,16:20:14,-1
86956186.7926539,295.5941398095677,15:27:45,-1
29522176.228532467,249.49861205692844,15:28:42,-1
81643210.27230269,251.2429295164428,16:14:59,-1
24632589.79057013,15.46882690728618,15:32:25,-1
55874838.199559614,233.29659819036016,16:17:59,-1
50379925.65540005,110.1711640786339,15:46:42,-1
29705016.86819032,56.01199827697863,16:08:07,-1
11544452.717984311,234.6258602969302,15:35:15,-1
9499063.796092724,320.45680642569323,16:00:16,-1
9069548.767176764,313.7520128817547,15:32:14,-1
60984968.44797856,61.2405672965614,16:00:17,-1
69646315.77389868,277.27875828816684,15:32:10,-1
76327682.65596968,339.63133783361184,15:31:40,-1
83657984.98498936,4.947524591697117,15:52:49,-1
69901689.28027956,348.5756029056067,15:56:42,-1
17348175.1223056,37.03560816843024,15:54:28,-1
84203893.09539339,119.19727530761968,16:12:09,-1
60787203.908032745,229.61245435548005,16:18:03,-1
38513439.67310925,267.7497783694682,15:37:14,-1
17832166.747049563,116.80196977472616,15:50:21,-1
84769436.06977686,359.3853268411564,16:04:52,-1
16451142.435009494,175.04583390548578,15:59:21,-1
21209493.84597545,75.14571342755372,15:43:27,-1
42046862.12840369,274.84196090637533,16:03:26,-1
4057156.7497355696,167.1603863869955,16:16:22,-1
82468213.90009718,221.68541213340248,15:35:53,-1
76281306.71613637,2.7539162447454046,16:11:55,-1
41187388.56033025,74.73061992719083,15:59:07,-1
19566701.795950048,148.1749039712125,16:16:38,-1
46049516.02706092,292.51114846684135,16:14:36,-1
2606900.7169625056,343.3089150083295,15:27:20,-1
16837501.922861256,74.40796440492684,16:04:40,-1
61905717.09828947,221.06522300779392,16:17:20,-1
58813516.43335781,191.77992835313,15:30:00,-1
70880960.12687233,218.76564062563503,15:59:28,-1
38210614.028740495,209.7159022292896,15:34:26,-1
21777753.99165715,130.381980710423,15:55:30,-1
22553198.715145603,178.52336812664572,15:54:46,-1
54872060.96422285,257.626618992302,16:12:00,-1
29936003.60039422,176.7893722579337,16:18:44,-1
37133340.14474952,212.8147855848994,16:16:29,-1
16599728.811301049,259.2060323702192,16:18:39,-1
46933888.84846857,95.23500786125464,15:37:12,-1
71040684.22022359,254.8274392455907,15:47:20,-1
31685521.428714123,91.64365406576157,16:17:33,-1
62211995.62335053,95.62741114027808,16:04:53,-1
6041303.120534962,97.3643124175083,16:00:58,-1
16729170.716899885,44.35620522258978,15:54:46,-1
39221875.779111005,43.09487418811424,16:20:05,-1
87256675.81902061,324.83793892368567,15:54:32,-1
48463986.4131377,57.72925319129243,15:52:41,-1
72870366.37903848,267.6600195983732,15:54:09,-1
5310506.332715712,7.415618709660401,16:05:47,-1
27621393.39646066,345.5884612479311,15:38:55,-1
77301435.2066085,64.51651796794002,15:35:54,-1
31220248.862512145,310.8954817013707,16:25:21,-1
49640987.84969523,84.45661850888396,16:17:39,-1
62255688.15402118,14.825062924802488,15:33:07,-1
2506482.6420341125,270.4145104757366,16:02:15,-1
3207315.800341263,321.1521858563221,15:46:21,-1
82824912.19268528,97.24050828286482,15:28:51,-1
27290710.99177292,268.28189785544646,15:54:35,-1
83388457.16702303,85.45828269332237,15:50:58,-1
24912407.38145952,313.5784739204027,16:19:13,-1
71378251.25604133,233.5850414578812,16:08:34,-1
25160478.20862561,270.6070336850668,16:17:06,-1
38002329.61970346,115.73501571359743,16:23:29,-1
35276655.40429828,22.58287598115675,15:33:33,-1
18124758.74072756,71.65226064591076,15:40:15,-1
13901316.018077971,189.10137964236824,15:49:15,-1
71784247.62384085,29.75842440757239,15:29:40,-1
30849906.96442514,64.20423514417944,15:52:06,-1
16561367.21207197,178.6819240329888,16:17:59,-1
88995763.40458538,141.69786353600293,15:34:01,-1
36682400.53950493,248.1475860535205,15:52:57,-1
70670599.5072077,340.2553559436085,16:14:43,-1
26181308.67901485,80.2218354204045,15:33:47,-1
84834049.56811509,68.61257765572495,15:50:40,-1
59220783.03267774,342.4171623765233,15:45:20,-1
66055585.03127875,217.79139695136243,15:55:24,-1
70508201.23354395,249.9416347656076,16:20:31,-1
3287162.354798932,50.62858492459826,16:04:45,-1
45976415.080660574,173.07316771581534,15:53:51,-1
34995163.62569196,158.56559572668357,15:42:52,-1
20755514.48098185,17.722842192951852,16:12:00,-1
88312625.17076145,46.66114251306456,15:40:47,-1
1452998.7654309229,130.97763004921427,16:02:34,-1
7922146.479263514,168.56738215160584,15:52:32,-1
4948853.734488484,216.58715950211828,15:46:00,-1
70961603.97163239,20.84746170495539,16:24:07,-1
6448494.99022891,196.1518722149028,16:11:21,-1
11992214.9449518,197.48453901818667,15:38:31,-1
78999458.11001842,346.6138363194229,15:59:25,-1
7037660.9234216735,326.2171480723372,15:36:06,-1
46237954.87744797,72.09991982288221,15:30:27,-1
8898462.407789571,151.93093405177632,16:24:39,-1
6946132.822439135,44.75144707939384,15:41:26,-1
45039502.33518012,277.2080401533495,15:56:24,-1
81451267.16918273,192.63307517823625,15:54:59,-1
77439183.18291089,35.750487927648194,15:36:00,-1
10040343.367467694,222.7516329410144,15:39:17,-1
3183015.2323052776,52.71974771696299,15:28:54,-1
70210823.11365297,174.35066890001065,15:28:51,-1
20705232.302907277,295.5277091090032,15:57:50,-1
8093058.741626696,10.01972161291591,15:26:25,-1
60944161.77522727,8.02209779277999,16:11:12,-1
20009924.29990729,240.0008934236924,15:36:19,-1
20899269.77721214,345.6793574213516,15:39:22,-1
80383133.34609465,25.42543579872924,16:19:57,-1
57776472.23994915,347.29321643662405,16:24:48,-1
89014589.28091234,258.2865580721887,16:18:55,-1
58390807.82467895,282.24828617902824,15:28:36,-1
17627606.799532227,211.91795132045905,15:45:55,-1
8386635.348668858,291.854095073542,15:53:15,-1
86815455.59233363,81.80939645159368,16:06:49,-1
66460668.66272067,168.5807328621501,15:54:09,-1
11974334.015416635,197.05648853778223,15:49:33,-1
74444430.6720615,71.80863420774628,15:54:18,-1
56005522.94794804,290.6500431633588,16:18:27,-1
26140230.464226924,220.0685261123176,15:31:00,-1
58013631.67553269,96.52759482170168,16:23:21,-1
11420302.81363532,137.1688407807756,15:39:15,-1
33452448.545478158,54.6052202216698,15:43:06,-1
5960405.921417764,178.462362107576,15:34:38,-1
7177231.945380283,299.5545677546632,16:13:47,-1
64288961.50881925,183.4407941712236,15:26:38,-1
81193990.2739179,52.276892596090384,16:21:01,-1
23711119.684015933,236.21420748184343,16:05:14,-1
79791840.83316705,354.2911905683129,15:45:33,-1
33917164.1176494,269.9799660410231,16:06:21,-1
15086752.31829176,300.4676524347585,15:41:37,-1
45580902.88517099,308.3340912027498,15:39:24,-1
51497054.38726695,44.69714263949455,16:02:10,-1
33796217.429824226,199.9445494000834,15:47:54,-1
71173014.35767436,231.3887571810072,16:19:59,-1
47705321.14712612,272.9167837437162,16:08:04,-1
24757521.94700389,217.2016750021425,15:37:55,-1
57115100.06964821,290.09402997611267,15:37:17,-1
50701962.89065115,343.02984007512873,16:02:55,-1
28248309.642427783,225.9016867254639,15:48:06,-1
13304292.194833886,24.327727843139897,16:04:10,-1
4788803.684521161,246.6341913967337,15:58:08,-1
40146419.86796618,32.67787274622785,15:38:37,-1
36768625.56591366,212.14582246133853,15:43:26,-1
69831712.71311851,313.00512786976896,16:15:44,-1
55128270.47478336,43.23436454613194,15:28:52,-1
22764164.93952854,149.7679456047566,15:31:07,-1
44278190.23636119,187.06862977239464,16:17:16,-1
50234016.39517693,238.17698944187885,15:59:14,-1
59533287.95948722,54.61577185733065,16:12:40,-1
43436813.1710857,203.37555571885736,16:17:21,-1
76680778.02173147,248.8737743593528,15:53:22,-1
56836817.66334892,108.44151115875144,15:51:56,-1
60757074.60636113,216.7764861048331,15:32:11,-1
83643613.80632468,292.73219083843816,15:31:01,-1
42930159.67910536,174.40266379219594,15:53:29,-1
18381513.751904063,274.4913689018987,16:21:28,-1
18208155.07622304,302.1779925973832,15:34:12,-1
51664182.55193815,301.4013626989848,16:05:16,-1
83763658.73081993,146.62741275682666,15:43:34,-1
80811556.50758344,64.6681786512525,15:36:38,-1
19975636.06370894,152.15171167127625,16:12:12,-1
67191509.85957533,279.57291022134416,15:34:40,-1
84925267.15799437,352.3379137306375,15:42:22,-1
46996537.57738972,5.985213537238132,15:55:14,-1
12176921.870776411,34.63098433617482,15:30:34,-1
47875603.92593453,232.7276245314722,15:34:45,-1
16536269.809383204,0.2845969680392235,16:10:13,-1
15216203.803140402,295.6314719444252,16:04:26,-1
7802958.57389369,347.818900215014,16:08:14,-1
68588514.41584888,320.74945021752626,16:23:22,-1
54925179.70723554,160.20060785748078,16:03:36,-1
80321870.68650632,195.3885493039819,15:59:48,-1
36279722.59728631,66.06839575429306,15:56:31,-1
77158868.8002255,107.80456382970732,15:37:03,-1
84907148.95208831,332.78444043069345,16:14:40,-1
18357728.006269436,288.8733519233242,16:11:57,-1
23718328.746382784,10.048410372393985,16:24:10,-1
13239045.588565296,174.90776776754035,16:16:39,-1
35640000.494764246,178.0352078268936,16:08:01,-1
59726590.835465945,167.93109432496988,15:43:55,-1
27443242.58823818,188.92143957871383,16:22:07,-1
46618212.78351981,52.56118402172543,16:03:17,-1
11189494.767550146,214.7319620398364,15:32:01,-1
637976.8903434904,229.18687714974803,16:16:08,-1
81144208.0118797,242.880262137007,15:44:47,-1
24767895.24329829,94.45171957465948,15:48:51,-1
26806912.330039278,354.828240714781,15:39:19,-1
22874669.746533558,262.3619285408744,15:30:03,-1
22651902.34978265,170.58182413922762,15:42:09,-1
44587703.91245517,152.33157870655188,16:01:41,-1
19172676.121455267,77.06850604179316,15:39:29,-1
53221925.04666885,205.1615645643715,15:31:17,-1
46647771.28906459,13.07730408593741,15:28:48,-1
7234908.077998112,328.9412948389939,16:24:55,-1
38743048.39066868,267.6286894302068,15:33:47,-1
47101344.14456684,27.9638816613388,15:28:30,-1
55061328.74930664,278.4926999896757,15:32:22,-1
14032166.479818748,213.552817681701,15:40:58,-1
17811458.473849647,22.655041300203912,16:08:46,-1
26480973.478418343,35.62197488673392,15:43:11,-1
9920768.064760568,171.54378098326606,15:54:08,-1
20277133.425209377,186.0937625079372,16:05:52,-1
48762824.48723253,345.4594226385074,15:52:33,-1
27677062.96762502,169.4206999494367,16:04:50,-1
53732317.56148408,34.178200923170145,15:26:50,-1
59469511.90329763,113.77717546950396,16:09:36,-1
74020994.03191833,334.872064975625,15:53:25,-1
37538972.68381117,87.92138767663884,16:24:50,-1
80213771.49560626,179.4967487422208,15:44:45,-1
13181838.51788764,3.787011327674708,16:06:00,-1
60351975.54938751,103.76779644386416,16:04:24,-1
83947701.23483984,218.0071062653562,16:06:11,-1
73689487.63112827,109.04998942814144,16:13:04,-1
87083570.34464735,330.0021973239458,16:24:15,-1
72215089.07728024,195.81079071172036,15:49:56,-1
35768659.03230368,143.17249158207363,15:50:18,-1
73087269.47214031,168.1956426480993,15:27:24,-1
44719498.34801599,276.6318513040716,15:52:26,-1
88335755.9948558,272.65637038243904,15:56:08,-1
34445322.42631996,141.56135404730452,15:38:02,-1
69919473.73136257,258.4023534304528,15:42:29,-1
34058988.04318733,257.5262353554813,16:14:13,-1
22564095.56345895,49.08372943039354,15:28:34,-1
72402340.11806525,262.7488153910685,15:26:41,-1
87787149.9249802,127.30146109890138,16:25:06,-1
16694502.902808769,63.14917495101331,15:43:50,-1
40593310.52002363,34.228136181130424,16:11:40,-1
55082060.7872668,0.454451417334929,15:35:14,-1
73074499.52318723,41.10943692128828,15:34:29,-1
50286027.306101166,14.617328220913883,15:38:25,-1
29246340.331581093,190.57127736113696,16:09:49,-1
78081271.03835976,177.16941841079756,15:53:12,-1
83877036.4669487,359.96610827868494,15:49:21,-1
73455814.48754852,348.7367298280856,16:21:50,-1
45185201.893166505,69.96730114939504,15:59:01,-1
72291788.99338026,15.458924256876143,16:15:56,-1
33260479.3234083,256.4998630856758,15:48:19,-1
43558813.18835322,201.71332063859043,16:05:05,-1
74722889.23946258,33.30309907849224,16:15:22,-1
22955113.852854908,79.36823724316645,15:36:25,-1
72082058.97001812,215.73926955301275,15:58:02,-1
88429015.55817279,142.1067363269742,15:54:08,-1
63309134.7192972,4.088420883353492,16:10:38,-1
61311629.81602784,12.26602350017179,15:47:38,-1
14232493.67693838,123.96784728002932,16:23:15,-1
34409694.770792626,17.80486953518079,15:33:27,-1
77258106.05234689,78.33771904659004,15:56:08,-1
15229094.764974272,199.11311574892508,15:25:42,-1
32392463.68092361,325.81867981553154,16:05:49,-1
25892304.517977063,58.46709702632163,16:24:52,-1
6558984.476714523,265.3095581439944,16:07:50,-1
13043368.374328649,120.9702391538901,16:06:17,-1
79593163.27180585,51.019732548394565,15:26:38,-1
83604198.73291528,318.3477224316862,16:19:03,-1
37080557.431732655,38.95543285277319,16:23:35,-1
50001293.08780909,124.03315459976396,15:46:27,-1
53522213.61558157,240.54029474833388,15:41:29,-1
73198613.111988,213.49188897544863,16:09:27,-1
50647755.25608085,99.4389290171398,15:44:06,-1
55415850.93383956,319.18145530418224,15:42:25,-1
69255513.36319286,336.93471329487306,15:26:55,-1
74179628.44309676,114.9731279934268,15:58:25,-1
50866679.96569874,188.1376877507492,15:34:28,-1
70685868.51198128,14.946231661053332,15:31:50,-1
86734211.28407763,302.4009005746536,15:41:21,-1
60493466.5428945,348.5279572779828,15:41:29,-1
52845846.567699775,146.47313104481486,15:33:14,-1
18553413.803918164,208.6458136081892,16:19:27,-1
50272762.16653973,11.545538232612053,15:42:13,-1
55009147.555621766,239.49171497388855,16:01:27,-1
86460457.80846632,25.29972291075057,16:04:09,-1
48405002.37193093,233.5946944930383,16:22:04,-1
4603088.536064566,175.06769918168482,16:08:11,-1
45041835.16535915,71.79891941066255,15:36:16,-1
17167410.411130324,273.80337452457616,16:17:24,-1
1229040.6648708056,335.39970006319226,15:26:48,-1
82300408.11126305,26.9076583635694,15:49:57,-1
58301455.61505425,38.63714061891491,16:21:21,-1
12739794.537282152,339.1300994798889,16:21:54,-1
75828515.88416992,178.7289259712467,15:35:46,-1
70113525.46800351,261.956463380557,15:58:13,-1
45471090.59729727,255.40885766198036,16:24:59,-1
86412514.64954127,122.53141142133404,15:52:29,-1
16153855.713881316,345.1518210695506,16:04:04,-1
12043151.678782584,217.2022097768347,16:11:36,-1
31101174.350188464,345.7460294535524,15:34:22,-1
69034462.59890684,35.006765605181045,16:22:38,-1
44329283.4056017,312.46285526979847,16:19:28,-1
84368119.80298978,78.42112055874455,15:45:23,-1
76715489.8379471,347.6189703974269,15:46:04,-1
35189939.86442039,85.45900155104448,16:13:36,-1
270271.19098023535,200.4952245870766,16:08:20,-1
4904869.2422599,88.87840629660684,15:51:48,-1
39807594.68763711,61.46859336849375,16:07:01,-1
56672220.06036722,183.50504929417,15:39:01,-1
56337927.39937077,22.72262997828811,15:32:24,-1
30335814.276320368,325.33326358915747,16:23:32,-1
16418529.381297056,306.05679940792976,16:20:39,-1
22731559.766779296,293.54037107228504,15:53:22,-1
4746158.934647874,42.42180799016802,15:51:53,-1
38669967.21285733,267.09480765636835,15:26:09,-1
76368458.34337378,17.07984197831333,15:57:08,-1
67830485.44057757,60.78638605915442,15:33:20,-1
10023041.488342032,135.66858744476394,15:41:32,-1
7880200.404427184,214.8958688323959,15:53:12,-1
13297433.430830017,16.32119665689014,16:09:43,-1
25183581.219125714,107.40300195521893,15:42:28,-1
19268324.574457917,31.53138067284809,16:05:31,-1
81882512.03426191,101.17103060714184,15:46:49,-1
16783685.19673549,277.95275363400816,15:29:54,-1
45715593.83922004,222.31747749724136,16:03:04,-1
11242672.698081354,97.3832824123543,15:56:40,-1
81450884.81757537,165.66453905556338,15:48:37,-1
81623561.70306823,85.64804479734698,16:12:00,-1
68376223.25703312,167.06742635635567,16:01:21,-1
73981307.86574604,215.13758420912765,15:41:14,-1
67234377.48335953,157.47279781781347,15:53:28,-1
26467926.811753,47.41068685677797,16:23:52,-1
41444153.27756129,171.1648614517193,15:51:07,-1
21308176.20193759,82.66201448221187,15:57:18,-1
28642951.544947986,144.67756865940973,15:57:14,-1
69180944.47993483,75.36069980544137,15:52:32,-1
40388396.57192484,258.39566897640844,15:48:26,-1
57145683.2739624,68.48845655675512,15:43:04,-1
25949859.37944364,236.3058825857948,16:22:54,-1
3597420.791730775,90.33094202107216,15:38:30,-1
7771141.319890503,90.29431198266226,16:15:32,-1
43575082.48137571,174.4387021046325,16:08:27,-1
85631623.50782235,226.7011151483713,16:01:10,-1
67654301.91004162,273.112885291709,16:00:42,-1
40468535.47033325,41.38001394774658,16:25:02,-1
6257886.540778497,307.04863863908093,16:05:36,-1
35372415.00780676,181.5427286785121,15:53:35,-1
47375326.42554894,123.79259526111368,15:26:44,-1
6244464.096083145,269.9836479986548,16:23:26,-1
10877420.92647126,275.3315437161252,15:41:46,-1
24722160.97519627,324.5690076983757,16:17:25,-1
35867153.48100198,324.26228134092423,16:01:44,-1
44278271.80975268,216.12745978809627,15:47:08,-1
1562538.5907653382,65.9328129926323,15:36:50,-1
4831840.720961556,69.49262305570609,15:34:50,-1
57528635.167473376,285.4758394793368,16:00:01,-1
22882383.51465593,240.80030615562657,16:02:39,-1
60910287.0164103,205.81252408402423,15:59:04,-1
73889859.7023053,178.8559117126572,15:53:10,-1
44246605.56045037,104.41304994426218,16:18:03,-1
73304925.39442796,308.0839732303452,15:39:37,-1
78589578.31362893,13.95343282187818,16:00:28,-1
21419349.165002342,339.2134063074323,15:45:31,-1
49512303.85494107,252.09926018482705,15:41:12,-1
7855805.398105767,289.23332570821293,16:09:49,-1
42855887.22002253,184.51221922412563,16:19:17,-1
31886860.171848588,325.8970317306352,16:05:35,-1
57210709.63553239,257.9105933364485,16:11:56,-1
18823754.29087956,166.75478290103123,15:41:38,-1
16439267.5156476,249.60206350500312,16:23:59,-1
45065103.94053958,267.5352726081588,15:39:29,-1
54154033.94014939,213.28678767183064,16:08:52,-1
63011504.50955178,335.9124745809004,15:54:49,-1
87368328.95853728,330.0730214356652,15:38:03,-1
88369683.336287,350.1452635668084,16:05:11,-1
49219639.444729485,47.33081871950111,16:19:33,-1
68349554.51969603,1.6099933545648737,15:44:15,-1
78036056.8097418,209.1799438072969,16:19:21,-1
65122085.22391944,233.8536739583953,16:04:01,-1
74398801.33258006,217.1129295627222,15:32:25,-1
27361406.11791875,311.0970234888079,15:37:08,-1
30915703.737595767,345.85781981674336,15:31:02,-1
52231957.79576509,23.09024050217776,15:44:34,-1
29092802.890932053,124.57672767251944,15:37:05,-1
59093425.81063084,212.51787560280565,16:03:56,-1
8415435.015941849,170.1748257880751,15:40:43,-1
8543423.660539655,74.71552648531014,15:37:32,-1
28535265.303952616,228.77080336693217,15:36:59,-1
19594357.773080405,18.98363768889583,16:03:20,-1
50294197.20943894,350.5252291766914,15:53:07,-1
86197297.83371565,146.19023429367718,15:43:16,-1
72577912.15730514,248.9878292391324,16:22:40,-1
39458282.52556178,322.45219596101214,15:42:26,-1
7734333.720294629,156.06905026566312,16:07:10,-1
15000076.95970533,164.5323510409931,16:00:54,-1
72718982.51058757,6.8793661346582535,15:37:20,-1
73566518.48429924,257.1754905562552,15:57:00,-1
63562141.93710966,153.45452885067797,15:27:43,-1
47767508.247026615,227.9891592997705,16:07:48,-1
9365629.998072682,61.53513288337228,15:34:03,-1
61917780.45482345,198.44555872979475,15:28:22,-1
21377926.64347863,334.73089968681035,16:00:56,-1
14443247.790163267,227.42166092349217,16:18:53,-1
65592732.97550884,320.4872737976221,15:40:24,-1
69052090.41395779,332.31363328480825,15:53:13,-1
37619089.53470534,27.436829753187084,16:20:29,-1
83910823.38985547,192.94047012287908,15:45:59,-1
38513036.49676503,172.4580333269004,15:44:46,-1
80682639.15748279,241.20096658106613,16:21:50,-1
78750184.87453122,237.29403540077567,15:44:33,-1
80758461.25393651,286.91942045969665,15:37:27,-1
30016691.20492515,173.2860388164756,16:13:04,-1
24759928.51105158,95.85190643494556,15:58:01,-1
77171639.66804542,189.93646884851745,15:51:27,-1
68982231.2187712,287.6154666092891,15:43:39,-1
2568536.4215989625,54.63122140541994,15:41:29,-1
71230163.54363081,231.45197788053125,16:19:36,-1
70903046.28171831,126.29168600341092,16:14:26,-1
54588291.76732215,8.92951130505184,16:05:06,-1
25806558.10505187,311.2381509044993,16:12:25,-1
61452203.58659537,202.04835140782447,16:01:44,-1
59039892.160202,136.176821045621,15:54:07,-1
29444883.418405484,207.59425499021427,16:19:55,-1
33907266.12242739,309.6808876812065,15:54:57,-1
29953899.626287147,214.50301601624344,16:15:39,-1
56582364.24288749,126.0405923948388,15:53:31,-1
77032835.19475536,231.39162733420025,15:42:38,-1
15886086.482224155,156.9820710296779,15:40:56,-1
66060058.9066368,209.7104244256631,16:23:30,-1
78562537.62727246,39.72815118063525,15:54:37,-1
7672444.496788749,73.00110782527342,15:42:48,-1
27266928.885966998,111.44226436980406,15:47:46,-1
32637883.06792568,291.53187967463884,16:01:48,-1
83939854.95759574,107.01916317487112,15:29:29,-1
68019000.23299482,174.998672749942,16:05:22,-1
47636590.23746528,227.72727299206173,15:48:24,-1
49421846.83154414,20.617814695266784,15:32:58,-1
40004777.11299453,149.943851914028,15:54:29,-1
4782616.165496089,202.5053065418316,16:07:50,-1
28929310.09678824,263.7383601449972,16:22:37,-1
19324309.872446127,6.618655506719655,15:58:02,-1
50176514.34306966,29.864317990737664,16:23:09,-1
69313808.06620498,108.18184929346756,15:34:24,-1
21724223.67669215,13.340870571547716,16:05:35,-1
4303005.225154245,176.86644291151936,16:11:56,-1
66266254.49390013,223.4705037168632,16:06:29,-1
44910159.92866624,66.27505521534471,16:25:29,-1
75483362.77126572,288.75470993187974,16:18:42,-1
72841027.03554711,265.60572780289294,16:21:43,-1
53694003.93215019,6.719759211261152,15:38:24,-1
37878290.65014819,308.7879748343936,15:34:14,-1
5818011.280123549,346.4403317593392,16:19:11,-1
12408870.192795476,151.44892606538502,16:13:46,-1
46618073.431188434,153.2616625712046,16:25:10,-1
25293283.76852611,219.38597885327627,15:28:37,-1
36737801.17389663,318.51229922012084,15:42:28,-1
89957303.70625322,223.6449410073577,16:10:15,-1
45083370.009470426,288.1240983844082,15:37:06,-1
63001464.62152637,163.42965910020806,16:12:17,-1
47468837.05645143,71.68292191312038,16:23:24,-1
43833636.522032335,25.187205218407406,16:01:43,-1
37960946.18564942,223.3759072108136,16:08:17,-1
82115514.67130749,225.06207203307284,15:39:39,-1
65271612.90069734,276.0556172674806,15:31:00,-1
11998151.42355713,321.3561830462265,15:40:14,-1
21281532.487816133,16.505682378259433,15:30:04,-1
88122849.419761,324.41491623118924,15:45:08,-1
89147597.87248914,117.9824862768991,16:13:52,-1
64275569.55382749,304.22174781244297,16:22:04,-1
53406502.17639468,142.85148189913775,15:33:14,-1
26989256.64351088,180.76902801206307,15:48:28,-1
52012108.75727492,280.7338816630617,15:56:10,-1
78192152.21109268,287.5400401310963,16:16:24,-1
8004399.623710941,183.19067843788696,16:09:27,-1
69500591.15453632,237.89042861172237,15:32:18,-1
35991878.26768572,203.27376220753487,16:23:32,-1
14526541.722707028,65.02610314533709,15:41:06,-1
81562608.19993559,326.7207124125944,15:47:58,-1
13855020.08376036,211.03017819821025,16:08:59,-1
60070120.69114933,265.8988729331818,16:15:21,-1
61180140.10909957,333.9585800526526,15:34:59,-1
43205059.52586161,215.7099152105901,15:33:58,-1
55824960.31429411,213.706266129436,16:22:36,-1
37059329.12787616,225.02240010722167,16:03:02,-1
88424230.89641413,26.182279947678857,15:59:29,-1
37827670.43374571,154.77224102191482,15:30:20,-1
7541322.347798455,90.82090622857837,16:05:48,-1
16625291.079601428,314.15943721410457,16:00:58,-1
81455750.55836888,215.5875696866985,15:44:51,-1
28099805.29515128,263.0029832999777,15:35:23,-1
26952929.57331156,335.154872263944,15:32:02,-1
80739424.02843723,52.57064601662111,16:20:57,-1
53494676.21084493,237.383424469175,16:17:40,-1
34811997.4325138,340.9121566682722,16:08:39,-1
19994180.48132747,218.73850352104407,16:03:28,-1
74043203.48262134,249.3504309790709,15:33:43,-1
66016220.37475959,98.6639851492527,16:16:01,-1
51216146.559655175,185.9392760476314,16:23:37,-1
57114438.03999618,64.98157543226544,15:33:08,-1
13544719.3117439,49.6789091740942,15:42:01,-1
5891463.038240848,23.534942477544988,15:58:25,-1
39961510.288629286,339.4440307870664,15:49:13,-1
78053300.0261842,118.43046814600336,15:54:26,-1
78947021.46239161,185.407060443406,15:26:26,-1
65476883.074759,149.99177203988367,15:27:17,-1
23657628.177735303,345.84489575227656,15:38:27,-1
2081901.393719536,216.46006595461745,15:49:27,-1
71114173.15793714,71.46049258942114,15:33:14,-1
89007308.01139873,29.832491513597773,15:51:26,-1
21873696.74246868,174.61118348397275,16:03:52,-1
10693583.4561369,64.3959775041097,16:08:20,-1
2427662.4628321165,282.94630486897296,15:49:52,-1
4329720.132181883,28.905747165388554,16:16:25,-1
61657779.61126407,107.87857128037254,16:07:28,-1
6893823.150337276,154.50295201910362,15:34:50,-1
26259934.75013352,272.44599909698456,16:15:56,-1
81832700.58470693,180.34766297287877,16:23:47,-1
50653676.40135465,318.1978553142748,15:58:28,-1
18872312.628982224,127.51866692636496,15:28:58,-1
3321672.4730124124,204.2266460048032,16:24:07,-1
60920867.94780396,228.89782205478872,16:19:34,-1
52859977.55162472,270.39098912056306,15:49:21,-1
51418385.68236158,324.5177139629443,15:36:02,-1
56704130.30414138,256.544051065861,16:03:51,-1
22853319.14341182,164.35862275098194,16:00:24,-1
55254803.48303193,326.93055831531086,15:26:08,-1
36007652.77796544,27.287761132544457,15:29:50,-1
21327541.07305488,216.93668356900116,15:39:53,-1
64397507.41655701,265.5696600349622,15:55:18,-1
72665030.4810394,113.38509652644288,16:05:16,-1
13880766.096097384,242.13610630230912,16:17:50,-1
74173627.18151963,143.48896967891142,15:50:55,-1
76380285.22271104,92.70350223706076,15:58:27,-1
2584682.1046755994,160.58072010252303,16:19:41,-1
48952422.31701013,259.90971188189906,16:06:25,-1
46845904.10940949,292.73834798925515,15:30:47,-1
9113523.726936989,275.13563201908096,16:10:49,-1
7870825.002080651,334.7304836370784,15:52:38,-1
53754757.914979264,157.31542724266112,15:56:49,-1
26689484.172952756,161.10510175499036,16:23:44,-1
27617257.31553261,149.4461320991382,15:43:31,-1
58339333.728323214,356.01889383430404,15:37:01,-1
67352424.17088822,316.5442299263153,16:04:58,-1
81498007.17760421,320.1350928347481,15:34:29,-1
26725779.98624503,352.1593039681194,15:57:43,-1
44730027.21240486,105.6855127328044,15:39:07,-1
41392772.95668143,267.7639252456405,16:13:22,-1
35603478.855482616,197.46439694992563,15:29:43,-1
53131111.92390839,58.72945570220706,15:47:37,-1
28603664.757756863,30.739423840963266,16:10:18,-1
39016497.73377647,358.8972185828201,15:39:28,-1
49558939.41566165,205.5055323453464,15:31:31,-1
52222232.05062048,45.38395957687523,16:24:28,-1
54783593.7728733,289.36710506121915,15:41:46,-1
20717847.300200917,267.62600107001333,15:29:55,-1
61337374.99825618,294.4599436029328,16:23:13,-1
19875877.260060072,331.1466563445421,15:53:05,-1
15032737.248175189,145.1327017362513,16:20:41,-1
34077927.43403695,149.4371752777698,15:39:30,-1
50878451.57486594,1.171123368424274,15:44:03,-1
84407968.41676451,136.61957579023596,15:33:58,-1
48104503.30315421,273.8169728924313,16:05:29,-1
57485206.75345107,108.74811321382585,15:43:41,-1
46667057.51671397,88.02202183246871,16:17:33,-1
65727800.46059739,255.11182332166547,16:13:36,-1
39208550.26215171,151.5674492949547,16:18:16,-1
87993917.67048301,177.94502161996823,16:10:24,-1
32299176.898205508,124.42950312763736,15:26:14,-1
23640916.90188868,204.84815941765905,16:15:51,-1
68476599.76608434,128.55934979192986,15:41:11,-1
34893813.53375231,7.828769807742515,15:50:46,-1
3407060.614475224,104.0270019080395,16:15:58,-1
40751007.76460778,71.83088167884233,16:01:32,-1
31380416.39300842,111.60204773951418,16:10:34,-1
85776206.30820026,35.382958662687216,16:20:30,-1
26832461.381176166,278.6242518291935,15:34:03,-1
62717815.801606834,167.8549674876347,15:46:38,-1
60909258.97384565,4.690232406821178,16:01:43,-1
84513960.43942942,187.9721120694439,16:09:41,-1
75747503.32542615,250.27839891998087,15:35:45,-1
67179248.08645281,279.3464743024718,15:45:24,-1
58571313.88214193,91.68857698390876,15:31:48,-1
39829653.58134595,103.28741441095048,15:27:57,-1
62406835.34051614,63.15352166198791,15:34:49,-1
44824933.85039938,346.37021875722087,16:05:52,-1
30484579.388860267,241.06048047924557,15:55:23,-1
37647114.34154009,147.4650438670177,15:46:44,-1
74273154.47902882,253.80622547101055,16:24:50,-1
50342584.68704149,14.841882462687629,16:07:56,-1
86688038.80971089,82.02459358756929,15:32:24,-1
28539291.341348223,150.3117921670294,15:28:08,-1
4101834.9794991473,188.9110074839937,15:27:08,-1
34919098.25080156,207.64822557845065,15:35:10,-1
637909.9443836391,127.76196944177484,15:37:54,-1
74681776.80152507,64.90603029132153,15:33:22,-1
46507546.47627623,250.7761023551288,16:11:57,-1
60947574.65347077,168.19752403343267,15:51:32,-1
5829328.433776474,247.314824212298,16:12:00,-1
62256648.0867478,289.9146181282145,16:17:41,-1
19071493.045588724,223.99490299617617,16:23:59,-1
36466909.158082336,9.520638294246115,15:31:13,-1
42078886.76255771,216.0555750315072,15:50:09,-1
4094957.647897217,110.9396666511721,16:02:35,-1
82454531.91056848,226.3856571745972,15:38:35,-1
59060720.92768538,348.61559190211926,15:47:12,-1
76555685.87877639,167.58121724282228,15:57:46,-1
57706436.92390635,281.8861551029773,15:55:50,-1
60779452.291311085,120.76998225003284,16:17:36,-1
50486293.543614,122.84296948033686,16:13:10,-1
15858312.661018362,170.7958307445887,15:34:47,-1
37448394.67780238,355.19830190698616,16:00:01,-1
23334611.471732564,265.3860657735762,16:17:07,-1
70411820.09915072,184.03955211210447,16:24:09,-1
3840437.1802005176,122.18886353595506,15:58:56,-1
45894318.22340983,85.97955659900393,15:51:42,-1
32904434.395048868,113.5098846992626,16:07:15,-1
11794896.963006867,143.5311471499039,15:48:31,-1
76491428.26608978,77.26625549605734,15:51:45,-1
88778612.89619075,279.5980273117852,16:16:32,-1
16187448.085541988,78.64189671969913,15:50:59,-1
81842956.2936358,354.0351573585144,15:41:47,-1
86044461.07544182,20.68372363632487,16:06:25,-1
65324071.69148687,218.1526685686115,16:05:16,-1
19130587.19518749,193.74717270287624,16:23:14,-1
16809328.58446986,247.49474355470144,15:35:22,-1
76651147.17756821,355.7131535201661,15:30:39,-1
27095660.29230363,311.3113710745534,15:51:52,-1
3953507.129938783,240.7304242287832,16:07:24,-1
77987437.03222996,226.1616048336184,16:25:05,-1
74098157.73378296,356.25023805620424,15:57:18,-1
49087053.2759605,238.0876676827976,15:38:20,-1
39596601.89723783,336.0592971400786,15:32:49,-1
75421809.74318118,229.7017918384192,15:49:58,-1
56760614.10189812,305.4940802934457,15:41:57,-1
45985195.30274155,100.94456175220604,15:38:07,-1
39787766.08367912,302.368543306012,16:11:36,-1
34033897.04983508,273.79752980812964,16:13:31,-1
79610442.7731662,53.503620163120765,16:13:39,-1
39709345.153636366,315.07603638602654,16:07:04,-1
39137414.41505791,106.0088944690294,16:11:06,-1
68837642.74898006,273.88261563274494,16:11:41,-1
86115967.86640985,294.9446095977979,15:39:01,-1
13234407.19037167,119.55111430786536,15:40:43,-1
41114797.50945384,247.2435755481965,15:59:18,-1
42488727.540823385,109.98934292699542,15:31:37,-1
55983567.18839312,51.36867442055859,15:53:28,-1
11036154.494566936,319.43903680965724,16:05:53,-1
54597159.43251714,136.07378342719326,15:45:50,-1
2180487.6130674044,84.80147559227495,16:21:31,-1
14629169.868892938,86.25662823536366,15:32:28,-1
41439646.512297735,316.8352317699768,16:01:11,-1
66749314.9872914,293.3874094490119,16:16:16,-1
53106336.27792226,255.87149342888736,15:56:57,-1
6275458.990997731,253.3750980786389,15:27:14,-1
23856079.87268801,120.22250802358116,15:56:42,-1
50205898.53589177,272.3338045476383,15:52:47,-1
78227764.06351073,55.08316778241235,15:46:58,-1
9865002.029886112,48.02065866786969,16:02:35,-1
73922599.23674479,292.755207428381,16:13:45,-1
72986874.5430626,275.2991388881146,15:50:28,-1
84584161.65640284,81.03180009796975,15:54:33,-1
18557749.83136896,243.5423252116121,16:18:19,-1
59763753.80091386,292.91942021317664,16:08:11,-1
46515537.80204622,176.59862445478137,15:37:25,-1
38103204.17196772,38.06774483757125,15:50:23,-1
9297979.02145386,310.36836136312235,16:15:41,-1
13096374.39297549,220.00076351897928,15:56:12,-1
35085877.67080154,332.9648005616352,15:44:03,-1
58415293.966557845,5.564754259385749,16:24:35,-1
34604591.76452134,287.05132570914094,15:34:35,-1
27991503.243160214,151.73871161340296,15:40:22,-1
56943350.01580592,127.04858887495068,16:06:00,-1
52910650.75072792,230.84002359796244,16:19:11,-1
60417436.69274305,210.040954156418,15:44:03,-1
78304915.03048885,303.4388301750551,16:18:38,-1
44357615.75622286,313.9588606280752,15:40:54,-1
58012145.31664057,34.94761439486044,16:06:20,-1
54256998.77299549,260.4547822454212,16:19:44,-1
44741197.52287038,161.95968240330842,15:47:40,-1
30926855.7910469,174.837005246957,16:15:47,-1
49086043.10110712,127.85185918624089,15:28:23,-1
77645024.97067939,186.0627063203013,16:23:12,-1
62209733.23515824,200.81343314342885,15:39:25,-1
62849053.627931535,242.64892487035743,15:28:01,-1
61156058.96682113,7.39723198967233,15:44:56,-1
26691006.75203707,169.35671187912985,16:00:31,-1
87649672.69282696,2.319522875491349,16:07:44,-1
81376445.79701224,174.9855896506541,16:07:18,-1
45091256.53732257,209.89570294337275,16:23:39,-1
22137411.953225806,176.89738757628632,15:28:40,-1
23717205.979482107,261.0997371051768,15:27:03,-1
55890074.09612013,86.39048947253976,15:32:26,-1
52246157.80623269,26.374297334732997,15:42:55,-1
79110210.21214934,214.5368130644859,16:09:56,-1
52333811.36752702,202.6770285670873,16:02:27,-1
82030561.23183842,229.35629352450437,16:18:58,-1
49628419.866233245,62.850958890689405,15:42:02,-1
70121118.17935245,75.49412231179942,15:31:40,-1
68566219.74943595,3.01936678055764,16:22:59,-1
9489098.36207601,42.02876723019169,16:23:59,-1
27033481.31515236,127.84065309250396,16:08:52,-1
79101219.36599216,176.85124259645255,16:23:27,-1
85103626.07116723,58.89443874553943,16:16:02,-1
8563724.929999925,265.17858373823384,15:56:21,-1
58352711.87444858,131.1379772033104,16:18:19,-1
18334950.90311776,25.491325188266245,15:27:30,-1
45443060.00202804,113.95043780246318,15:29:45,-1
77934090.84484059,122.8391699054861,15:36:18,-1
27167195.39584374,160.67988523779127,16:08:57,-1
44216702.4634707,246.83310503690333,15:54:32,-1
75631542.31006646,146.5004117531225,15:49:54,-1
59852906.00395215,34.623594460666375,16:05:15,-1
37562442.61884964,42.35941179218304,16:20:57,-1
16003311.35366783,296.1394523424284,15:27:31,-1
54387898.24309776,170.12861976213904,16:18:24,-1
56060235.147282,317.39688761994887,16:25:24,-1
60593004.84870139,53.597636811261246,15:35:45,-1
2652216.593316352,11.760938161801349,16:17:18,-1
43776376.70041333,167.31818181576153,15:28:32,-1
25431082.85559524,22.71261025122914,16:13:08,-1
88059610.40951148,149.30150775842583,15:55:27,-1
21214374.227678526,60.00268736423773,15:37:25,-1
47547154.183985926,229.55944613301247,15:29:31,-1
12972630.565308414,138.8258098022973,15:41:35,-1
22579580.919256143,105.74348014266776,15:46:09,-1
41743674.42722464,239.26209110337368,15:26:31,-1
35046337.749072835,319.0215710498488,15:47:57,-1
82918782.36591029,253.23372350531824,15:43:34,-1
76725090.48532455,256.9921436601133,16:16:59,-1
65327591.31046599,246.7383083236925,16:07:10,-1
56736951.31247708,18.93799216030807,15:41:58,-1
74513190.0511889,62.93787202998886,15:49:07,-1
37926384.30070142,240.14034716647663,16:12:41,-1
68861490.20053467,66.10315108212102,15:54:36,-1
21514888.33662753,203.05006893032171,15:33:49,-1
1508647.720803157,303.5160521494655,16:04:20,-1
52934581.79304434,157.53761371512152,16:16:14,-1
25334009.159690764,41.70923184396449,15:57:16,-1
67573434.92282273,135.2813236532103,16:08:12,-1
14989841.880948707,85.23995539791129,15:39:40,-1
37991201.64742062,115.5834315539216,15:46:32,-1
46008599.899640575,177.6722345654022,16:18:24,-1
75488269.72968347,94.27225101895564,16:20:35,-1
54671027.886573866,261.1517008319133,16:10:23,-1
10168441.150135588,118.83075183164908,15:29:33,-1
18858808.74527442,104.16726896967792,16:19:09,-1
16161453.275657387,144.10487412802314,15:52:36,-1
45337869.615861714,285.46277879417346,16:22:53,-1
44273777.648926176,129.81935712770397,15:37:54,-1
38783722.51076096,276.99597400820875,16:12:29,-1
83463973.34724808,315.3481428174421,16:17:04,-1
75964290.18496884,357.9762185665726,16:11:59,-1
31209405.55494642,326.30948214605985,16:20:24,-1
80339378.91827935,153.91795895459975,16:18:01,-1
6879479.960950132,242.4104932213509,15:44:52,-1
45001983.05569831,243.4939368650732,16:13:42,-1
88708106.6716226,115.83539560824958,16:19:48,-1
38432773.88114368,352.8324524647646,16:17:20,-1
53693549.80012261,81.63684752632764,15:30:54,-1
2624055.185294195,95.58018664410712,15:52:42,-1
30529843.10766518,293.79963169548347,15:48:45,-1
42902081.50981828,213.2596031107688,16:23:01,-1
42049313.63659677,134.61209967595275,15:26:52,-1
36846237.57196215,14.478423039688645,16:17:28,-1
11127750.906259324,184.67144846246345,15:41:28,-1
15025670.256989788,263.8639325270233,15:51:24,-1
64000230.39938349,113.56837142850492,16:21:50,-1
68597616.07606222,329.8345674286689,15:51:13,-1
31208592.66597253,332.37513851040785,15:27:16,-1
35461360.28308172,89.94135459332591,16:23:07,-1
88843139.23322818,346.53087636213337,16:09:47,-1
73264221.3867615,311.622644126575,15:47:52,-1
10737155.187966116,214.3516979499021,15:29:12,-1
51056826.65674304,5.712449124465788,16:05:13,-1
38850758.67385495,242.1708507586248,16:04:33,-1
24471683.014826544,137.69861280113656,16:17:10,-1
14998599.18933375,39.676704156986055,16:13:00,-1
13568083.456189448,240.8729094674285,16:18:20,-1
89738747.79642718,227.78681054935703,15:25:54,-1
21610516.02650188,45.44895200464246,16:09:48,-1
66267851.9553975,89.60266737568378,16:13:13,-1
46327712.28849475,188.33978258573504,16:22:33,-1
76181213.15217052,319.8044616074724,16:07:47,-1
22925814.064515587,83.50747947732296,15:51:33,-1
44174610.22649412,187.9276264636537,16:00:48,-1
18393262.298740115,341.05353113209526,15:41:00,-1
88686711.77594447,113.25229221295272,16:11:15,-1
63089342.98157711,246.96552798061103,15:29:13,-1
62901757.52806441,201.85780189426924,15:44:39,-1
63498649.08268201,318.6049625218176,16:10:54,-1
48937820.57239136,21.592148570166177,16:05:09,-1
81226690.29197377,168.27598319937968,16:11:48,-1
56534905.23611454,213.01038804880943,16:23:14,-1
9149185.096341789,356.5089386544417,15:44:12,-1
12186405.569755824,111.69824467419332,15:59:53,-1
71915508.88408731,272.2215696800327,16:24:24,-1
59044339.91565481,65.90215514844341,15:45:53,-1
15849089.031097349,70.6517664891624,16:05:52,-1
57091949.38856448,50.61939525141244,16:04:11,-1
78498783.82017395,205.9124013397272,16:01:16,-1
78567885.34897846,212.4799052378789,15:50:22,-1
69561753.58700648,6.426034915650263,16:03:05,-1
68118516.43637058,210.32567377472807,16:20:22,-1
16342502.61702086,154.21144586296174,15:36:21,-1
4873545.05123007,8.505044772469574,15:43:54,-1
2459418.2685786537,315.4625097883075,15:55:40,-1
20202908.006744523,87.4889430665934,15:38:52,-1
27866416.741278425,220.0566844391017,16:24:36,-1
70805389.35666515,160.44566864450098,16:12:22,-1
39412241.869281895,251.9457725274518,15:57:20,-1
88661166.94610769,113.84647852116876,15:47:36,-1
67956181.50430563,105.87188669249856,15:28:25,-1
68534170.91410853,14.159505158632076,15:27:16,-1
73454013.87825896,158.49643158457366,16:03:49,-1
33869185.692081146,274.9783707927143,16:01:29,-1
69578430.47503754,2.3920881992523046,15:49:14,-1
28630622.382666424,224.2095941403045,15:44:58,-1
21199701.411664814,30.89692317567004,16:01:30,-1
20234213.08303081,77.54133830405844,16:13:59,-1
9365298.6003552,358.69472806090585,16:08:03,-1
59849461.17820247,296.0154992606595,16:02:12,-1
14106335.167803438,208.54969127289357,16:01:15,-1
67500398.55202898,261.3455000821356,15:34:10,-1
10222037.052703133,161.47824378979053,15:45:09,-1
13217475.839540437,79.54608694353163,15:53:24,-1
43325059.82409079,11.383976485480629,15:59:01,-1
15606081.783369536,302.8854162882104,16:04:32,-1
75423944.08088557,145.8366336304478,15:50:12,-1
79812986.79397665,187.3432739910685,15:28:55,-1
38790250.74814994,132.61186236999208,15:28:19,-1
8200740.67030481,184.0117365808696,16:24:08,-1
73513052.46329765,59.66264768912618,15:59:56,-1
28790306.007318784,213.139750187914,15:27:37,-1
66912292.69705576,31.19372831262992,16:21:03,-1
41436265.01919332,152.98342939390403,15:37:38,-1
976339.403876218,264.77364161433985,16:17:06,-1
61947515.26110427,65.15930923931397,15:30:06,-1
25729374.976654787,212.86855070321928,16:15:35,-1
84041907.87629463,311.84641821644374,16:20:37,-1
76325708.86316992,187.30162468380271,15:32:28,-1
51877145.87809595,52.46318107215208,16:01:05,-1
80279994.79299738,136.627524040716,15:48:21,-1
58679750.74794442,332.0647479342325,15:55:14,-1
58523706.91272628,204.61929916038144,15:57:28,-1
78659161.85235235,213.10037051920253,15:30:14,-1
13173305.973733945,251.607545071473,16:02:37,-1
960975.2490209988,33.985485875717444,15:39:05,-1
76359737.6520166,192.26723450296672,16:06:03,-1
42632212.98378907,322.4418026460248,15:51:20,-1
75455571.80328588,240.22719387817216,16:17:21,-1
77031927.25457138,355.05118686052083,15:31:45,-1
37945829.55547574,71.33908369709259,16:02:19,-1
51865616.597431175,348.2121615948476,15:49:00,-1
12966820.892959489,167.0916843247991,15:43:29,-1
30017263.80010916,336.5097570841443,15:39:08,-1
81050090.25610623,38.964156533379246,15:27:37,-1
15655203.00641706,172.13413624194337,16:01:12,-1
33637296.5279088,225.2757730849177,16:12:48,-1
50838376.96438155,104.81441441962596,15:32:42,-1
39755593.49248416,348.9157342938518,15:39:33,-1
50279982.50742977,168.4778604309403,15:40:51,-1
15220713.588987954,150.67338800043171,15:45:36,-1
79860260.68749325,190.0950392497884,15:26:14,-1
15100299.301050078,272.8788140615919,15:31:09,-1
81720417.4891901,33.40136876694049,15:42:43,-1
89725669.82464786,221.5534158491973,15:40:14,-1
42272477.3705424,96.6291355279184,16:18:48,-1
46408831.26628432,85.36368341396322,15:56:02,-1
48158620.80213283,118.81861622528542,16:14:06,-1
1515732.9503201991,174.07280307136713,15:58:41,-1
85504874.88346435,270.66103272525805,16:00:54,-1
16020649.602959763,306.5728587277329,15:38:30,-1
3055246.489823342,55.95397412800355,15:29:14,-1
73783621.29543018,142.34595255633675,15:33:58,-1
31559733.362145703,216.55248221746837,16:25:24,-1
66051164.8758873,285.28262437036466,15:46:08,-1
21900507.53967008,177.30062265981022,15:30:40,-1
63144895.11457251,281.456601103247,15:30:00,-1
30854962.532877523,303.17356798744345,15:29:28,-1
62838652.576908015,288.76212001691147,16:18:56,-1
41597793.806367084,268.96686836777064,16:20:22,-1
87001534.67111617,148.79437379188585,15:29:37,-1
16862502.959698573,187.86674959199263,16:16:59,-1
82563364.32259317,328.3163268105089,15:38:17,-1
77748544.64381291,152.83954924053648,16:24:33,-1
30886905.95918607,319.91512336626386,15:40:55,-1
18559977.669567622,31.028553526141195,16:06:38,-1
9300181.003076345,210.08223651279047,15:34:49,-1
47783266.6872334,277.868078970489,15:45:35,-1
17035450.48281973,311.8741166287573,16:13:53,-1
16214196.097186437,137.1006806312198,16:07:49,-1
2737693.236557496,252.43804573634156,15:35:49,-1
39379880.20497043,268.2189575168679,16:05:26,-1
74591507.96743096,242.22194935381663,16:08:25,-1
76931471.16733131,233.16016390820783,15:30:44,-1
78097278.66826136,165.79313897933528,15:49:58,-1
8573244.63907505,137.37974435853542,16:09:37,-1
24244287.071590018,219.7212717604104,16:06:46,-1
51060138.00403003,69.72901174464887,16:18:55,-1
81182426.73381539,315.20470764722955,16:03:14,-1
10045186.520589126,351.67595748824886,15:41:00,-1
11155899.947563697,269.0211979704486,15:49:57,-1
70426936.86109737,196.8803586924612,15:34:14,-1
23662423.688451458,82.49792062228278,16:13:30,-1
39866659.01888628,271.1533421375808,16:18:25,-1
77675054.53075255,288.56327395873984,15:49:51,-1
16102691.32091176,75.08362559667407,16:07:31,-1
4404558.785822526,185.45835490440004,15:43:58,-1
13095590.760225814,243.18557369542967,16:15:58,-1
34363977.42418913,321.2759176463948,16:07:54,-1
25061209.65977502,301.0421445739925,16:23:47,-1
60814200.77041306,295.6545278661725,15:44:05,-1
32460637.949122272,114.7909416667496,15:30:28,-1
6445974.360986409,100.33617582559626,16:00:56,-1
55039980.93007068,284.1795461953972,16:15:32,-1
53795078.46265718,198.2634238248049,16:05:19,-1
65042334.850133,83.45334611771429,16:07:43,-1
72034070.38837965,271.875302343907,16:10:42,-1
81225920.56580879,83.55625712750744,15:38:09,-1
89648231.0898041,219.9198015677755,15:32:38,-1
47888704.94344009,231.80730649306645,16:18:15,-1
33523428.54912319,109.17472904485348,15:35:01,-1
4735758.885191795,53.66982129662195,15:53:09,-1
64623135.0036521,125.80161115362156,15:31:50,-1
35551080.10923571,259.8625601971874,16:19:59,-1
6637379.389667172,37.38918873349929,16:08:26,-1
80136122.11231308,269.4710099685771,15:53:42,-1
21406311.32604941,312.81354104397,15:31:51,-1
42839189.18814317,117.33157430386798,16:18:37,-1
36049399.654897146,50.6422745819132,15:54:39,-1
50475856.61956992,152.3697056594239,15:27:40,-1
88297820.6541393,183.22911309107843,15:42:10,-1
8164333.8492743345,37.341401477414095,15:30:11,-1
65677185.42701284,207.34140226792795,15:38:27,-1
19257633.674857397,218.0730294639282,15:48:34,-1
65841766.62558625,23.15666996027184,16:07:25,-1
77932812.45079976,123.35752743515646,16:02:17,-1
498260.23775530513,24.49943313448143,16:20:54,-1
29904650.212588087,115.11522181997827,16:20:12,-1
26294718.35437756,182.44367016728276,16:04:36,-1
54979657.33728776,177.54216295741114,15:26:17,-1
69366638.65716548,216.9270636525416,16:12:34,-1
25085362.0097692,35.16989953667321,16:22:28,-1
87922245.97928561,330.9736530032884,16:09:57,-1
39101959.06227461,181.63532844270975,16:06:10,-1
68460255.9848236,219.2043699007437,15:45:36,-1
74018799.51217836,311.7920470631326,16:16:06,-1
28494474.66445852,324.0562800017861,15:45:34,-1
77642321.4224198,57.95467934520035,15:45:33,-1
42060865.23700015,323.26517615317465,15:48:51,-1
45316560.69039984,279.120301860828,15:34:12,-1
58474519.51265243,211.7256840855403,15:39:59,-1
52138199.91469061,324.71457211131815,15:57:04,-1
36017279.095989875,229.56574675090724,15:26:56,-1
22515393.162401456,237.9696241773279,15:39:49,-1
78508886.904292,276.4395892211879,16:11:34,-1
26297095.946468968,254.49521068128092,15:49:46,-1
81199237.03948905,107.57043237336389,15:42:16,-1
48450059.5823707,50.32887006223715,15:35:44,-1
65049021.49870888,322.39955872536825,15:29:29,-1
30969329.334002268,247.47671212600417,16:08:14,-1
34067982.40243438,343.017033591124,15:53:28,-1
53730688.424367286,19.622237973811263,15:57:08,-1
47192020.44498532,98.38114142691884,16:03:00,-1
9145014.092622329,194.4180323932545,16:01:53,-1
40363212.84574803,297.1543396662505,15:35:42,-1
43491891.81754442,125.34567834196989,15:35:31,-1
12261362.25894489,328.9578404378761,15:37:24,-1
86748252.19534715,331.09865677224536,16:01:39,-1
14178437.718204102,51.072208139624905,16:04:55,-1
18814949.889156565,39.32526388400024,16:00:58,-1
75651156.1104425,322.2782699902276,15:50:38,-1
61133197.5001969,191.27297420986488,15:45:44,-1
25374335.145947848,290.2666904723901,16:00:49,-1
46924200.088897504,164.68630047786326,15:46:31,-1
56675330.91394122,171.70649985796788,16:18:42,-1
11216075.340388196,318.4874254433294,15:41:26,-1
78432453.87136911,5.837227492364936,15:27:12,-1
82878648.34787114,14.578894416745928,15:53:33,-1
85191282.61365521,19.144695059081528,15:55:00,-1
17427001.477018572,123.2949868081847,15:47:43,-1
57452283.99686689,355.3814737261933,16:01:43,-1
11379046.520064896,335.37826646936963,16:20:34,-1
87457950.15029022,288.5498261929069,15:27:23,-1
85549751.05603276,306.9535195958941,16:05:20,-1
18816380.29853706,51.95260737516055,15:43:25,-1
28919658.969253264,97.73581295315113,16:12:16,-1
3014850.695535257,163.29633294145827,15:51:21,-1
40241041.08796736,201.07188363312727,15:54:52,-1
82721945.34444357,66.89385825019117,15:38:27,-1
77760393.10900386,179.13309334129252,16:09:32,-1
17263850.505530942,199.92980252639492,15:58:28,-1
24434823.355043776,205.19902356881371,15:43:03,-1
43889187.22974417,257.0431690541181,15:33:04,-1
32011477.817939315,100.73211847708882,16:12:42,-1
37864358.28690529,184.66474968663292,16:00:13,-1
77303503.25459352,72.15164418655687,16:00:21,-1
55939060.96620562,225.14988479169804,15:35:58,-1
81764850.35573891,342.1746160551441,15:47:56,-1
4752064.321799709,225.19806829460688,15:51:33,-1
74119385.42745984,310.3035659950839,15:56:48,-1
52908107.643652335,354.2379121703742,15:34:36,-1
71966550.52503793,321.0748301558619,16:21:20,-1
72461962.32676093,54.33676009116554,16:22:58,-1
84707627.1882478,59.647628090577584,15:50:32,-1
69167147.75530058,221.52654382705748,16:13:03,-1
60258296.224682175,296.597441626698,15:26:37,-1
51913213.27264828,71.83860250185516,15:46:21,-1
54807168.38165066,22.80976245674825,15:46:04,-1
73912157.00710452,26.33445059550033,15:56:55,-1
34147141.57919514,10.849571788682573,15:50:17,-1
5810476.013616026,306.03249833866,16:03:58,-1
6879609.573720408,142.2886176677022,15:40:54,-1
72866566.69388345,319.34085063643664,16:01:08,-1
3944334.878554383,14.414416959822054,15:41:04,-1
26119583.829395983,350.0773190359604,15:27:09,-1
64526808.22744838,240.77332537688693,15:25:30,-1
78298289.21618675,28.392471567444684,15:32:32,-1
36798601.997554295,195.9256390934989,15:47:05,-1
20775614.437054187,38.61955434818672,16:09:02,-1
49211660.23429517,305.4357324191548,16:07:19,-1
33703711.92634072,153.0760092940041,15:51:14,-1
87361983.37836033,197.64728263306537,15:32:22,-1
78727641.79374123,269.2385982066859,16:13:01,-1
46372905.9569196,201.14771514607312,16:20:11,-1
86572412.22433715,329.2665289057797,15:44:45,-1
759793.4443727863,337.9539835568404,16:20:13,-1
29655604.940132424,325.22171062365084,16:06:18,-1
67770542.8634855,274.5731701638369,15:36:35,-1
45421131.77340337,246.8394203943817,15:28:05,-1
81870177.89585814,108.91853946289731,16:14:55,-1
75585973.62137,96.4069189981423,15:38:35,-1
36086579.60618576,292.2199587363368,15:58:42,-1
5862659.833382293,99.82881201412866,15:34:11,-1
32719974.257577825,292.1487392914669,15:55:08,-1
24382801.174197312,239.4111687421858,16:01:12,-1
68486963.59548715,291.1817218795596,15:26:33,-1
36347918.3062169,36.55454844240499,15:45:58,-1
35244906.25434845,241.17237523808603,15:31:42,-1
79811933.25171797,330.3338140247312,15:35:45,-1
39812975.69803044,162.24652521869305,15:48:17,-1
40045878.77680579,125.23248962108576,15:40:55,-1
25398680.830998525,103.21724078144364,15:51:49,-1
28741810.096302222,58.51103197842805,15:45:38,-1
89436330.08601241,105.86612745771288,15:41:54,-1
14726257.793845303,234.62201055065367,16:01:22,-1
37860723.97268724,194.6405614938807,15:26:05,-1
6960992.815126018,235.1676728394148,16:22:34,-1
1240699.8749571452,292.925062001456,16:13:19,-1
85577538.59433788,250.65826153816408,15:35:03,-1
53954506.24928946,299.652812782502,15:45:55,-1
1551295.5041221145,126.2080829480458,16:17:44,-1
84723349.29046951,145.49776511796756,16:24:52,-1
47704303.95545215,219.90740292316835,16:15:56,-1
32547872.88694033,82.09434592964438,15:28:13,-1
49025123.81471871,84.92851891875743,15:59:51,-1
19062065.99758716,129.04387667918502,16:10:51,-1
49762816.80573908,229.4527023504175,16:13:24,-1
45826427.634999335,336.17018326946294,16:18:49,-1
48740271.60479336,310.56960492392074,15:38:27,-1
13245747.246886898,328.91334434579323,15:36:36,-1
81641871.5214148,114.03105396619196,15:48:20,-1
84332829.02980371,341.2702374220293,15:52:46,-1
43691805.28111173,209.5197953494468,15:49:25,-1
30226751.165637225,156.86311744245705,15:55:06,-1
9058513.090000626,53.713397023830055,15:35:46,-1
70211442.69137138,205.6192848711798,16:15:42,-1
18739081.434535272,337.96722666585737,15:38:35,-1
64918722.845518045,320.64656711147745,16:25:21,-1
51483716.03523297,142.67447118234318,15:35:54,-1
12569545.069319654,264.0333872073295,15:54:17,-1
45427381.6112212,252.88885669750275,15:27:18,-1
39615929.621263936,332.47423154941674,16:15:15,-1
16219625.675839102,348.7029702334359,15:35:17,-1
26281275.419119418,109.04198335008796,15:53:39,-1
67671541.71455319,262.5563482747743,15:52:34,-1
45694912.2217444,328.6239931555353,15:44:43,-1
38266182.74346975,25.33436886073066,16:23:25,-1
44306985.65128849,238.93667709478845,16:03:50,-1
56011014.12190387,279.2023399083579,15:40:14,-1
42651124.796681255,259.8714535802296,16:03:33,-1
64665402.79067922,129.84170010135682,16:15:45,-1
11052376.89364665,168.24533359630507,16:18:06,-1
39931348.14568004,70.275483350524,16:01:47,-1
44076818.33778007,219.7264421405813,15:28:33,-1
63487288.96076436,303.05237784629304,15:32:08,-1
54937418.59728007,313.572699558522,16:22:54,-1
78974179.00067751,197.7499826843183,16:25:29,-1
54017735.73734665,7.679831885871655,16:20:17,-1
35468051.75749639,347.83645323840244,15:44:54,-1
2152732.2729886426,225.6606561328684,16:16:57,-1
7097890.977306271,8.124020701109572,16:13:17,-1
74557466.27381659,37.56954342006735,15:45:58,-1
50479660.86952926,248.43115827831284,16:17:14,-1
61939368.22187873,240.3126413902713,15:30:21,-1
11654754.015188849,114.00143056845056,16:04:20,-1
10621126.515683416,34.52605037504274,16:05:43,-1
70561309.65621386,250.4278694279637,16:06:13,-1
86584056.0632514,156.6332295983297,15:39:52,-1
58709345.1322725,165.010752234148,16:22:40,-1
62145130.62174936,13.532286289242554,16:20:46,-1
47336167.62575999,117.81672128498364,15:28:07,-1
38754485.64452318,84.07292913972013,15:45:02,-1
80090657.63960187,11.1072673474739,16:09:18,-1
49719011.52976368,334.3682368145301,15:35:03,-1
4004685.4710075664,201.49650665191783,15:31:33,-1
25507374.581873454,198.1793783608008,16:10:28,-1
35014122.77256818,184.3856171120848,15:37:20,-1
49743217.05366308,116.09248042071457,15:54:38,-1
24314767.050909866,37.08326183414086,16:08:30,-1
5505563.166418992,80.64853463455636,16:10:01,-1
58212694.77724014,205.44999618439803,15:29:04,-1
30423687.571202826,203.38349074121825,15:38:39,-1
53275976.31658823,143.39216952774967,15:57:14,-1
68468450.3686566,178.15982082124307,15:59:39,-1
64537949.01080985,59.803863681396415,16:07:25,-1
26073949.59822384,86.37131717959868,16:04:34,-1
6950873.772581504,216.1719065849273,16:14:18,-1
63743534.32475558,76.22799897396337,16:14:43,-1
18419391.60861427,26.48956753283788,16:03:30,-1
4673724.952056535,81.0039849772559,15:52:33,-1
87633951.73404482,82.6711436426775,15:56:59,-1
213302.84004088183,347.88184920143044,16:11:43,-1
6011520.979380547,204.09873431662507,15:36:34,-1
43293785.985402025,260.5737612815362,16:11:29,-1
87426747.44276525,340.1775228025653,15:42:18,-1
36996997.69823032,52.02016688958382,15:37:52,-1
33883867.38573304,279.7802666997624,16:22:40,-1
59923108.48429304,274.8064472649466,15:40:10,-1
27959794.00290053,317.3925379769554,16:15:17,-1
47642461.43392077,197.34820403450652,15:29:08,-1
56360197.96405659,268.39762020965924,16:05:44,-1
51387077.75553118,317.73507262884465,16:23:13,-1
45220154.77019663,133.01732418331397,15:57:54,-1
17451381.351050287,319.66695901559416,16:01:41,-1
72453823.06342183,240.4806473884699,16:05:17,-1
50368077.97290969,83.97892458247898,15:35:17,-1
35072400.83251029,148.8917900409545,16:04:14,-1
78363485.56093837,303.8172780172988,15:36:13,-1
8757079.634125449,140.28668105860532,15:30:42,-1
5747182.6585632665,137.6128907215624,15:53:55,-1
66549827.566396646,126.3092590865872,15:43:35,-1
25933651.386354014,235.8190204042163,15:49:30,-1
45344681.51906379,181.36024858982347,16:12:55,-1
9753396.83569927,346.59018058205305,15:35:27,-1
57562326.85701872,34.30612987044061,15:47:48,-1
16580426.633595137,110.30700546740368,15:50:43,-1
10949055.207949802,277.12516141476107,15:58:44,-1
86705349.40077503,200.94116189491376,16:20:24,-1
85457818.31952554,302.8470327460544,16:09:03,-1
62173750.19058775,307.76319217062564,16:23:48,-1
83278092.00781454,334.4298102756724,15:28:10,-1
33853600.936244085,218.13142250148232,15:30:34,-1
59799850.67685232,82.34632229000302,15:34:49,-1
39494111.33537923,184.0325975197993,16:19:24,-1
85716721.79916036,59.809902670146165,16:09:49,-1
87015740.7365201,231.12758626530896,16:04:44,-1
30615273.807897627,262.7695222787122,16:03:40,-1
77637400.0157511,348.90854315641985,16:09:06,-1
25205424.90576177,171.3929373139021,15:31:15,-1
68626364.53972152,38.97416500270575,15:39:08,-1
20889077.395735644,161.92189906796614,15:26:16,-1
49624863.96920979,58.11274269583708,15:51:46,-1
85398893.55402206,61.16544810890653,15:45:57,-1
79818070.70267442,204.72197416870975,16:20:06,-1
67526836.66781805,75.33351563291076,16:23:43,-1
3418698.9491247563,282.5133647745743,16:04:22,-1
21936445.972355902,248.9518732104972,16:22:03,-1
38692082.911746144,143.92041583187407,15:40:24,-1
8706243.25867939,263.9335158153345,15:45:51,-1
85999665.49299246,187.44059352575772,15:55:43,-1
13577580.89104988,90.6548554922992,15:29:01,-1
22419938.31308565,339.69943257103546,15:30:31,-1
88071284.82689676,16.993044343399287,15:54:57,-1
65267176.611349,52.26936547444805,16:07:49,-1
40045746.21934941,299.9544849884967,15:27:24,-1
25255515.300172765,103.64914620412992,16:19:46,-1
15083473.02533789,292.3408640945351,15:41:31,-1
24330193.56387384,209.8509012744429,16:20:55,-1
1385246.7164435715,298.59595591790867,15:33:34,-1
43700960.17921521,315.0882750186202,16:05:37,-1
86874778.34341502,292.03369798195047,15:33:23,-1
150081.85344782143,63.81389578624421,16:07:29,-1
20822334.894757584,279.9857165486698,15:58:24,-1
55697442.22336751,159.9986441180834,15:52:15,-1
51564356.45260195,145.0806000568614,15:59:52,-1
35254888.1111665,1.65642006103921,16:02:45,-1
32353927.677192613,280.26402354765366,16:12:05,-1
45326181.35759189,282.3040112718953,16:23:49,-1
61115007.975900486,85.11217460022662,15:50:13,-1
31294190.73741008,275.09010884922947,16:04:27,-1
37093784.92467615,40.21418160407272,15:34:10,-1
23771253.634197596,337.0763989179768,15:32:37,-1
87590358.46785545,226.12745361286372,15:55:24,-1
59423016.99473648,2.7430667395980723,15:30:05,-1
18823046.13538841,45.38332271662505,16:11:35,-1
18816977.780786477,37.22203644474978,16:02:24,-1
27006731.12814636,287.0586411857803,15:55:03,-1
53246217.742947504,58.76100459170184,16:00:02,-1
28535588.244080637,13.757260550899373,15:58:10,-1
12033704.882194327,84.3493423823899,15:41:04,-1
598112.5013922605,192.6181322830984,15:45:30,-1
44877838.427169845,33.92697900509127,16:12:34,-1
29905183.586384915,67.78324185289321,16:14:51,-1
13126908.906695118,55.32120420650765,15:52:54,-1
66005186.46903975,91.73130310795464,16:02:22,-1
16807356.18639966,285.00841030775604,15:36:43,-1
13032809.302106123,171.755500022474,16:23:50,-1
82230120.66360846,109.51830460474773,16:16:34,-1
47021357.14540124,325.2931683405934,16:13:01,-1
70431963.73092385,294.7539812072408,15:36:43,-1
38305382.33470216,66.78551374047076,15:45:51,-1
15916928.98097494,128.628651403012,16:08:13,-1
50695584.50748565,166.75897935233104,16:12:44,-1
88022873.99849625,141.88827874579184,16:03:09,-1
74120836.42381237,2.077721742210814,15:43:09,-1
44889063.3671882,338.7511491983708,15:30:20,-1
32459682.74675425,116.96660023303448,15:43:49,-1
54682841.15438323,333.96764756564164,15:39:07,-1
73283066.05458388,46.803800815132426,16:06:29,-1
48900139.36937723,344.11645792467857,15:46:10,-1
73451990.61073585,180.96406117998845,15:35:55,-1
55800439.6754097,158.9996356519825,15:51:11,-1
49293160.40327364,22.542501307279444,16:13:09,-1
73075548.51175113,171.91967881435937,15:49:44,-1
77038875.43890703,125.57792830120611,15:50:40,-1
49651446.86972531,12.947910244493066,16:02:04,-1
82611863.55318548,46.57441404307854,15:40:06,-1
81851423.18484077,56.61115725780854,15:52:02,-1
63287365.66339433,255.93916506316555,15:25:36,-1
64909483.581957325,225.9154694100901,15:58:51,-1
14444324.60800083,171.67215204087293,16:07:30,-1
13865746.957048113,327.9983399819511,16:06:53,-1
64581289.57125692,193.82155258371057,16:15:06,-1
84045265.08813085,305.2418704160752,15:38:24,-1
20460327.428167928,160.9324630957004,15:47:17,-1
14844919.885595,181.33793238584207,15:26:44,-1
75652851.73684597,286.18726765545915,15:41:34,-1
68299516.82189931,39.83862955458574,15:35:51,-1
21827230.780756,194.7579309515076,16:13:01,-1
25972767.57320796,299.6729060267957,16:01:28,-1
67587424.36593537,22.07359011558728,15:52:21,-1
43341448.44443827,145.7170088638618,15:41:44,-1
68191618.9007601,117.37088205725388,16:13:08,-1
4750446.330812571,174.81284553353933,16:12:43,-1
81061329.89988805,238.5210607665977,16:07:22,-1
66378813.29814632,174.1532946975378,15:55:32,-1
70953608.03749953,181.38370769066535,15:37:49,-1
41798567.51855215,271.44500617169354,16:10:59,-1
88012145.2162658,220.28842319740835,16:12:35,-1
80471696.1036507,131.6809930657918,15:56:39,-1
45026644.98300838,178.287979683189,16:18:43,-1
62107955.46002384,132.26627976707215,15:44:53,-1
49962223.01064833,289.7728345587665,15:33:25,-1
71563873.82820034,318.68225816068144,15:51:52,-1
51163752.82118803,236.03953626437928,16:15:37,-1
51529384.35924353,123.01335978347626,15:30:23,-1
20693102.503314704,6.867236546928668,15:41:50,-1
20796720.544127893,253.15611877049767,15:53:32,-1
71072421.71699421,202.32188645584003,16:04:38,-1
39289886.87328825,15.122361714379236,16:14:28,-1
41066472.217713006,163.71422363013608,15:52:53,-1
47357293.19918888,300.7749417397521,16:08:34,-1
87276414.89004335,7.536481419504231,16:00:38,-1
75417133.73513432,163.790040102953,15:55:07,-1
24574152.42595888,359.0172791126053,16:10:21,-1
18897743.38946515,268.6172236898508,15:44:47,-1
74143910.66760619,276.12624964934287,16:21:31,-1
26463865.904289126,221.4793006324688,15:30:56,-1
69653435.860059,245.69950106744795,15:54:11,-1
89063949.74393626,269.7065382565586,15:33:11,-1
43537047.42996929,224.02314909777883,16:03:29,-1
55153684.085315816,213.3865794900452,15:56:21,-1
20024006.633601416,345.1053456490043,15:37:58,-1
33006640.59589602,230.68177840173576,15:38:46,-1
79145921.31129698,348.8565258998471,16:15:02,-1
27397088.16245994,51.069827902529326,15:42:17,-1
5418573.016443678,9.236910134032176,16:11:36,-1
16381313.491440114,342.4502321621392,16:08:04,-1
1192813.1457255655,87.33487062689997,15:30:56,-1
45329335.80774601,49.83949810288679,16:04:52,-1
78383684.9008382,297.67524239999256,15:41:30,-1
84979117.68937351,131.06889721708336,15:58:41,-1
74494017.4555298,335.9375734003658,15:33:07,-1
67984496.02170356,114.80196468885003,15:43:14,-1
75226385.56208557,106.20080836046122,16:23:38,-1
8950946.567195674,332.8290734383558,16:13:07,-1
19085885.238532007,21.321243255959168,15:43:49,-1
28327881.63834369,234.94999890880143,15:48:25,-1
73953229.75535329,134.26635241959474,15:38:06,-1
53622313.61922749,12.7687366118356,15:50:31,-1
77070603.38878265,286.5627720970579,15:59:14,-1
17187803.610853665,252.41477957482655,15:43:38,-1
59852086.30825599,20.74120761491017,15:52:54,-1
7530861.695740274,229.30359161695208,15:47:53,-1
6160298.221566985,337.4013630730685,15:50:21,-1
84125738.49763659,73.0086589078456,16:01:14,-1
47768400.977316834,62.24417954089049,15:43:52,-1
78434403.85741463,99.99035679026215,15:57:20,-1
89686422.8477554,313.84382919346456,16:04:25,-1
80799940.33206093,76.62109388072635,15:48:06,-1
1554550.9210772102,71.36995517836985,16:10:22,-1
38994149.30102523,307.02021053164447,16:16:12,-1
73649926.34615208,215.02474567476065,15:55:54,-1
49669276.70181499,36.060231612535695,16:09:11,-1
32608311.78621957,214.2970349516829,15:57:04,-1
49535209.28641761,88.88857015964709,15:47:22,-1
13744759.863135206,160.93072287023986,16:10:37,-1
54886140.87730349,54.42946980281551,16:05:30,-1
85535845.73873328,25.900180206413765,15:37:37,-1
77853716.8367644,7.013518842645028,16:24:51,-1
81917106.31360203,39.3558997858188,16:18:12,-1
38386620.57745805,225.0827243287228,15:31:39,-1
69595392.73862265,331.6175120716095,16:02:46,-1
6682313.282346974,236.99234082574583,15:57:12,-1
37991625.58858389,158.4248021568503,15:54:43,-1
75146076.78436911,284.8714061580269,16:22:36,-1
50267728.181169815,320.9229728208536,16:03:18,-1
6697675.901823566,0.9633531223542712,15:53:38,-1
56500291.63163354,78.3370395376544,16:10:35,-1
35846790.12265584,216.91843383805133,15:30:50,-1
67420355.88007642,153.5834727790571,16:23:56,-1
33152174.13741989,172.7618656453985,16:14:52,-1
10359006.617978515,193.3731410045323,16:19:58,-1
58520129.56026402,18.47075046378105,15:34:32,-1
40145538.29757576,123.69622052200742,15:33:23,-1
44550767.921514094,231.8849662027592,16:06:26,-1
64927738.39718823,92.0939599815126,15:46:36,-1
42059187.67135985,101.03151159397464,16:00:31,-1
85481176.00953907,10.208417802340692,15:47:29,-1
82696698.27728721,351.24095544266567,15:40:02,-1
65179089.651993066,20.7418634414076,15:39:52,-1
56304652.25417194,131.44578319285853,16:08:53,-1
68534496.45995647,322.6222049597844,16:19:33,-1
85207584.82508358,83.192612284282,15:53:31,-1
3075334.555661845,208.0390685344994,15:47:43,-1
45957146.13894207,213.53287666289995,16:23:05,-1
84342787.5067975,351.003782037394,15:50:45,-1
44648173.04953024,216.7791473048248,16:25:11,-1
50216184.46315343,6.920902868847336,15:57:49,-1
44717787.878278434,312.21644530572235,15:36:13,-1
3755465.457093633,60.14688929280386,16:12:24,-1
41282664.08840986,87.448704844288,15:39:34,-1
21781845.315691296,181.0359041068551,15:50:52,-1
517509.8655909562,92.05213661624585,15:27:57,-1
34845045.88805794,78.5572382799011,15:48:22,-1
66139509.97676782,234.54000604329136,16:20:56,-1
2769633.3668344417,322.7654655070096,15:42:10,-1
36536807.971764974,69.76313116280757,16:24:42,-1
64471862.22012619,107.30881815038347,15:54:16,-1
56725089.41548006,74.36237055674688,15:32:54,-1
48497894.053880565,332.7338639090176,15:53:55,-1
62286862.51628,345.4537178231086,16:16:13,-1
84400691.6466225,217.5300355927262,16:23:34,-1
7918595.23738704,274.59898626188624,15:57:55,-1
59880181.4264678,69.29159093175524,16:23:17,-1
41966216.34534769,275.47858617001964,16:15:31,-1
4338372.911631341,50.70215242802411,15:32:19,-1
64090593.225197926,89.21427800516973,16:10:58,-1
70875589.15738685,222.7983527352253,15:43:57,-1
34781311.05275816,17.91876537941085,15:54:06,-1
44809728.47033771,130.03678661846902,15:54:58,-1
62880541.71582339,41.558193277991805,15:50:13,-1
38450651.93179772,88.44356316952177,16:08:16,-1
51086157.760408215,305.0360753107027,15:29:17,-1
42637296.98836422,90.75613044019464,15:58:51,-1
74000449.5539819,336.33517718235214,16:17:20,-1
14885531.61240472,336.9163068621107,15:37:36,-1
30570958.985554338,172.76808116429723,15:42:52,-1
22962017.89832559,36.58091276183539,15:33:40,-1
54105854.485310346,81.45276326146679,15:59:36,-1
64474525.38517115,302.2395537834529,16:19:26,-1
24708033.21268189,184.5910512761432,15:53:27,-1
80113497.94926286,208.6119233579406,16:04:06,-1
8254187.074600622,181.20738065082568,16:12:47,-1
36772257.34861439,205.59576578721405,16:10:22,-1
37639589.804838,189.89531976164136,15:41:46,-1
24210296.766995728,229.8848303628527,16:14:50,-1
45400964.78370076,262.291344203964,15:32:18,-1
23327330.426349174,221.99839430954,15:26:15,-1
32116594.83557829,312.3003303400701,16:03:02,-1
31390313.14480088,318.4820393208828,15:36:26,-1
3525471.0561585343,179.74095700196645,16:16:13,-1
58030457.428279415,23.63991327784637,16:21:17,-1
53436932.55194221,160.9227470185091,15:48:35,-1
76368397.29296891,116.7323150907265,15:39:50,-1
33417101.576837234,23.6108681410626,15:49:42,-1
46684478.97404332,296.4881488049068,15:55:48,-1
55068794.27316744,218.0777378114119,16:18:52,-1
79782011.526155,280.4900944192252,15:51:48,-1
89907391.71313971,197.8922178513343,16:15:47,-1
61780019.58568345,26.71639811320948,15:45:24,-1
27871048.45858827,335.74044059021355,16:16:39,-1
80832591.31232421,265.5001291272231,15:51:04,-1
43941514.59422242,106.96325295117536,15:51:04,-1
81339385.6123417,152.3053403492516,15:47:32,-1
52597966.97638949,253.0297605433313,16:11:26,-1
5369272.124625152,71.97034499174109,15:46:39,-1
33768438.35348826,188.6783183529442,15:59:02,-1
18305794.29639919,28.638125854171168,15:52:42,-1
77343636.2421649,297.08712058329945,16:22:30,-1
18081360.147344243,316.14114983780223,15:51:56,-1
11112997.15561929,62.89961429926233,16:01:30,-1
86009163.25152372,30.64141515864216,15:30:43,-1
86204380.28435175,253.41854307565688,15:44:03,-1
55885559.29981866,326.8889637040677,16:00:00,-1
44601451.52189616,284.01922843891793,16:13:39,-1
10044505.92127012,21.072679416992145,15:47:28,-1
76875931.36835198,37.44941365730271,16:18:15,-1
22771855.23172628,56.875357953767725,15:29:15,-1
11853661.944199074,189.00442767329451,16:14:25,-1
85579252.06365205,221.65088816053884,16:15:12,-1
62108853.41668823,51.9438273612498,16:02:17,-1
13360640.516356612,169.86179357408608,15:25:48,-1
45732840.23231051,228.43231220359485,16:12:32,-1
2862845.931726406,70.46768459002533,16:20:01,-1
15953781.39766513,282.6505874864075,16:04:47,-1
30023684.370715786,346.9776851746336,15:40:50,-1
6938602.043195714,348.5144750068765,15:40:01,-1
35207185.7105072,320.9388677105817,16:07:20,-1
74384530.034203,58.10009266606835,15:49:39,-1
85478716.26104084,327.4705842930558,16:12:57,-1
70681583.52489325,122.81606252742236,16:06:19,-1
68525451.63406125,260.9061659248273,16:23:31,-1
2731146.1961195907,50.19424892484695,15:38:00,-1
1186044.409632253,125.56605642629626,16:13:46,-1
77012598.26809077,156.34489753119408,16:13:12,-1
58742955.17787279,283.99239129589864,15:47:50,-1
44560702.16922088,227.47607318316537,15:53:21,-1
49244174.38094502,81.1383243687145,15:59:58,-1
80136176.96724844,291.5149316537153,16:22:00,-1
75375692.71550983,212.7902682493428,15:59:24,-1
89756739.7277699,304.3962522026792,15:42:40,-1
30678602.619633906,273.3048365514639,16:01:22,-1
22185431.69009478,114.02912827862404,15:38:53,-1
74810743.03344272,168.05174397786394,15:45:03,-1
50064087.09267953,312.76043790162686,15:25:32,-1
73675495.82453309,324.41187597651987,15:29:29,-1
63241713.74262323,183.31839570172963,16:20:39,-1
46507058.67402856,273.4469935692889,16:03:03,-1
37212023.01688328,287.57633769156354,15:53:56,-1
72094034.99616444,284.7800044244487,15:50:59,-1
4584238.618671765,294.95368165873305,15:37:08,-1
33372255.01504693,55.19802939954146,15:42:49,-1
28496636.448999748,340.0958846570199,15:54:02,-1
52151109.628697895,25.703780670703203,15:25:56,-1
75582739.50967136,233.6742669532152,15:37:48,-1
59102567.98409718,19.504695158532137,15:50:48,-1
15766810.934658816,136.86540486149033,15:44:41,-1
24588814.164773,63.99186211703643,16:03:50,-1
84781696.0479119,268.47569708154055,16:16:09,-1
29070878.846141376,230.50840941847852,15:42:20,-1
34174617.37570084,122.0427130921192,16:23:57,-1
63911591.98978269,75.73749605975104,16:15:32,-1
68089873.16390526,340.8853757479198,16:20:30,-1
42527118.83579152,89.0274593005423,15:43:49,-1
16299077.873479985,326.16161596903623,16:13:12,-1
30659753.747932263,189.9142933543283,16:03:20,-1
75557824.21334633,72.61391497631672,16:23:08,-1
5198706.981515292,180.32597586236736,15:47:14,-1
36766921.932295166,254.62901297897085,16:00:26,-1
79031493.60627645,209.8502349145976,16:11:00,-1
61851763.56719799,329.53392066017165,15:53:44,-1
16775562.128577331,12.52006558712142,15:56:54,-1
71881693.43921296,128.13278042412765,15:56:57,-1
59952924.25352356,289.68413239867385,15:58:47,-1
66905784.4188568,218.4662550281002,15:27:45,-1
6623579.683007427,85.21877567715636,15:31:05,-1
24718840.987229813,184.80325141434795,15:28:53,-1
32211834.390791964,33.88664179501015,15:37:14,-1
16341909.875553492,274.4615076425453,15:42:40,-1
4237970.454522562,280.8468607044169,16:11:44,-1
32130022.69514922,215.2001155742901,15:43:52,-1
43424497.103973605,257.7443861763257,16:08:58,-1
52888694.22293952,95.04712279710206,15:42:25,-1
12548994.9449409,348.0933104086576,15:50:58,-1
40313189.21685911,275.5177803860936,16:12:55,-1
64322388.07775491,299.76263411323504,15:32:18,-1
84848840.63057695,160.7603072933269,15:45:36,-1
41492972.53385744,189.69999409218565,16:08:23,-1
54363813.2235759,353.6346854487801,15:33:25,-1
14855022.795720631,230.6053692053564,15:57:30,-1
50784721.506593145,0.2205846044966941,15:27:53,-1
27048178.14017705,102.4867820226993,16:24:26,-1
81534320.82118227,359.5194073268996,15:58:43,-1
77985456.44298647,217.22414472875712,16:21:31,-1
45035219.12657186,185.24883127934095,16:08:50,-1
9712645.561818937,191.87657451657736,15:36:19,-1
55222349.01196808,309.3943704496604,16:23:05,-1
60488462.41762082,141.4550660824509,16:11:42,-1
59516762.93212758,328.3930571556726,15:27:21,-1
69529506.39296873,230.303267751158,16:20:10,-1
13508773.630007466,257.6155884225866,15:26:24,-1
53533694.11028986,117.35081422981398,15:56:26,-1
53090689.77477624,86.39448254718349,15:39:19,-1
10506417.459865732,36.4783724284839,16:24:37,-1
10031998.302317426,19.61733967414215,15:37:02,-1
5122055.680230372,174.24716793498203,15:50:01,-1
2960458.0408366937,218.5422357355084,15:33:45,-1
59870840.05448876,23.652378721163544,15:30:33,-1
29152743.178060677,327.4756591718835,16:11:13,-1
24299289.73450209,113.55589365720552,15:53:27,-1
15677412.046924904,343.0195680443598,15:30:25,-1
77344617.66309293,278.71209051791936,15:36:35,-1
15490114.043474237,208.26966906531925,15:52:55,-1
24562003.5900579,27.294930660092906,15:27:07,-1
37621842.89667841,234.1686031567164,16:21:41,-1
22528935.42832081,294.4608710001096,15:29:28,-1
88519483.55872227,107.7990357995214,15:43:16,-1
42231282.71366611,95.74515273295604,15:28:51,-1
83070299.69936761,302.98972915521904,16:19:22,-1
55191588.40792804,153.86729287991665,16:00:17,-1
75227087.33827908,240.9301830373096,15:26:08,-1
35189840.98879865,216.5047719921208,15:27:03,-1
9514246.75419086,301.5955677291818,15:50:39,-1
57403797.54407236,184.0009679608581,16:08:34,-1
16357877.230857223,280.6642762803881,16:19:01,-1
12075359.568669757,214.1400478671937,16:08:36,-1
75710039.52338469,106.63478765792048,15:45:13,-1
55837937.9896932,262.6675528660349,15:57:57,-1
14353539.203477656,115.59562471366246,15:30:24,-1
33458112.31979004,198.88269778212225,16:19:10,-1
87912399.40571056,240.85202008878744,15:45:29,-1
40467765.10984381,66.69921641776043,16:00:50,-1
39591064.87426044,14.824270163572306,15:37:13,-1
39919884.43173478,252.40441960020627,15:35:56,-1
4371817.193974592,172.50245446712748,15:36:58,-1
1214762.5968565317,293.25843168606747,15:55:50,-1
10107221.14958134,146.94882052984912,15:29:28,-1
61434837.00757644,161.90304154290754,16:08:55,-1
67204154.62150031,119.65834003106632,16:04:58,-1
89662475.49981043,324.03432675211565,16:01:24,-1
89978920.01592952,9.281399634775603,16:05:19,-1
49556050.382547885,303.2029043823012,16:16:44,-1
44396064.40965144,113.06697064530329,16:08:57,-1
32540669.08291775,94.13012215157086,15:56:41,-1
69590215.65388347,249.28702267269904,15:50:32,-1
29031611.730248187,16.899633496176072,16:05:51,-1
56819327.37221695,143.42257633361106,15:58:54,-1
42679204.31650727,278.8688320167134,15:49:56,-1
52839542.64849711,138.07447725783618,16:00:56,-1
47177439.18113893,42.69431466518191,16:21:17,-1
76820724.53977743,151.18818999314038,16:09:05,-1
9527974.404367756,18.225131951151692,15:39:18,-1
73346430.20093717,67.92722741743057,15:41:52,-1
64378508.25480553,169.17106028352356,15:35:39,-1
41678867.76874914,221.6842661350368,15:34:51,-1
37321309.45511953,170.06717198154163,15:47:24,-1
89885517.55754767,151.97729684635516,15:55:08,-1
29028419.32639557,154.1624248038887,15:53:24,-1
15027084.870975988,155.33993569416052,15:41:54,-1
36174433.72799034,106.54213784681734,15:26:29,-1
28843109.833512597,278.5041129711124,15:29:11,-1
47193081.21457312,11.88818701913824,16:00:35,-1
76417280.44339241,267.5313676523825,15:58:54,-1
8754517.340825906,198.49490370369145,15:45:16,-1
48131794.22503562,10.277983833126829,16:19:34,-1
47994830.15064928,236.25700419767855,15:37:35,-1
75996900.16133358,344.2885681787284,16:11:21,-1
18019923.62889383,53.30705667175315,16:01:03,-1
83520667.38010447,228.9065531469352,15:33:42,-1
47417234.23518191,103.18997895998147,16:04:21,-1
4627527.070099004,164.6032243560265,16:19:02,-1
73952075.35676213,233.3676259068664,15:56:49,-1
15124001.925601196,128.59652998732335,15:55:25,-1
54388737.28307506,108.93205455013184,16:15:30,-1
71004751.18315011,57.03348767439836,15:51:46,-1
85578912.09970717,231.42521796049203,16:17:51,-1
35664529.38574569,176.36282452411754,16:11:56,-1
7733759.708215994,219.14299133254767,15:56:39,-1
77170059.75604364,74.38159880841688,16:11:33,-1
71423750.60574406,227.3481613992487,16:01:15,-1
83166545.74400315,168.87780237029492,15:53:15,-1
72918637.13436231,56.812562234308274,15:54:01,-1
12319350.584558705,94.12504454879782,15:33:33,-1
74110760.04544736,40.237541011583424,16:02:12,-1
69508909.90672137,25.568928599766195,15:41:29,-1
56694415.25503167,333.4280557393364,15:42:13,-1
81115318.4655715,245.76004623567036,16:11:08,-1
25946296.77778102,279.136140670168,15:35:16,-1
67585121.28442246,210.34371076929173,16:24:59,-1
8462227.461915469,314.41826386945377,16:14:05,-1
48370256.17918624,74.82332561926913,16:20:50,-1
88196243.26952034,122.15961438777586,15:27:35,-1
1794837.556001982,198.42831502291352,15:48:52,-1
59305505.18325193,235.29885096758585,15:58:37,-1
80123593.81398788,251.03253007179535,16:02:46,-1
89350702.37215613,146.02639284585865,15:41:44,-1
37125979.07323901,180.5917909374597,16:07:55,-1
33364278.48821094,7.189583786914664,16:24:13,-1
47482800.14037944,171.46449086226892,15:57:22,-1
16135864.228005009,117.3726793175392,15:57:19,-1
42743550.66536652,345.25242545924925,15:49:56,-1
68946487.2930788,45.237647980059286,16:17:22,-1
18107942.737373125,156.1055904670241,16:10:23,-1
51444475.20073412,235.6948549105548,15:28:15,-1
55693156.47273593,336.2691687892923,15:25:45,-1
24944031.44920533,55.25224674620057,15:36:08,-1
30705388.057767924,352.45362674014785,16:01:27,-1
64585098.91764529,318.3805241609206,15:37:45,-1
54999939.078245424,52.4887247983508,16:22:11,-1
70575067.82155216,31.77479051235338,15:34:08,-1
81962072.77680899,340.9428893295941,15:38:56,-1
65175129.00950507,77.06844407015399,15:36:12,-1
70173725.2524906,314.0317363760573,15:47:48,-1
81794309.39231461,158.0502361895351,15:42:42,-1
71024796.02057175,222.689588543182,15:48:13,-1
81980534.42662667,153.41848512191444,15:31:32,-1
42867961.03162463,144.60413322136014,16:23:37,-1
62755304.16228724,225.71589325645436,15:47:01,-1
14426178.162776874,168.28570254546807,16:06:56,-1
21101.207219685464,142.17187495710127,15:46:46,-1
62487877.41309723,192.91653669561612,15:37:19,-1
24438306.952913668,166.8580586405633,16:16:16,-1
43744162.082762174,326.0325433136048,15:50:04,-1
81095732.27474383,51.77199285440656,16:02:14,-1
8135709.781342859,295.720260049505,15:59:06,-1
14598334.593892643,341.41956535975254,15:49:31,-1
15885389.247474616,318.4558885179889,15:34:16,-1
8104301.102049503,84.36566105927729,16:08:41,-1
71411475.91174647,225.31454314258863,15:51:54,-1
27628495.1022922,265.2843563165032,15:38:39,-1
29283626.210174017,354.9223993877925,16:14:42,-1
31841532.557286564,111.8498648697015,15:38:26,-1
5215726.936367852,300.84074389915463,15:30:32,-1
11797888.4035752,272.7226138346068,16:23:18,-1
72118231.83990684,90.3427216915313,16:24:59,-1
50263164.18311595,155.26937025819257,15:43:32,-1
56767428.65443705,310.3383611379522,15:55:20,-1
89046986.80206387,73.34727488032567,15:31:49,-1
58626408.19441967,92.37499796685476,15:59:01,-1
41364882.66819064,78.31193831970917,15:39:38,-1
70127529.44367951,156.6731282446638,16:08:27,-1
88826505.45598508,42.51697277846953,15:32:34,-1
23267051.16677201,162.00176359577847,15:34:17,-1
77067598.31081362,143.75048183481042,16:02:31,-1
29086588.750475336,13.867304645658136,15:38:30,-1
88806847.86698128,316.19592892899846,15:33:35,-1
65340850.70358241,20.08758017344059,16:10:30,-1
68465926.28184877,251.6656638776384,16:16:08,-1
50483217.19886524,11.838644845226952,15:32:27,-1
2646071.210933077,316.820429575924,15:53:27,-1
85760471.58449787,235.3139945175582,15:44:20,-1
51337442.22789604,302.48896137803393,16:02:14,-1
53292581.94104985,56.89888997059255,16:10:10,-1
87550473.13176751,161.35335440782077,15:40:52,-1
60674256.89138701,168.1915540329955,15:44:51,-1
46599648.029565245,283.86820273917783,16:17:40,-1
49637986.47861146,154.1579824794484,15:37:42,-1
49678783.58128211,86.58117558745069,15:35:08,-1
85220507.97022846,25.48533301839563,15:56:52,-1
85278870.36594157,109.61885068045814,16:23:42,-1
3447650.991956893,301.8427811919314,15:28:08,-1
21218726.40140308,80.98570958857148,16:19:49,-1
43495737.64679142,301.6404164665802,15:45:10,-1
7981863.043788359,181.0707823389844,15:25:56,-1
48234908.81954359,197.89879144746212,15:52:34,-1
64968064.3155734,210.6127181943441,15:58:36,-1
49200453.88148425,194.71862176490703,15:46:36,-1
89774697.22222303,161.37647890418728,15:56:26,-1
71625429.24664697,251.515372273502,15:34:57,-1
35526423.475150265,261.4202424179293,15:45:00,-1
64276325.02569013,20.45822940451024,16:20:35,-1
19483521.72529293,165.5161905719473,15:55:17,-1
79936325.41100115,204.52151111412329,15:32:31,-1
39349220.78835866,346.98324060265463,15:53:26,-1
33382347.69049772,185.18508864127145,15:29:05,-1
40464122.89452936,189.48796018554327,15:28:20,-1
35853340.38409766,76.05061865699825,16:05:21,-1
86272798.19681595,193.78244104820809,15:56:14,-1
24347092.127748083,270.1466434168018,16:23:15,-1
30829471.64175255,270.7595048504796,15:37:45,-1
12321803.502518555,300.29017802760507,15:55:08,-1
86239133.67265958,44.06333717473738,16:05:50,-1
67471676.1053023,204.28860382261888,15:38:33,-1
4405767.545230261,336.28304944978333,16:20:21,-1
66104965.66653228,337.16342735645554,16:24:30,-1
45554727.602073066,253.2444312046199,15:50:07,-1
65666743.884898186,207.6413775003941,15:45:10,-1
23525641.18611184,214.5935340359223,16:14:20,-1
85107360.30051361,73.70137299965901,15:37:37,-1
61490661.718546346,354.1065631238924,15:52:27,-1
52920625.52196657,162.99172722308177,16:20:20,-1
77919663.7032437,352.29121257013384,16:23:08,-1
17608546.97150086,328.2293294055731,16:11:59,-1
26398034.15099316,102.15496334454916,16:01:47,-1
15654576.515676692,224.8205158235752,16:00:48,-1
51268055.17072543,18.661178849753995,15:28:13,-1
32590329.86098056,30.28813744577998,15:46:17,-1
32492832.87822695,280.6090220965924,15:36:04,-1
44312822.47325322,156.4586760097077,15:43:05,-1
73367987.08023384,220.46020479337523,16:01:42,-1
47707515.83979597,335.8238784822824,16:18:29,-1
45662010.146058775,151.76218686880438,16:21:41,-1
79759525.35850942,340.18986641958645,16:16:23,-1
30460417.41202693,1.063810284113775,15:42:29,-1
22616864.99853377,40.86836603951329,15:31:33,-1
58203165.396863855,94.79660652346952,15:45:53,-1
17103343.489071403,210.936259393841,16:03:38,-1
85130312.98776108,295.61241054465006,16:18:56,-1
28338694.257152963,354.25472280152235,15:53:23,-1
25601702.82439466,201.96062356338945,15:37:29,-1
17281842.168046698,339.46457246751936,15:59:21,-1
30791352.33221575,92.91177107152416,16:16:38,-1
63453004.559085086,108.86857350918044,15:26:49,-1
88658473.76741445,167.48439545605524,15:27:47,-1
69730487.61042032,136.3039879659286,16:10:39,-1
15314562.752224248,196.07029732763803,15:30:03,-1
25999085.73720576,25.282482968287205,15:53:47,-1
60667922.59887064,114.455036582474,15:35:20,-1
10146156.517778816,326.0512191765593,15:50:40,-1
60297386.72296831,351.5471076845834,16:08:41,-1
65731583.34098822,324.6057490319157,15:38:43,-1
47945825.34615678,299.78108194823983,15:57:40,-1
36595226.0236247,228.3904517059569,16:20:06,-1
27881727.4451892,40.19714461702259,15:35:55,-1
7558138.825165268,243.0543173551051,15:30:39,-1
16814902.69673001,127.30655806430327,15:39:29,-1
19825251.98937295,316.1684580529904,16:03:49,-1
23308801.59021064,0.1301537907533045,15:57:47,-1
31686819.488574486,303.688465334735,15:37:58,-1
8291539.171166113,102.77537906129368,16:17:17,-1
11640698.910621887,149.1570853752937,16:11:02,-1
17668219.241621602,61.47191834452614,16:10:34,-1
13978132.331844017,271.12137218304474,15:54:57,-1
75161550.94715172,116.16819204397598,15:36:31,-1
81546395.24065031,151.7948534465708,15:32:07,-1
56979519.39434869,169.32903378179887,16:08:52,-1
50908553.490487695,216.1236969244445,15:45:51,-1
74375088.60678191,253.38392051529175,15:53:27,-1
74845804.84071931,39.16192561287402,16:05:36,-1
52819375.97320835,187.0510117534658,15:59:54,-1
64077569.73730253,16.02795642489688,16:24:39,-1
36027220.87217588,255.82967764347555,15:37:27,-1
66721678.54201652,325.49064891057265,15:43:49,-1
1099314.6903915606,59.33159708230112,15:47:34,-1
85574870.51837571,157.3399434819866,16:02:29,-1
26054877.05841609,252.003818288667,15:30:18,-1
72239.22134550299,14.631842132879678,15:47:26,-1
8399715.681639466,240.8278778670622,15:42:56,-1
58825478.448479965,279.8627360888426,15:49:48,-1
32880537.656451836,291.9465869991713,15:43:57,-1
61115215.24354818,141.70464972990948,16:19:14,-1
63673770.259975344,288.85369528517816,15:49:23,-1
57144253.442220025,42.56042716734442,15:35:05,-1
77080195.41967013,223.4128326792953,15:36:23,-1
79025177.81484051,183.9423823001335,15:48:05,-1
48240140.81974137,180.56461691272207,15:45:34,-1
78179137.7808516,220.21264883530625,16:10:00,-1
10933706.50612052,278.0823777804746,16:12:07,-1
79531046.89728096,42.48686701290698,16:07:26,-1
57771959.3776333,316.8705452144651,15:26:44,-1
88008511.85904306,62.87801167628779,15:47:32,-1
12715616.061023409,303.9296990093762,16:03:50,-1
72107650.2422203,79.61510837802223,15:40:11,-1
20303787.36475284,200.0824861436897,16:18:35,-1
58654846.50719684,329.302230440297,16:02:31,-1
11962436.169519149,335.696564680818,15:45:08,-1
15569092.262999982,304.846047442986,16:06:32,-1
38060468.23448542,62.53540098645337,15:52:43,-1
20568421.77126449,309.4495850903474,16:09:55,-1
87678125.02975458,295.91157068698334,15:34:59,-1
38678069.14661,10.542390910399767,16:17:01,-1
42376380.35139086,218.05198317713737,16:18:08,-1
85582792.99470863,283.68176775090905,15:31:04,-1
19238270.51114025,258.2335388532476,15:48:25,-1
71882503.13539565,60.22213601210606,16:02:16,-1
49164580.23905633,193.07704243481373,16:12:09,-1
9432641.93064402,109.28440463074284,15:59:01,-1
48400616.90556618,162.9973249098496,16:07:45,-1
88781845.83012192,327.6813616077672,15:27:04,-1
22162151.28157549,276.0861216804561,15:27:36,-1
1974848.7830804845,159.5030805177659,15:54:50,-1
70783912.49688275,30.52130788553969,15:30:28,-1
40924094.13045229,238.2489866969841,16:22:54,-1
20695265.45584429,239.4229283268901,16:05:59,-1
13511904.600557486,64.13313048964766,16:23:50,-1
59148556.09681402,245.9593131357744,15:57:42,-1
33017871.571023,34.27424254250951,15:38:30,-1
33645093.95200318,197.96619148473263,16:05:47,-1
62115456.60719728,124.73523751233614,16:18:16,-1
24583711.204741,187.55490020067683,15:54:40,-1
54259637.249690965,159.44315023981892,16:04:52,-1
68022228.5789617,162.02520345023598,15:58:24,-1
25849701.195708647,214.33487633256905,15:29:00,-1
84446323.22454378,288.7172784970802,15:40:23,-1
75647138.27344778,16.874753030915816,15:51:42,-1
14964071.668637568,267.2750236499841,15:46:45,-1
11121507.148330553,26.11140154490704,15:41:23,-1
81177902.3468092,216.11329021256185,15:59:57,-1
57999082.25459366,27.436475765369345,15:56:16,-1
57413685.339626834,114.20405280093168,16:14:19,-1
27622931.076011367,359.27373781670286,15:42:41,-1
20680052.03267385,95.2967862412862,15:30:16,-1
15771658.855513852,98.31145727853912,16:18:23,-1
63463717.5367644,26.663526493798173,15:29:44,-1
44579575.00154925,233.3678089152193,16:11:32,-1
12138998.497853749,329.4253738077597,16:23:51,-1
60606143.057053,103.08562608066306,15:53:12,-1
70608760.15373632,304.63390800242206,16:23:08,-1
72032753.53740151,200.454504381554,15:49:05,-1
30149936.220573623,288.2058248517091,15:44:44,-1
82934506.41981469,39.337616233351454,16:24:05,-1
37878255.26472136,322.6091493897077,15:32:00,-1
21641357.2758299,185.70897245039484,16:15:25,-1
13699293.678869104,186.7497239646241,15:35:14,-1
56005225.4151306,32.953609147454735,15:25:40,-1
1835704.1982340647,211.32560030653067,15:27:07,-1
76765248.12095469,339.0565661376594,15:27:10,-1
4688270.903833632,345.21087002194434,15:36:55,-1
16037761.647812298,346.5967179169234,16:23:14,-1
26680811.6522188,174.61246461262425,15:31:12,-1
47018220.67032044,88.59717607508543,15:50:25,-1
38924029.99072301,159.62289299734405,16:00:45,-1
17124877.035128262,51.0612271694709,16:17:51,-1
37875637.44356034,34.20692777651337,15:58:56,-1
83248868.74471119,304.9109797288358,16:09:06,-1
53747894.522239566,214.0128933634433,15:38:09,-1
60349553.19597343,100.78678317154186,16:10:53,-1
27678926.89204444,199.73619972195908,16:06:18,-1
12257567.43999757,126.92765906996792,16:06:35,-1
29820796.572180413,151.72434739512127,16:10:32,-1
43158186.44041187,60.675227422836976,16:16:07,-1
50925983.64854498,29.92747722742827,16:09:38,-1
54217459.70717474,96.87049781740518,15:27:33,-1
7356379.83942832,184.467895554074,16:07:39,-1
55950061.01810284,265.2203181468365,16:22:26,-1
50076507.94891889,101.34154383199616,16:10:57,-1
27428166.423894167,220.50728695785705,16:07:01,-1
81763500.31976357,156.99999547826408,15:32:13,-1
81541840.05308016,264.0855412413873,15:58:44,-1
35887052.69618648,348.5654220221779,15:58:48,-1
24431267.82697198,95.61854642932398,15:44:56,-1
19862488.58346668,217.95837939308677,15:57:48,-1
38105238.24096976,160.75200005774306,16:05:28,-1
54067822.14394937,126.77381148636036,15:36:36,-1
59290608.44619738,212.31543531504624,15:52:51,-1
59058497.82545319,111.98812634413176,16:07:05,-1
86829152.89212857,352.65083018380227,15:27:18,-1
82560870.21786636,236.22003849704384,15:57:05,-1
50500690.57334672,168.06346628910055,16:11:33,-1
74360316.05582877,137.90369084213802,15:42:31,-1
80018715.06767769,65.23174040543068,15:26:35,-1
35213652.637760855,39.333607747009445,16:03:55,-1
67136644.40830483,328.2423251351096,16:21:43,-1
43516062.81869318,311.28474107844863,15:29:46,-1
78792834.7406925,267.17594684070946,15:50:02,-1
33983214.111022286,196.7958672658316,16:25:14,-1
15730647.894283822,80.98933037951467,16:02:01,-1
35511539.49284516,13.576667213169925,15:56:05,-1
5352927.845251165,112.18710646178812,16:07:55,-1
37485632.01518512,267.84179025232174,15:34:29,-1
70453593.77028733,69.22238318216672,15:33:53,-1
87478013.06659529,124.74326723711,15:52:07,-1
23586844.04359189,20.0767826243946,15:46:05,-1
12679483.959773762,56.34609899165834,15:28:12,-1
42672506.11250277,291.3591134582539,16:08:07,-1
70795763.55774982,337.7766527867392,16:16:03,-1
86723820.54593815,16.03260059164849,16:16:35,-1
8250647.38656888,300.7412579810849,15:43:07,-1
22701462.666226,60.86011683983279,16:22:49,-1
76269169.31837212,88.5081697507575,15:37:26,-1
88621391.1846249,347.48310737970496,16:08:12,-1
30759172.517020117,191.38812907417983,16:24:45,-1
29132553.03978458,185.1728482412789,15:33:46,-1
9724612.525132235,225.5817547593454,15:29:19,-1
68347766.81422469,84.87518402604948,15:57:48,-1
42561501.46814158,124.71215657780878,16:18:58,-1
70944089.19268651,166.02079096544088,15:38:13,-1
60391130.1477979,311.23893668793664,16:03:28,-1
76155109.1464428,17.491422791643814,15:59:36,-1
71275210.23398447,253.42672331729923,16:10:11,-1
34320925.52986444,261.0746009164015,15:26:14,-1
14456290.341901762,215.48659932589305,15:29:21,-1
74217684.29357964,258.6712473773156,16:21:23,-1
21977578.39180362,266.53228527424733,15:26:13,-1
63774698.39208156,60.71670493378475,15:44:38,-1
81645676.59267622,358.0298941410045,15:29:33,-1
66338167.16027926,150.57087366424898,16:20:09,-1
39701922.868849695,86.86474693196048,15:32:20,-1
21296843.09476564,309.61880042358746,16:10:15,-1
38835061.32778363,358.9713239202363,15:31:02,-1
42400222.51002745,208.06615326517704,16:02:16,-1
70543176.09224564,310.9708805138498,16:14:52,-1
63121862.49321226,225.72473436577403,15:27:16,-1
45716865.335537225,96.25408693471988,16:07:24,-1
43905974.23599557,205.07648449299063,15:43:01,-1
79084992.61698961,244.6801975151172,15:28:17,-1
86627656.06074509,228.0371751720222,15:48:12,-1
45867989.29602332,1.6445876122381264,15:37:45,-1
72163531.583222,158.60719080974184,15:39:46,-1
61659936.45779279,315.8315446486389,15:56:17,-1
65619081.23718997,181.24043085832344,16:04:05,-1
71034701.40308112,15.687137714299295,15:31:44,-1
85302475.171098,159.59763457854748,15:29:10,-1
59737987.38578909,63.874742536432045,16:04:16,-1
14291286.039419888,65.78730650857005,15:48:32,-1
70453853.424272,159.44761490346562,15:55:13,-1
17756448.6489993,89.84470756002995,16:24:33,-1
39875589.84836648,57.13035015924597,15:50:46,-1
44713425.23420474,288.5532143964708,15:51:50,-1
43379062.7602848,236.1636822975921,15:46:42,-1
33312490.941590544,332.96936354039616,15:27:28,-1
14792174.858038388,137.7078535177739,16:24:08,-1
81240213.44967319,24.337580629928063,15:34:12,-1
56324924.05665178,230.87693295712432,16:17:34,-1
11206106.712731453,68.73363258991465,15:40:56,-1
51277430.11127492,185.85019951258408,16:12:17,-1
12847829.413354125,263.4878071415271,15:45:30,-1
62847243.75273912,131.4039302765722,15:27:42,-1
26658200.31364976,207.23073437982148,15:36:39,-1
20709889.991987918,293.79378246978354,16:15:20,-1
68682401.60599013,248.27435349568484,15:27:17,-1
18386597.62774625,127.88942292309412,15:56:11,-1
80644499.14780234,17.55880168630206,16:23:42,-1
73460622.4685989,100.26288501257513,15:55:20,-1
19611466.85675412,8.065854143866314,15:54:30,-1
77092145.46823597,86.21312006276283,16:06:23,-1
88018402.66173016,102.83728610229822,15:58:08,-1
63055381.73668676,150.89874781260198,15:57:29,-1
34910325.56753308,304.6919027607381,15:49:52,-1
19342884.37410928,176.3058922545977,15:57:27,-1
31571757.31715149,204.612738683468,16:10:05,-1
4637070.514787609,278.81248029367595,16:15:07,-1
87079281.067585,152.52998373548277,16:09:12,-1
80715831.44971721,151.8367176056251,16:24:30,-1
47474795.28654306,248.02540707415247,15:40:42,-1
41101247.84039212,233.85028477144968,16:15:08,-1
26986716.55894256,42.15356491129715,15:59:20,-1
9825170.719946483,40.7409559219404,15:47:23,-1
24708968.979404077,66.065634056583,16:22:55,-1
57242788.56160795,200.71765340787496,15:42:38,-1
11606692.596819546,75.8688821454557,15:57:44,-1
26124964.11328136,239.52558744243132,16:07:59,-1
14929662.429609612,238.27886949056963,16:21:19,-1
28309306.35451299,185.837541773169,15:54:56,-1
11275730.87387092,219.4676239321049,15:41:38,-1
6138562.970925974,270.89421132888265,15:37:59,-1
36157663.09291443,60.34444967398369,16:21:09,-1
55884018.47399471,216.9400759306776,15:37:20,-1
44289863.77118593,85.71496686143617,16:03:31,-1
7158044.33464155,303.8387657310945,16:02:36,-1
54495287.61525786,223.302055942088,15:55:01,-1
2030882.2311554395,34.38030707754924,15:26:45,-1
7283395.8818775425,15.001734411603884,15:36:18,-1
69034582.0956188,122.79303900749008,15:37:09,-1
5760338.903395167,153.1860549193106,16:14:01,-1
36678015.377277695,70.74068290645482,15:56:19,-1
88871791.07199094,41.830357343901525,15:37:43,-1
27849468.963889327,87.23060783106196,16:16:41,-1
58983940.92944048,186.3465601136294,16:02:38,-1
61665782.90595362,99.8123098097414,15:52:31,-1
28432297.41329277,170.45809465593496,16:24:04,-1
38168894.74240347,199.4268525194748,15:43:13,-1
4159932.088978995,127.31702231835553,16:15:42,-1
14898268.583222494,181.11549248076363,16:24:44,-1
30882574.193247277,149.3107615116366,15:42:07,-1
40634713.18045195,160.16867660216982,16:19:51,-1
59686788.29288073,85.76086696010243,15:46:18,-1
81091794.27961552,289.1780587809809,16:02:07,-1
89352197.28141427,101.54259708778667,16:09:24,-1
50545079.506100334,287.04027609594857,16:18:55,-1
21042824.990516253,61.30067120228678,15:34:41,-1
41895289.56815447,132.0210231854621,15:55:48,-1
76740244.73657064,118.42315823755334,15:29:10,-1
24679099.10727703,284.94927289898686,15:37:39,-1
8184652.037228722,91.91084948497677,15:53:25,-1
720432.2462197599,332.8090439908854,15:37:53,-1
63502327.8243242,50.3598363717207,15:50:12,-1
47812803.66535981,250.47377844677217,15:45:59,-1
74521831.4752943,98.85983450194657,16:22:42,-1
38680249.76576872,61.169347492636994,15:54:04,-1
8330526.300972002,189.44910414766696,15:51:19,-1
26692143.532163344,54.76240664612246,15:26:05,-1
28021166.64850692,262.4796870714994,16:13:28,-1
37989612.62295184,176.23296878554925,16:24:54,-1
59219014.25250986,323.66113686880846,15:25:53,-1
36043506.92328084,158.31343701663664,15:35:07,-1
54872387.299221024,296.2642847941493,15:34:57,-1
66437726.93987232,316.1844165912574,15:40:37,-1
18623845.45109516,262.7125153789532,16:17:32,-1
42877153.62270984,83.07612085466332,16:16:23,-1
11277684.163327187,262.84905519373643,16:14:10,-1
71296251.71629432,188.8289920273744,16:07:31,-1
13310383.102300758,302.80987317600017,15:57:41,-1
28235756.398572583,357.11724031430714,16:06:17,-1
82456443.15855135,178.58415360201656,15:59:18,-1
65605542.89399814,63.67998199492549,15:47:39,-1
35293666.2858464,329.0973035200421,15:53:05,-1
58460976.69206624,55.61389621504048,15:39:08,-1
36332164.89714565,259.55405226818925,15:35:20,-1
23416926.69478593,306.7819663685906,16:09:08,-1
76906668.1710846,14.442358154452544,16:00:48,-1
19199690.62162128,267.689971444535,16:15:30,-1
62881923.78506796,205.75086627913137,16:18:20,-1
11562060.50190172,54.47858867248194,15:27:02,-1
11711797.461089635,126.07284435054754,15:54:38,-1
499661.3620375811,89.39619265030348,16:07:00,-1
47117258.570720166,292.09859996761145,16:01:00,-1
42299618.369197935,299.2270014067108,16:02:45,-1
59420165.20563623,117.0474515996606,15:55:14,-1
18650409.6517508,174.7985551225025,15:46:06,-1
63933750.39710791,180.75207345741777,16:07:19,-1
89552667.4568009,52.67640423481543,15:28:36,-1
45084325.00114666,35.979073103312935,15:41:46,-1
85338042.09151103,350.41259682204736,16:12:46,-1
73585109.48607396,44.85744451712733,15:58:25,-1
74103672.7653937,108.32620499863866,15:50:48,-1
57161898.79637867,42.77441519538464,15:36:00,-1
9340781.629502304,189.4158722303968,15:27:48,-1
65416065.26443258,336.3106237688883,15:52:03,-1
20932480.305600144,7.31406838864614,15:30:28,-1
31576677.08458417,344.9243112825163,16:02:01,-1
20560736.59134772,31.065935591329087,15:30:59,-1
6089547.202394357,169.98814606803052,16:09:14,-1
19098259.14495762,24.27868413935179,15:27:39,-1
29440524.479533933,181.2725059534087,15:29:06,-1
23801492.14050938,269.20964659304053,16:04:45,-1
83211046.40508799,282.0358693675388,15:46:43,-1
35501629.42274691,92.0166931449875,15:49:02,-1
82787751.11495966,150.96649191960802,15:57:49,-1
80081385.4407398,158.43611881611213,16:02:45,-1
23136826.749424502,353.9396618893954,15:37:20,-1
88324631.08310655,331.9902685190591,15:31:27,-1
18081989.65146656,251.5195895110313,15:38:26,-1
17036350.888332896,213.9995627559324,15:58:03,-1
22366909.704166427,118.36282479972898,15:42:50,-1
26676089.550552607,80.99786724344975,16:11:50,-1
51994570.357986726,275.57508704723926,16:07:16,-1
68226124.41043544,48.86081470353199,16:23:48,-1
88542394.62566903,223.3555161347223,15:34:01,-1
14054.051110606368,262.6367172864183,16:11:03,-1
81283002.08974609,160.5322416298574,15:36:34,-1
51700944.65179357,292.73426107904305,16:00:05,-1
14698657.431161776,277.35336606202696,15:32:39,-1
64368887.49667789,312.6217500771436,15:28:43,-1
14023528.637701835,67.7438557103309,16:15:03,-1
59775178.00108471,100.111016367115,16:08:37,-1
84451599.93511912,118.5617693511239,16:01:38,-1
13550098.842297517,98.583266811473,16:23:01,-1
16003166.127238952,100.93077638214145,15:46:13,-1
71996781.80556926,188.52229615863945,15:25:41,-1
35821090.91296812,320.09760547620454,15:42:28,-1
62427845.503144175,48.99765237262277,15:30:17,-1
71049845.02598177,103.19776673288666,15:31:37,-1
18893507.760373924,250.70085735612844,15:46:32,-1
3841379.992100844,66.55171154778675,15:51:31,-1
71812618.19582073,133.0052545841815,15:35:29,-1
45847563.47994348,352.3837242444194,15:36:32,-1
55129731.63103508,155.33152759627964,15:33:02,-1
84699731.27980368,38.77316107924024,15:42:01,-1
31940527.92408853,359.76163860385805,15:54:01,-1
60078796.68783411,10.2193832326955,16:14:13,-1
83057107.43139099,355.9281786113725,15:58:03,-1
44431966.39517556,127.06898678890738,15:39:12,-1
79440989.82216722,1.108708852042648,15:42:04,-1
53383911.36272573,96.64640832402692,16:23:12,-1
49156016.884080745,253.7025703709164,15:43:48,-1
30840706.56118063,273.85943375447806,15:31:02,-1
65616686.12601853,350.2534699717705,15:42:46,-1
23999666.31846656,260.50610547521256,15:41:17,-1
18417834.37791857,44.37812372942087,16:14:04,-1
20520969.94004523,191.9992123329814,15:39:49,-1
18195078.812427167,0.0388544759020037,15:51:56,-1
38823498.75970969,58.55415831229031,15:56:22,-1
41291981.21142508,166.50478450239297,15:43:05,-1
11622332.31793476,265.4701425231372,15:56:15,-1
11213324.883950356,248.02896475427383,15:53:39,-1
48671189.798606016,130.95817631500762,15:58:34,-1
85817287.73691474,1.5337770989390886,16:08:21,-1
47457672.11721821,98.758615541477,15:38:33,-1
25722145.608569387,30.155185519460783,16:19:30,-1
82401939.39035687,174.69716902314804,16:08:13,-1
36754615.34517198,59.92347273463856,15:49:38,-1
69594235.77575426,328.0402322402186,15:50:11,-1
6241857.798138673,62.49029864624728,16:11:30,-1
84946957.74675438,2.6266154159864685,15:39:38,-1
49494633.502033696,183.70047555124737,16:03:18,-1
7971000.637022594,340.1099093879287,15:57:35,-1
45622991.32899834,266.9181486571992,16:17:41,-1
66534867.09689546,217.27524877301855,16:00:48,-1
85329306.38483071,214.48011078927203,16:20:47,-1
88837275.91035742,101.35482445192812,15:51:54,-1
77296266.90131988,343.1940537632331,15:53:54,-1
65826539.371332586,153.126607640829,16:09:56,-1
73891365.53889841,85.6326328937948,16:06:58,-1
20867395.873668544,291.55779269069615,15:38:24,-1
62096539.24851654,113.03021251876878,15:29:05,-1
7526235.892551977,87.06842954366802,16:08:54,-1
87153067.53174329,336.67046495950785,16:23:28,-1
30742057.08085229,80.9979065275492,16:21:37,-1
27331890.83604256,355.5632091132684,15:36:39,-1
36547912.6395654,276.28494877508047,16:24:10,-1
10194380.015286036,76.43628010173727,15:50:15,-1
68014768.75069651,148.84291409922352,15:26:15,-1
27355274.528348133,74.67119412941636,15:55:02,-1
19463621.07147289,336.6872154556278,16:15:51,-1
45629424.38888221,77.88302699335638,16:05:41,-1
80889281.04556955,212.07674394725203,15:52:58,-1
50827087.10579026,84.86536620079842,15:44:29,-1
44305375.23879946,298.5816280284435,15:48:00,-1
57682842.47291467,121.91166875572742,15:46:09,-1
67122823.86289513,322.7054835261864,16:05:23,-1
30994124.413957328,60.65801433279905,15:37:55,-1
55800787.84141167,5.204556240361611,15:58:27,-1
6872620.65801588,309.31863260477314,16:17:06,-1
30394580.883303966,117.15733312945068,16:05:06,-1
61608365.28954756,247.68604108130185,16:19:16,-1
42791036.70183911,280.4457656927737,15:38:18,-1
62161261.87546396,164.09397089155613,15:41:39,-1
13814280.278267628,249.45738717413377,16:23:38,-1
45673160.65629027,135.72484750172575,15:44:41,-1
57361590.19717904,208.27869639933405,16:09:57,-1
13931705.278252104,324.7871120777376,15:36:49,-1
11493592.909344628,107.26209769023448,16:18:17,-1
52895486.804546446,39.58120278022204,16:09:04,-1
14339405.224686142,22.76109124662133,15:36:52,-1
65678207.24402681,236.82343156495017,16:11:05,-1
55902446.39126295,327.3867845001161,15:41:35,-1
59548649.51070533,108.3113164253841,16:05:42,-1
52391463.89092323,69.67811807696005,16:15:14,-1
2890689.157976191,297.4480862368619,16:25:27,-1
35000471.59873712,223.28120339928705,15:30:15,-1
62544471.550314896,223.1784204756805,15:55:01,-1
35070568.46721278,237.9701446541286,16:21:29,-1
46619625.72782952,58.12313072556697,15:26:05,-1
50853915.33943739,312.63446908460554,15:30:20,-1
29905814.403935745,213.7990835426849,15:47:16,-1
36008718.36518833,130.17830660191768,16:22:05,-1
40725529.87656787,181.01304746387368,16:11:30,-1
51653503.57082062,118.12838771164668,15:31:45,-1
50979896.02036689,324.5595079635579,16:00:58,-1
80835088.92856473,354.52099577731525,16:12:41,-1
58208858.004187696,330.73820007643207,15:25:46,-1
41660266.19213763,339.6535810423115,15:28:19,-1
15093249.212394075,55.187297597132925,15:56:36,-1
26013758.85097422,20.498642992265463,16:17:44,-1
1006829.3138026434,99.44965368063622,15:53:12,-1
51774542.68094252,183.87255566878704,16:05:16,-1
4172355.367509263,303.5269838133774,15:35:51,-1
88533501.51285341,345.11020948483537,15:43:22,-1
18576295.27122995,145.6833005341548,16:11:53,-1
69847701.55049379,260.6333371659143,16:21:50,-1
67560347.8865128,151.11870702590772,15:36:27,-1
84258150.22696577,279.2328494695587,16:24:45,-1
80853757.09222132,98.05662516675592,15:58:17,-1
8363527.55368074,91.72920727962644,16:11:07,-1
13924348.176658014,162.82389314580868,15:53:51,-1
54536359.10607279,101.4319112859694,16:23:10,-1
74401635.17766112,256.2999830841028,15:28:43,-1
11540369.38131119,89.1121775341279,15:28:07,-1
41192855.41144934,200.61740995033293,15:52:37,-1
65932693.376042254,325.2244172712731,16:00:15,-1
50225527.976215385,297.0768797603037,16:09:37,-1
82704686.99990873,189.1497061148527,16:23:15,-1
6348278.381423221,316.0675869144198,15:46:24,-1
17751967.903067406,153.30551217861026,15:30:15,-1
29068388.106390223,85.76593124835978,15:45:35,-1
47435138.58760166,220.798054117912,16:01:39,-1
83914747.67600083,184.54080189843063,16:01:41,-1
6912351.350949599,236.11118665578576,16:19:41,-1
3208814.854339626,17.965725825393335,15:47:45,-1
18781241.874218784,243.9403507170588,15:59:05,-1
48855107.280608974,22.42817287456719,15:27:51,-1
30380292.862532265,58.73205492528452,16:17:34,-1
5492771.592947156,119.14655961749077,15:37:16,-1
31484346.539366856,307.9731441960447,15:48:53,-1
83847084.4436345,96.02981155861391,16:13:38,-1
48965999.60601701,307.4081666691608,16:06:00,-1
72345270.63942799,45.18563899597879,16:02:32,-1
42854257.20227515,244.94095070505975,15:35:43,-1
55473646.35126666,177.25265456959187,15:35:22,-1
20218549.2115054,18.779568007875177,16:20:42,-1
72496472.8078668,21.98088246170338,15:54:21,-1
35041905.78110172,212.42526216036103,15:43:32,-1
33197008.108316846,313.5524127835635,15:49:20,-1
8776565.032516737,172.78592019377032,15:59:07,-1
30068251.97945209,240.13774021671423,16:24:35,-1
60118248.356539816,118.8235459695434,15:45:37,-1
3324483.4539043484,1.1255784297379634,16:22:58,-1
40240858.72629552,18.201053460860194,15:48:03,-1
9242673.09781526,199.16866456148435,15:27:27,-1
60430343.783066094,121.43729002090724,16:07:27,-1
14504575.080290489,73.28933613165427,15:37:31,-1
4807255.554846652,19.16310187687438,16:21:00,-1
63202397.13774739,103.79883258731148,15:54:43,-1
66517811.5625992,356.6805263888534,16:12:09,-1
26290704.926125493,238.92935152658933,16:24:25,-1
21824814.44358108,31.17706855521935,15:37:46,-1
60231308.4326665,116.14046119881172,16:19:48,-1
37392602.873122506,235.59672179002845,16:19:28,-1
67658469.76198547,112.83040758953652,15:39:08,-1
50890099.29006826,178.17895868050027,15:30:32,-1
1808679.5264678923,126.6100927720107,15:33:32,-1
32506575.943889435,2.49475316532342,15:40:06,-1
16775468.72033216,231.58218755990572,15:28:48,-1
56949912.20984754,27.750020580008,15:48:33,-1
23463270.030680105,48.14293900015599,16:06:07,-1
1506104.1619775286,3.538902203990153,15:25:36,-1
19480698.67633448,8.864290544858449,15:43:12,-1
24715920.89206959,58.45021188970372,15:51:38,-1
42332937.2463554,125.58357574378456,15:37:56,-1
21866596.27407169,270.4083285015532,16:10:04,-1
61934147.39800478,0.185849205638382,16:06:28,-1
26533402.05684262,276.83382306158865,16:03:26,-1
30235876.35288072,183.7048017308956,15:39:36,-1
4297711.415607538,300.89205694897765,15:44:20,-1
35964133.289901696,118.19388151772998,15:57:29,-1
54518797.876724936,72.60851682089401,15:45:51,-1
57551627.431392536,127.63863692865064,16:08:46,-1
34342251.432497084,201.1732033919296,16:12:50,-1
30168215.6038697,170.33023942847913,15:39:07,-1
61603665.979013786,268.21837092118886,15:41:45,-1
24491133.7630442,275.47995572147505,16:24:55,-1
78803191.67698014,212.8060099882321,16:03:27,-1
35849584.333046004,113.72234610526962,15:36:04,-1
19131632.78573695,194.36327310956375,15:56:30,-1
21458478.632372588,40.30962261562602,16:04:54,-1
29570378.906940147,105.05588361704764,15:37:38,-1
2594491.6469771005,323.5417897649084,16:14:50,-1
41234810.36473538,120.88320978717177,16:15:32,-1
55157945.45613679,131.4827354227946,15:56:50,-1
12710168.615424618,132.99888177522712,15:26:54,-1
55132705.94283723,273.88068922594886,15:50:41,-1
73101757.40136504,162.9461621995045,15:35:25,-1
8545419.60734904,213.6333987667941,15:59:55,-1
65380076.15967723,301.356828755158,16:20:51,-1
88119621.61978309,256.2369639604651,16:04:58,-1
3922195.8201601855,166.98396028341577,15:38:40,-1
9557921.783186575,335.1701907174511,16:24:07,-1
86083796.41382389,86.29896831318024,15:45:17,-1
34089305.14025179,100.56036540014486,16:04:01,-1
43923715.791583344,333.5517782639275,15:44:53,-1
78990490.76349315,309.73672479829685,15:47:04,-1
14610698.334232625,120.8848935341743,15:42:28,-1
46472131.07541893,310.01967194037326,16:16:17,-1
40272399.67660783,293.9483503525524,15:59:59,-1
67779283.88593464,309.2102888783281,15:33:19,-1
85271234.8333742,151.85948932754098,15:46:01,-1
9193967.501435488,298.6553421057127,16:07:29,-1
28393834.9771459,201.9193968331432,16:15:28,-1
10727263.655616466,217.05985805127744,15:30:10,-1
63743973.47081195,118.23023365484096,15:58:18,-1
56392915.347599015,299.0089412982886,16:18:31,-1
60825990.50096136,29.07072167262018,16:22:21,-1
66560739.98348294,286.07440171849515,16:11:01,-1
54679062.371359535,74.9420616576348,15:40:59,-1
40018353.22751796,154.50530572158797,15:36:15,-1
24803424.49004507,83.25244285069464,15:49:26,-1
52110255.39921363,34.45422442920288,16:23:42,-1
23684283.95137081,227.5803396262256,15:43:33,-1
3798448.863291687,47.36834212555178,15:47:59,-1
70098223.05005805,115.2306727640785,15:40:00,-1
57803302.20272387,176.51560414433402,15:37:10,-1
69312887.64113632,108.1488904583532,15:42:09,-1
2837335.58429786,172.48674187701658,15:40:00,-1
48798190.97276533,79.36090378395915,16:18:06,-1
32543824.30255058,20.6611803845478,15:43:01,-1
52547274.89429474,45.84884566127173,15:37:57,-1
12801501.851373397,262.7164588184797,15:56:06,-1
80857531.88353752,136.75873831910442,16:17:33,-1
56336531.70371739,137.85742115271674,15:47:00,-1
3518841.9322446263,263.1425699493405,15:43:05,-1
34664028.80221172,339.3870025345916,15:58:33,-1
10841662.00856597,356.4547777716032,15:48:27,-1
7521038.175751851,219.36574632926428,15:46:48,-1
48906649.61989277,82.29248988463848,16:22:55,-1
72755488.71392778,92.49843032090212,15:47:59,-1
77361812.71440844,184.26042454995311,15:34:12,-1
78997792.70946859,285.27398375014764,16:09:42,-1
5137431.599969448,280.34788149712057,15:35:09,-1
86622200.88206516,219.00722314988192,15:56:57,-1
71522852.29938222,214.47223036475165,16:19:12,-1
1428133.9261143613,179.20830178806102,16:13:49,-1
85817464.3957778,144.68649950811457,16:03:22,-1
54333357.67996797,145.33793622322926,16:22:32,-1
9623758.251967082,346.6861041492964,16:15:16,-1
7673272.083229833,293.03144649656747,16:08:54,-1
12668793.906991595,333.29308668110644,15:57:26,-1
3199292.1260888656,40.89915406560259,15:34:39,-1
79677650.76288538,41.40914120253728,16:16:51,-1
19826884.444041077,70.62288992331247,15:25:50,-1
76946938.56664427,8.09004144170335,16:18:24,-1
4313537.858714456,72.87290036685306,16:11:26,-1
77415550.55992362,236.29444257104777,16:19:40,-1
11672413.31666711,306.6790595257481,16:05:02,-1
581616.8361770753,1.6691022659742316,15:25:31,-1
87898024.6816165,276.5586253562865,15:38:42,-1
12062952.8673255,320.87154402401063,15:51:41,-1
36141314.92470984,313.2489876876016,15:43:11,-1
6361795.481290911,190.54495535144807,15:26:33,-1
6856434.055991727,235.916979918898,16:00:43,-1
57509605.00927086,183.7655679384585,16:13:44,-1
41970312.323436245,41.62718684530636,15:56:01,-1
49381326.521254,330.74877403740834,16:04:49,-1
40341776.07888692,222.7686799009985,16:12:54,-1
21821640.844723605,91.02290863901932,15:41:46,-1
6181221.65692358,233.5606050851844,15:54:11,-1
20133080.265957072,286.56365745674844,16:13:54,-1
56464789.51895253,154.10181667718808,16:17:24,-1
80724549.81533656,205.08985311509423,16:05:36,-1
51145391.53661134,320.9252366015699,15:59:33,-1
11043499.632298209,346.9662190671715,16:02:15,-1
40781484.21184824,107.61326722685584,15:55:00,-1
38186162.25343215,254.9830591890492,15:57:22,-1
72294565.65901631,109.8682866007418,16:13:54,-1
17546788.03306672,285.4014299113799,16:14:17,-1
69237273.05823103,17.914272527881874,15:55:33,-1
55443800.92879666,324.01050984549823,15:59:04,-1
1878888.7852408744,55.86483175499307,16:08:35,-1
20986746.588332072,317.7558159423563,15:47:31,-1
54637191.269516826,167.33342752823384,16:11:10,-1
47939098.70386269,208.26636229595283,15:58:26,-1
44493317.39483133,213.5275485468186,15:26:49,-1
67958995.62933779,290.8140796547676,16:01:29,-1
15700932.80383228,41.78469567523889,15:42:29,-1
1030345.26656648,9.969461364114554,15:57:13,-1
51271555.2734115,24.6135331344229,15:38:10,-1
21483670.9432238,271.09530871471964,15:26:13,-1
29398726.843273085,328.8633886085527,15:55:58,-1
69095623.34925272,345.39887971330523,16:20:22,-1
46689410.116558366,355.8051262328255,15:29:55,-1
78736150.8198614,190.6356536781992,15:59:46,-1
38344647.24510035,189.59236753238795,16:01:03,-1
19571843.707731027,258.5329227741273,16:19:47,-1
55501984.0330177,212.64311796970944,15:48:39,-1
82514229.87331645,296.09724592840126,16:24:20,-1
41540268.61292486,254.6438920237381,15:46:41,-1
22142199.17394711,187.72207884374924,15:25:47,-1
1388399.120985303,81.55046765642658,16:12:21,-1
30055006.85053199,196.4672166555851,15:54:49,-1
40248157.30006097,67.57487205684042,15:53:04,-1
31231281.641369198,277.5687232504118,15:31:38,-1
24021456.272216886,182.3104489884824,16:01:17,-1
33629569.79453844,256.6055021736631,16:15:35,-1
88796526.9959217,71.36761913624258,15:31:38,-1
46294112.10824008,87.32008141494298,16:24:47,-1
87970040.2865041,341.33675724980304,16:16:23,-1
81991126.42284438,74.73180952714218,16:15:45,-1
23433334.46324789,23.597561731193952,16:18:39,-1
8879128.415834218,120.60304662257464,16:11:19,-1
65670518.88268807,64.25999561933504,16:18:14,-1
62668188.58964267,268.74484935545723,15:58:53,-1
42189477.21151488,6.590558832995765,16:09:58,-1
11343170.316711629,198.4968033678996,15:30:52,-1
19296753.815396667,198.8026937439972,16:12:54,-1
42418948.91413099,108.22279510257464,16:06:05,-1
11017484.308532411,305.59198231064715,15:30:36,-1
48063696.54303917,140.6637869789931,16:14:56,-1
55705703.78970149,213.67257264776612,15:51:06,-1
7374849.76557289,263.33111388353694,15:31:28,-1
55706178.099538416,15.02743552029683,15:41:50,-1
23085481.802305285,76.95708245639152,16:24:13,-1
50570111.22097626,201.79320083334605,16:19:19,-1
21139642.423390973,113.73735479892974,15:38:08,-1
88377577.60480335,46.94869783912762,15:57:28,-1
6862107.039950747,344.22026894209546,15:25:44,-1
82125968.74842578,22.1481381546634,15:31:53,-1
30998891.025796056,229.82992467668083,15:47:31,-1
85990895.09578471,137.99506050701368,15:59:43,-1
67483189.32619342,231.6753642114464,16:12:38,-1
26409111.974564385,50.22854899012248,15:52:59,-1
51505715.308169365,214.32988051340143,15:59:02,-1
30001006.5763354,128.0105992466595,16:00:36,-1
2796867.1045962158,153.4710932575364,15:26:42,-1
80596995.17736438,353.7381303219539,15:55:45,-1
22375095.70297489,299.338978371708,16:19:00,-1
3859495.7089783056,206.8909546713806,16:12:12,-1
4800437.707845454,247.73576261624896,15:47:41,-1
80471713.41340756,32.57636677924488,16:21:04,-1
72603312.09188257,74.63267784019669,16:03:11,-1
12375892.614598544,126.69872394171249,16:22:16,-1
46245453.48705248,134.99523498205733,15:40:05,-1
56763373.83335766,103.3778506377688,16:05:27,-1
72042459.34636702,13.581088489378349,15:42:44,-1
53095171.14693493,330.78920091594705,15:28:54,-1
9546314.280013142,276.2218238046573,15:28:31,-1
71003698.70103894,288.41277251831946,15:52:18,-1
2430965.893907508,315.9653164807323,15:49:18,-1
22051380.85570715,135.34609374632973,16:21:22,-1
85376592.40194431,227.0040206788121,15:32:54,-1
27483165.260781758,232.66837463475989,15:37:25,-1
74846825.20966707,302.2732379505401,15:51:25,-1
21005706.16834624,107.20343248442296,15:35:48,-1
1349049.4115805018,44.0208345120673,15:50:37,-1
84908784.66673476,173.3335174141638,16:21:32,-1
34574799.674522646,115.7001632187836,16:03:51,-1
87502760.2154108,166.09615780567256,15:58:55,-1
60173799.03218223,336.68320046993284,16:12:58,-1
53084215.90995042,291.94254220642506,15:42:27,-1
80850448.65802965,55.13703360664669,15:42:45,-1
11756113.692401877,215.82328566087745,15:39:08,-1
46753187.62621267,121.06157048682348,16:21:17,-1
57236227.873071045,219.46259159792783,16:16:32,-1
13122030.160084438,311.24546856376253,15:50:21,-1
35890759.227608785,52.68650881826248,15:29:26,-1
63367240.22076439,220.69581407244223,16:00:38,-1
54327608.77804325,71.52940772218535,16:12:11,-1
29400144.54743989,276.231608348007,16:24:23,-1
40019502.5656938,227.6690547487067,16:14:37,-1
51911655.9680424,160.4924619425183,16:20:14,-1
80269974.06836481,148.62306936642685,15:40:33,-1
19180987.86754963,74.6293385597941,15:49:02,-1
47391944.77818869,240.23165627854175,15:27:26,-1
32494543.29904771,122.28022554176566,16:15:41,-1
57565928.99103504,332.0497695024905,15:48:20,-1
56912671.19569594,317.2683954508388,15:34:16,-1
85622549.44905268,156.40814930673557,15:49:24,-1
87506729.73114207,178.64441619567916,16:14:49,-1
32951556.107295644,122.24492943303906,15:30:46,-1
22750902.060316537,349.6400495418888,15:35:54,-1
59575817.07916423,142.49308798048506,15:55:47,-1
16938755.429403197,67.16699411582528,15:45:24,-1
74995757.37988846,212.54278663604236,15:59:49,-1
22852819.9543427,137.42890039585882,15:53:08,-1
2075969.7760915011,156.65733301344545,16:15:36,-1
16795580.913384892,264.4087104527963,16:23:00,-1
77644821.10176681,255.82231721625664,16:03:44,-1
37075952.75516681,332.9997644705883,16:02:24,-1
85601486.41258429,322.7537310197885,16:21:04,-1
88967305.68839687,83.91137243013046,16:08:26,-1
54966318.20341488,118.77058470904193,16:16:03,-1
30560572.41003721,303.56834552364023,15:35:47,-1
72342088.11385608,210.93872605096723,16:16:24,-1
7792046.327597305,37.8681654840063,16:15:12,-1
68376414.33803211,74.78148215765646,15:28:23,-1
49763774.474980295,221.6205493791444,16:22:44,-1
32586261.40289087,170.37133195913285,15:39:01,-1
18848555.322781503,283.31559484103724,15:50:24,-1
71586141.08873989,12.085019031753488,16:22:27,-1
70475987.9253036,145.70101090973264,16:09:01,-1
60283491.69557929,130.50830590403095,15:29:23,-1
89179702.61245655,65.18242528928224,16:06:59,-1
23353847.20961734,290.11572140129533,15:59:16,-1
23224945.106558897,213.95822832683243,15:33:42,-1
22718843.32943044,198.07246312984608,15:51:58,-1
27857782.955839828,66.39876479915678,16:08:16,-1
82833975.64834908,155.83650241475434,16:16:02,-1
23344556.341872595,88.6634177276553,16:03:55,-1
27513560.830933616,321.1624334591534,16:14:30,-1
53551414.320959456,69.4622934993086,16:18:58,-1
23754618.69541323,71.46996745233571,15:57:55,-1
86393935.81147455,237.5012306779149,16:03:56,-1
11977114.61523819,218.4973437996913,15:56:15,-1
28017870.67392769,259.1974217698652,16:00:56,-1
59673585.17824418,214.7404056908817,15:55:50,-1
52925415.646175966,285.6635430622378,15:40:10,-1
87961779.7256454,27.017589891471047,15:40:04,-1
15246135.099502623,198.31042008599908,15:48:46,-1
62037840.96248267,301.08175334193305,16:13:32,-1
5010854.421868656,250.7459610355617,16:23:40,-1
10535948.669271668,80.2592491838642,15:41:52,-1
34631073.08131226,328.1757866381688,15:45:04,-1
16882705.684359897,226.30749234859843,15:25:47,-1
39574760.6487548,359.2806116274709,16:24:18,-1
28757056.533074617,265.90655839686684,15:54:09,-1
34261261.02219419,12.998626508247622,16:22:10,-1
77531384.20505889,291.0752462263632,16:11:08,-1
36450871.5564574,258.81483209653044,16:08:50,-1
1139514.1308713462,297.03758471208573,15:53:05,-1
46131713.27492842,10.595017217947213,15:55:15,-1
24541783.07920813,208.88089471777556,16:21:48,-1
42978402.66108936,61.61048722212335,16:04:00,-1
70278921.04908381,71.0206873825468,16:23:27,-1
86635146.00901751,205.02285563222088,15:50:55,-1
4081419.741202426,303.0356022437828,16:21:02,-1
42223270.180039145,90.63121137783276,16:23:14,-1
89755456.50634235,69.16069070189461,15:41:14,-1
62807651.93121398,69.09571826810641,16:10:43,-1
12525825.583372893,335.041267638351,16:00:52,-1
1845487.385224426,291.32547600892684,16:04:06,-1
83833657.0784588,293.296769673108,15:56:28,-1
78534430.83242609,187.0886799241648,15:54:13,-1
16846601.0815516,131.16583920277674,16:06:44,-1
22709053.032754224,236.68040304452816,15:43:02,-1
53355886.452727504,310.12813883968363,16:25:26,-1
50121433.830119625,254.46866286301088,16:14:44,-1
72136265.52132222,325.89145152866024,15:44:18,-1
57459665.546365306,334.82714990245694,15:40:00,-1
15986065.618513856,107.94457013410847,16:14:24,-1
78398546.77738945,197.88167919400144,16:21:07,-1
49275020.89932222,51.59997932608941,15:38:41,-1
33689037.314282924,359.73493083383045,16:21:28,-1
19700605.08123038,191.99489164519235,15:34:53,-1
79420629.58207367,171.6959632081998,16:07:21,-1
41176962.81680102,62.982135089008594,16:17:13,-1
5821670.559839337,32.48375306970141,15:58:40,-1
68840941.13211468,136.33870457629936,15:32:07,-1
85020894.86841333,77.58868607156897,15:55:08,-1
84720525.4071647,287.3260656428672,16:05:19,-1
6494063.767187483,69.14069267856625,15:48:40,-1
263828.9098389234,326.25794740810704,16:24:40,-1
23298623.812570952,324.2900440890667,15:28:23,-1
4603130.464058867,317.69087107476645,16:17:16,-1
43556145.62622986,68.35075794256585,15:37:11,-1
68926717.96577725,344.9580095606223,15:44:15,-1
35383427.43316062,7.3377470891087615,15:51:39,-1
27829886.17079538,196.26725328666828,16:08:33,-1
66755762.102762856,343.5742711880379,16:16:24,-1
22108630.40494901,292.95931184265766,16:13:53,-1
85424041.13473623,256.751879251824,15:44:03,-1
32728885.55683001,308.02337516335245,15:44:37,-1
76040032.17467608,217.48591218873403,16:21:31,-1
87166883.948442,267.92454224255295,15:59:56,-1
21522896.91950363,91.63233176750062,16:15:04,-1
63622101.00875986,100.52189389297942,15:58:48,-1
89359352.21071833,39.42232400818527,16:00:09,-1
71612969.89047219,108.9193681119269,15:41:49,-1
85693639.09954482,50.39380520009644,15:26:45,-1
61783837.37672892,245.30701409999588,15:36:58,-1
6739887.053456143,112.54833008071456,15:30:17,-1
25228104.07518533,197.25130511377432,15:52:25,-1
77180251.72390594,266.8027103262962,16:03:03,-1
89515778.47852944,258.7015946728732,16:05:48,-1
79489826.05571312,227.1255099401285,16:24:17,-1
55485914.16077402,83.60704525064907,15:43:59,-1
58648895.123946965,237.02592835639936,16:08:55,-1
68617162.76118942,106.03727677897032,15:29:45,-1
69322604.4038406,311.2334125935715,15:56:55,-1
37250541.44439379,261.31680694299627,15:55:43,-1
21793618.653275218,333.2191354455541,15:29:09,-1
88443918.72474495,77.41898646669567,15:26:04,-1
79966027.40908611,218.7261248883709,15:57:41,-1
69608983.28609636,264.35240806664314,15:41:43,-1
5295142.70368664,208.23124030893555,15:30:52,-1
14827194.306619683,133.11013322142085,16:23:53,-1
30035346.588632524,130.83009145165067,15:53:05,-1
69148095.06750597,139.44656167664698,16:18:21,-1
76266740.81348626,122.01174746969652,16:00:30,-1
10474645.721864607,298.47943102431395,15:28:10,-1
12932275.718769776,270.6414636633204,16:22:33,-1
41616397.00722434,58.92384054154841,16:08:14,-1
72293434.90989129,340.2174559679465,15:38:32,-1
26845160.290525287,184.17778177722204,16:08:12,-1
87289335.89149669,338.6521290467452,15:54:35,-1
53063824.45339032,70.26552452781424,15:56:57,-1
78209275.26654108,287.46640474407315,16:00:04,-1
89389558.27857663,112.15528998125998,15:48:26,-1
11123210.397838466,305.8579594447157,16:06:07,-1
89711486.19256456,164.23141792384067,15:41:04,-1
62667574.20051816,310.3178963730068,15:29:53,-1
76686998.3215006,194.6623081457247,16:08:41,-1
24137711.995504927,64.60150034109799,16:13:26,-1
8335641.242082056,82.19582163496257,15:44:46,-1
40248644.2091778,275.35910014831734,16:09:39,-1
5996864.829783515,138.6516974170745,16:03:10,-1
15317297.077355456,125.95456330513105,15:37:19,-1
1124408.748569245,83.82432617780631,15:59:09,-1
73881931.39522551,248.86757405063517,15:53:48,-1
34811313.88547313,243.5111725763892,15:58:19,-1
28756146.801023584,254.09837239184537,15:35:01,-1
38327349.61628797,355.1146552514463,15:31:48,-1
67208211.6037598,57.07561691335741,15:51:49,-1
80275756.1596801,222.33219442763803,15:49:56,-1
17229125.62503682,106.67356507738032,15:45:21,-1
45069066.51309304,265.43755613356456,15:26:52,-1
24950607.51232724,38.21579920772835,15:29:36,-1
61703295.83495949,313.8710678248326,16:16:59,-1
17505653.381613992,260.6756850551576,16:22:40,-1
74073810.74862804,53.37988248642595,16:01:18,-1
39089225.25815074,121.91027199710712,16:12:26,-1
85063696.74065167,336.35712160564486,15:38:51,-1
51395862.782511964,58.60392310851609,15:26:32,-1
60941729.39512356,186.24490201492588,16:07:20,-1
86559825.5876105,113.56979842337176,16:08:46,-1
29805375.542912047,84.99729255666705,15:43:30,-1
28779971.834454704,158.28577762071887,15:25:59,-1
11237688.537115658,181.8917606101337,15:40:44,-1
11249135.031604769,329.993226056614,16:07:58,-1
54072980.64828711,169.31831023860784,15:57:36,-1
39899311.86444146,81.55377889798305,15:47:13,-1
9441647.52675612,343.8095393367564,16:07:56,-1
61469691.21505609,190.48274904312245,15:27:47,-1
86126062.3784115,161.94791201191126,15:31:50,-1
62480273.99579511,201.0140208924507,15:28:27,-1
28739108.139240496,101.5092061913826,16:09:30,-1
23117999.588762134,324.3678186629928,15:36:41,-1
37280829.87544946,227.34474170988312,16:02:03,-1
6954275.550022902,201.2335155983636,15:45:34,-1
40594411.33662802,97.558375763808,16:10:33,-1
4559964.877934574,144.09782372518038,15:48:12,-1
40014849.90208927,16.478842064014472,16:13:25,-1
77755634.40547884,315.9888634251848,16:12:38,-1
12420250.352903754,226.48331620536405,15:47:52,-1
10728294.840046631,338.7960816350371,15:50:42,-1
28521911.972759087,284.9895519525178,15:41:38,-1
2708722.27959115,167.45525063987472,15:34:58,-1
58816078.88035075,300.8417110086333,15:44:23,-1
64536106.32138162,10.96615193214756,15:44:06,-1
63687781.563812986,41.942724868258686,16:24:26,-1
5947081.388254475,96.72468686881815,15:49:53,-1
71095236.0549581,269.3347223154369,16:09:02,-1
48301321.61628792,12.45575142324129,16:21:00,-1
33926006.66232105,115.76071564307864,16:23:17,-1
69830778.5233779,202.55258096869625,16:22:17,-1
3309424.914288856,192.78057308905915,15:43:06,-1
46184024.65991374,273.6164440682559,15:48:26,-1
40667382.64832926,297.2559998371679,15:50:59,-1
38210612.52517007,24.59253043841563,15:50:12,-1
74237300.4421665,343.64272846192864,15:28:32,-1
52712938.31117337,136.80491323980507,16:00:58,-1
87544135.82858332,104.37862855945455,16:10:44,-1
24433322.26096748,143.08174491148205,16:06:07,-1
80416927.89947554,230.1320767152193,16:13:10,-1
9397529.12914734,124.256708397862,15:56:04,-1
11513094.33329339,194.28852011639904,16:17:27,-1
17268045.533696976,232.10068589397636,16:13:31,-1
43055351.52891936,248.910733974816,15:39:51,-1
25130179.64398388,126.66736961557224,15:27:21,-1
9213300.094326492,43.82301569739754,16:13:33,-1
5633574.104494615,69.75162254819496,16:21:53,-1
26133071.03946325,318.2102849188857,15:47:13,-1
44088603.00150128,329.36125281471965,15:39:29,-1
76974641.67065677,126.0469442936968,16:07:39,-1
61531426.3967676,303.4637909859352,15:55:09,-1
15223450.570231171,284.9637018435222,16:02:16,-1
37333055.0593399,284.72128591450246,16:21:34,-1
19147931.49460628,27.29209787069297,15:48:27,-1
75669590.16592443,184.5530324310417,15:50:14,-1
19319609.32825372,70.36295823911742,16:07:12,-1
11450002.442970756,279.059831711441,16:02:44,-1
2314472.910479289,39.5298481627536,15:52:02,-1
11087699.211080369,268.7865538237345,16:15:47,-1
18097509.697438717,149.82383423698843,16:08:11,-1
54391241.5161312,0.8264295447364356,15:41:55,-1
61115320.41527643,354.9493075667751,16:22:10,-1
85790238.28063919,225.84289873922333,15:28:10,-1
4127942.097463825,55.91469512060008,15:28:14,-1
9188551.228394236,187.3962572243818,15:26:25,-1
56053952.68048446,116.9406814744828,15:56:42,-1
70474352.98190287,355.1474042444132,16:02:03,-1
4971371.907685926,2.4312361713362263,16:03:32,-1
35887212.614276975,285.9982421949948,16:00:54,-1
52198130.13576556,89.08109107043909,16:16:57,-1
62937073.86510925,12.067636252449162,16:01:14,-1
55267367.04608411,204.3705420280144,15:58:58,-1
4324285.070014006,205.6444978133015,16:11:44,-1
51535398.38738143,215.1217315051747,15:35:30,-1
52050446.444303565,87.57829013230354,15:43:46,-1
66493100.81146573,236.65039902970983,15:34:53,-1
77540326.62407939,217.30953548874723,16:17:22,-1
81439676.35811351,71.49469564580862,16:21:13,-1
77380313.62589672,131.04782141525504,15:37:21,-1
24549507.66727137,144.15761113026204,15:32:23,-1
9964599.048141615,347.677916472376,16:13:39,-1
82293536.76234889,167.342349196915,16:02:12,-1
64500698.946210094,52.02178468425313,15:41:58,-1
2085490.776098244,291.79468608315864,15:48:37,-1
23044702.96678279,114.05408530948682,15:50:18,-1
34189263.135549724,261.70653489358904,15:26:12,-1
15390087.421806246,52.07711659243227,15:59:05,-1
5328339.168642894,53.42406741271868,16:15:32,-1
8333404.028812443,59.322486833959886,16:03:43,-1
71318515.3016309,135.5213697654374,15:39:16,-1
62459588.43384748,22.34704589522565,15:28:37,-1
31202526.688594297,247.821689338683,16:11:28,-1
55566821.02104315,92.61649767660344,16:17:39,-1
38053531.81398688,197.7836777968543,15:59:45,-1
71354026.14939015,315.46130392041664,15:55:34,-1
31251043.0491806,19.82090417708012,15:28:40,-1
26696621.718601227,128.48846840896982,16:21:11,-1
2373231.6935057333,223.90843975248535,15:45:23,-1
11155935.041735396,260.13904270861286,16:00:48,-1
76961805.96106954,216.99215780940395,15:31:08,-1
32254577.44962815,306.0640011345706,15:28:59,-1
54351389.84128322,260.87778072860766,16:04:32,-1
5507932.426277409,290.48627324797536,16:17:18,-1
14282674.80500273,164.7117404885899,16:21:54,-1
74314024.64598536,358.55141327110664,15:43:49,-1
53207510.10151355,286.29206845395703,15:45:27,-1
30703805.791584983,90.899833261082,16:08:19,-1
38726031.54570876,63.752010224986,16:02:04,-1
13833339.885553008,161.88803608521806,15:49:50,-1
53350483.51369989,111.50254915558196,15:50:06,-1
73951699.74280606,153.30585153950736,15:51:45,-1
89634014.68890402,164.29938874960513,15:51:13,-1
17211586.70354492,215.2754177398115,15:26:31,-1
60825308.071525104,168.76145871996522,16:17:54,-1
24031211.239732224,299.30819056259736,16:19:34,-1
80214061.6768797,126.52712427967236,15:28:16,-1
75911909.87869024,79.89325207234972,15:52:19,-1
15352521.66108888,213.93838355788893,16:23:29,-1
68325541.31562772,251.9904878285465,15:44:35,-1
5989244.942768444,229.4603092838235,16:07:59,-1
77440913.8910505,180.33566577323003,16:01:37,-1
34902265.85290633,161.2578758929322,15:38:36,-1
84657907.2963223,124.82880905793785,15:59:37,-1
39012064.43064085,23.57516305218716,15:57:29,-1
47609211.422176704,325.689347772268,16:16:39,-1
79720655.5514606,45.52637917189769,15:30:55,-1
4005744.4727944033,175.85053955710418,16:01:09,-1
51925341.74249912,94.42129308381917,16:20:34,-1
32442671.524977326,230.33872684112865,16:19:22,-1
33501066.624153417,159.61659825075745,15:25:30,-1
18486133.35346633,261.8847974168558,15:35:17,-1
56131390.40897169,253.53945347585037,16:10:31,-1
61722856.333772935,232.14107621803785,15:48:37,-1
23952203.630613763,59.813717356286055,16:02:16,-1
23951570.78573836,141.0170417837079,16:03:12,-1
61428937.5076848,194.74085365006536,15:25:44,-1
87489760.8576883,245.01376629041292,16:00:21,-1
84319595.96680173,6.61763761729119,16:23:23,-1
74898740.48480496,177.18916830399436,15:30:16,-1
86876630.80713548,231.3449185239197,16:15:37,-1
44991747.35693271,209.5836182324392,16:24:52,-1
44105514.03081399,155.59367246761457,16:12:30,-1
70618245.39711499,319.0057078553794,15:43:15,-1
47108736.17021306,125.53604741525822,15:58:21,-1
33643291.63858796,265.848414792,16:06:30,-1
70830419.57937682,145.57011470500296,16:00:55,-1
59263618.55132658,299.7462961698012,15:33:26,-1
56474902.0111891,307.76955924399283,15:54:51,-1
2223503.9850368747,217.11663573017915,15:54:27,-1
64808272.5202585,256.5818070135023,16:10:07,-1
74442272.89364675,246.098056866477,15:50:47,-1
22029129.833697777,62.528751801224274,16:20:24,-1
6514767.629214839,52.80397767664616,16:22:44,-1
51167711.99018079,257.4120462061079,15:56:20,-1
25054290.409893587,19.78796600896463,16:06:36,-1
10058519.381571488,89.01786205576693,16:04:06,-1
4548736.946746432,135.68313525430798,15:37:22,-1
45804162.102466576,259.09926777394065,15:58:36,-1
73483517.7674749,117.39031199096895,16:11:21,-1
6181424.1898948215,235.9087130519325,16:10:43,-1
81056945.34473157,248.95987105631696,15:47:17,-1
10132197.809779862,246.38594215808493,16:06:47,-1
70466969.72159374,29.954047361909147,15:50:47,-1
27195347.269880943,292.1119546586377,16:14:18,-1
1675642.1166614138,1.9916551960736093,15:51:16,-1
89777467.2927529,249.1089060650777,16:07:31,-1
9686679.45651066,81.20974627976538,15:47:48,-1
26015417.75815373,249.010598133852,16:13:25,-1
87460350.42238627,214.42513694212124,15:44:27,-1
22885450.60000348,216.502741092282,15:33:50,-1
4439051.089726008,130.0665796520725,16:02:38,-1
18090520.32152865,323.1889974669721,16:24:50,-1
76552160.78281373,261.11093991694685,16:08:50,-1
66031900.20796876,261.1696553926864,15:54:42,-1
62813479.20846633,140.27160403084875,16:04:13,-1
46066770.61689858,85.64237745498622,16:01:45,-1
35615347.68960334,156.3528137533801,16:13:19,-1
41963102.51985987,353.06738708380936,15:41:32,-1
73911700.22061418,32.1428975962342,15:34:13,-1
85896838.48451832,285.33754150282897,15:51:38,-1
38802161.790293984,71.03026701461208,16:07:37,-1
38309130.779424526,344.73697063600804,15:39:28,-1
75673999.86096266,286.1166516101273,15:29:58,-1
5066685.283852381,185.4608340135698,16:06:56,-1
3693338.000569879,241.5053878997652,15:50:39,-1
66670248.10314451,69.68892688787531,16:06:20,-1
49432763.93720868,194.06783459057644,16:04:47,-1
39279958.12325572,59.9047293640185,15:26:54,-1
49512103.05994081,295.93681198147294,15:48:44,-1
57662790.72939288,231.7451588832573,15:28:21,-1
73501916.43688664,12.730896878642255,16:05:19,-1
63756913.31208607,52.6420028971292,15:44:01,-1
1077888.3175863018,233.78617517778704,15:49:01,-1
77764554.5077683,342.6966419582667,15:55:53,-1
23796058.38894063,245.927024814396,15:27:17,-1
53289338.75186233,325.3320904679121,15:46:02,-1
84065704.68975957,152.1332916318798,16:16:23,-1
21863247.033090185,227.84331483622756,15:59:24,-1
57478092.36710132,104.12278954064658,15:46:48,-1
22967535.20754549,81.93346724616187,15:51:44,-1
59384540.35498528,250.13891801185304,16:05:11,-1
71421037.85530353,264.222947337619,15:49:10,-1
55230098.50858693,267.6243872407447,16:03:32,-1
34745812.8130341,329.0986078012889,15:38:30,-1
42667546.41030758,297.14660798751885,15:54:54,-1
21729104.560009927,233.62291096810685,15:36:49,-1
80018656.75528906,190.4982877184692,16:22:30,-1
25281134.087724943,228.79542928003016,15:58:21,-1
68544419.22016197,330.48913184290694,16:01:55,-1
81981937.80704069,170.2387203259392,16:07:02,-1
60131478.0484424,222.05785749946745,15:47:07,-1
11488988.730637936,264.99580648572964,15:59:36,-1
47001190.92993818,21.50698421363911,15:40:18,-1
9133757.276508076,267.94759815403074,16:11:28,-1
36779849.22188777,223.169639285568,16:18:54,-1
62003000.23606619,160.5939521032415,15:57:50,-1
88315430.01900731,253.327145887336,15:49:52,-1
63241296.64545074,57.14515764379233,15:35:54,-1
87824245.99063301,36.000009665872696,15:25:43,-1
6483853.34951592,18.697968320621197,15:48:50,-1
7527794.14525623,325.0750202424709,15:33:21,-1
19868943.16925215,156.43061084521457,16:03:24,-1
5948206.100999136,24.93788799087777,15:55:00,-1
68348121.5990192,68.0824090336622,15:54:58,-1
43058192.5871338,160.8167481934266,15:41:24,-1
53791716.63648145,254.82615962151604,15:53:22,-1
78083032.77760898,80.17637456437623,16:14:29,-1
32754790.491787672,354.304888414995,16:23:00,-1
70801921.81294069,76.3677484134948,15:46:13,-1
26713429.98688973,36.67766616902769,16:15:57,-1
26864736.684598032,71.96150290067679,15:51:07,-1
83986267.35685274,321.17906167546136,16:02:02,-1
13924900.53009756,284.67265832175576,16:20:19,-1
31542308.228884246,23.83777166772205,15:48:33,-1
89797063.81539592,58.02190017832973,16:21:51,-1
83508311.93400031,274.98227674564976,16:15:28,-1
10132540.256988725,321.1529229586229,15:44:59,-1
15594674.856792249,204.8544875432362,16:02:14,-1
33598275.54628976,199.57143723041148,15:26:14,-1
8917615.885167336,280.5513512294767,15:57:15,-1
2217231.070445694,26.05439981224557,15:29:33,-1
26832732.49142956,326.12232860114665,15:56:58,-1
37691900.193069264,0.3651580824202671,15:48:52,-1
62363472.50112058,84.98879276780123,16:15:20,-1
36663402.60484876,28.615513979609165,16:13:38,-1
53741318.967529714,261.32783896359035,15:32:28,-1
28202420.690407857,331.9901869290126,16:09:13,-1
84787829.05720109,123.04504631284972,16:10:35,-1
89842574.66823643,14.898401664392864,16:22:46,-1
57534683.3556551,249.03634411841068,15:44:13,-1
26003378.55141791,111.73734438268777,15:47:45,-1
70349422.189147,193.26280689979052,16:13:12,-1
45824709.414945856,160.85526039420284,16:10:01,-1
21380660.4176154,69.3235533596192,15:42:23,-1
17725119.02437365,319.4256113367717,15:41:53,-1
14613532.568525746,0.5553814561482673,15:49:35,-1
4105674.288045017,81.9280750591889,15:49:40,-1
64816435.51263942,224.7704199006559,15:31:54,-1
30456683.35656821,273.688585989947,15:37:26,-1
2555344.7231071885,224.96472823643435,16:12:16,-1
83173876.25165619,348.5309762555122,16:06:21,-1
75247227.1459021,156.026690105316,15:50:21,-1
66765032.33544919,255.3917920416137,15:32:45,-1
2989010.3055400746,220.84196762134627,15:36:51,-1
87407834.82490921,328.8917235019136,15:47:24,-1
61929078.303801805,217.70214773651983,16:04:31,-1
15056132.953352114,21.23839900925996,16:16:52,-1
69465372.02323277,352.34310716074754,15:56:40,-1
30090663.013450425,65.5268113258779,15:48:32,-1
15541571.519485166,353.8098298704095,15:42:14,-1
48381363.119885415,307.6258423423463,16:09:16,-1
36000095.1588545,109.25771844708724,15:36:13,-1
32845367.5928602,294.914640117204,15:36:55,-1
62904439.674368896,124.81683522091566,15:52:17,-1
51772661.2692856,135.22925165582404,15:34:52,-1
22075278.21847885,271.7234683955471,15:26:49,-1
89200688.66742004,345.2316130677933,15:52:15,-1
26697469.19934573,17.38283374296811,15:45:37,-1
86745547.01109713,193.076981488172,15:59:23,-1
30302362.132241424,205.53257355439425,15:47:55,-1
795252.9177422683,228.54551533590927,16:22:15,-1
68163234.1375194,183.7350829522061,16:19:26,-1
58860209.03961806,263.306811833034,16:15:47,-1
4741184.875809921,134.2226411012856,16:17:07,-1
32089320.07499701,167.54421932745393,16:15:29,-1
80001643.90437888,24.225276809506788,16:08:44,-1
19907803.858221743,233.18339893893904,15:57:13,-1
5424122.501744761,165.23981643076888,16:21:53,-1
25699868.94162076,170.95500055223792,15:53:49,-1
8563187.267784964,20.808551201006782,16:02:38,-1
61533524.00805488,130.97053982052694,15:38:46,-1
80662990.77755798,274.7674879277851,16:00:53,-1
5252526.209520113,37.36572805979008,16:16:25,-1
20551130.27079208,331.39722722916923,16:08:21,-1
46391354.12043103,82.64256110595481,16:09:49,-1
66527875.77541212,133.00657353128412,15:38:08,-1
35714401.612534426,330.4676462497317,15:48:16,-1
39302537.05785956,296.3257686947497,15:44:59,-1
40057968.5940841,261.04331107949287,15:39:46,-1
85101290.7443859,29.84321911807495,15:51:40,-1
78961478.25679058,150.53830267593423,15:55:20,-1
64791458.61671815,208.22498674234964,16:22:30,-1
59060.19885698505,186.15749041279452,16:18:23,-1
75644512.37378676,351.902818974646,16:15:08,-1
33073539.74604065,130.16466764082955,16:05:47,-1
22686369.65361692,104.1949885402794,15:49:30,-1
17607047.611461744,56.62035266020506,15:41:11,-1
9340305.447627908,240.87944173050232,15:48:42,-1
30748329.74971561,102.52190859662886,16:12:55,-1
42025187.5405995,236.60952155338967,16:20:48,-1
70493078.9658839,172.47071804980266,15:48:52,-1
63498954.34532177,336.1183505708468,15:42:18,-1
27686420.15969243,153.83122174634514,15:41:59,-1
54911317.853471525,49.77180989708228,15:43:33,-1
70987988.949629,8.222864359348922,16:05:36,-1
29471857.575423483,287.376851780904,15:35:15,-1
80714983.36614244,202.13303471154904,15:58:17,-1
26263344.12179425,346.57045227712695,15:58:51,-1
77970111.41206196,156.12082571507474,15:54:35,-1
9840790.095304416,206.5850977772113,15:26:42,-1
13835161.02861368,10.5602677013799,15:34:44,-1
23726930.830884736,7.297009365539826,15:45:27,-1
21876327.79515112,218.19652812020223,16:14:02,-1
43120808.38163684,251.5656362781849,16:20:13,-1
39764876.33695145,41.29582189219045,15:25:50,-1
13646793.8530077,64.46333691197313,16:11:33,-1
61539294.25158389,42.09613897838484,16:12:28,-1
70781946.13893585,69.91536062019534,16:14:31,-1
32031355.10625876,254.12893563812997,15:47:22,-1
27296134.276869725,359.8079784202907,16:13:04,-1
86925059.78716263,3.8589080798299857,16:24:53,-1
3108015.331829414,108.85057611188594,16:00:20,-1
35529347.75431906,117.25923059496137,16:07:54,-1
10511488.828536894,238.77485294947877,16:23:30,-1
49434086.38535844,302.7570161801367,15:34:48,-1
58411144.61716189,134.90994862848348,15:57:03,-1
82260267.88590413,173.1507552174714,15:42:53,-1
52054831.30710806,123.41689000729608,15:33:21,-1
89368403.01474743,192.8088476085374,16:12:16,-1
46898959.77799845,78.72060124393496,15:54:34,-1
80025253.59310846,240.02868110152687,16:00:13,-1
59191639.03790795,36.25062379408262,15:36:24,-1
63314199.97764955,14.808420930902422,15:54:36,-1
77793259.26798026,114.18556693830207,15:42:28,-1
27555445.625609312,8.024083914737288,15:34:28,-1
40568888.10070483,207.83410220686463,15:31:02,-1
42958777.126393735,48.67288858038842,15:52:22,-1
83245313.88208747,279.7010286849043,15:28:38,-1
54011756.22975337,268.8190122824042,16:03:22,-1
25746828.161441367,0.4945194123671959,15:31:48,-1
51494446.47445254,99.78315428997166,16:21:02,-1
64741026.8019101,173.6439789353895,16:10:28,-1
71095512.39522524,253.30808719577007,15:48:28,-1
38329211.80635771,213.92820115600563,16:16:53,-1
15425730.214980504,83.98694788677292,16:12:31,-1
82174835.01551302,204.7705858619433,16:04:12,-1
69882730.18005726,196.99290648137665,15:30:03,-1
26109820.856263746,318.04432444712774,16:04:36,-1
16663994.211071985,239.02949016224616,15:54:14,-1
44448194.68353836,326.1038273161059,15:39:12,-1
38504376.712168016,49.227359032776825,15:47:43,-1
17946665.02986103,197.59539046631104,16:15:41,-1
80135880.03096093,358.46964436237863,16:00:43,-1
11711993.454343311,47.50800296069709,16:23:46,-1
29703237.66040658,307.9389136157216,16:16:55,-1
13803567.720929973,102.89166213897356,16:20:16,-1
66886285.026031405,346.0489569194894,16:10:04,-1
59242521.05655199,201.88666395932108,15:35:48,-1
18486239.036133915,126.28887932676868,15:50:03,-1
84061565.99918437,179.35433367024967,15:57:55,-1
37583441.10765491,35.10350047126598,16:21:38,-1
88063935.17384273,319.0433156108978,16:00:54,-1
71611608.99710757,233.62528762540236,15:47:59,-1
26059536.04229095,323.28352607784706,16:12:17,-1
39470300.484573655,117.94954704166771,15:55:30,-1
64975010.03884472,29.238417243780344,15:33:14,-1
60311776.10578863,67.30823904092556,15:30:20,-1
64868678.47706973,238.2376323254988,16:14:30,-1
33884163.15725785,182.9254530806138,15:52:19,-1
51139727.14498652,356.78622744055787,15:46:44,-1
7404639.080181796,22.98207380319939,15:28:32,-1
14334234.527625022,312.8129458092636,15:50:54,-1
81606286.54972225,347.2146732666567,16:19:37,-1
58367579.70617362,313.8434285294551,16:06:35,-1
33615093.44736164,170.07270779020828,15:48:34,-1
33565179.10199586,116.6434773881425,15:56:41,-1
80679363.73255321,130.2929609739315,15:26:12,-1
21276437.81608761,10.01112434325269,15:39:41,-1
63194501.656064056,76.45665957026185,15:46:06,-1
22928697.005892757,310.6591593482183,16:15:16,-1
33791026.59344834,289.2447833927385,16:18:21,-1
14177753.926463546,355.38849573900006,16:08:56,-1
47226220.29752955,38.34817390562873,16:24:01,-1
24272271.468200807,49.14723795764214,16:24:03,-1
69872009.65665232,245.85618295988957,15:43:32,-1
18885176.646056868,120.1179784544213,15:42:43,-1
48538466.886172615,46.49333011301172,15:55:15,-1
9250981.355438253,252.72983369568897,16:12:32,-1
80794898.11495945,176.27318485104618,16:23:31,-1
72382369.030425,128.18342006256367,15:46:14,-1
79434337.08199571,18.89744290965421,16:16:55,-1
89933453.38935567,254.9310822140732,15:39:26,-1
47380057.73851752,68.92377189054817,16:12:51,-1
60228256.003322944,224.53456670918547,16:17:42,-1
61381312.42932051,186.6461246681298,16:14:23,-1
50009945.99785836,266.8476578790265,15:50:28,-1
52592079.34791773,35.752328723471805,15:55:14,-1
4552947.806963381,294.26951624226325,15:43:50,-1
45945297.38014451,37.92699855345391,15:41:14,-1
52348119.64311975,20.23444358937094,16:06:44,-1
20134393.87936764,176.85747447805568,16:04:02,-1
3545385.4572568904,351.44624031719707,15:56:58,-1
70075437.03452297,261.0858302219951,16:21:31,-1
243721.51820174349,170.53514298685633,15:46:41,-1
8786950.099748861,210.1227685600532,15:42:10,-1
62933767.95690741,254.57659855336175,15:57:31,-1
27725658.24143793,112.69556146046268,16:23:47,-1
75718576.17156142,320.7790481262601,15:37:00,-1
67239258.28862718,102.82322427614412,15:49:54,-1
55042365.23051043,72.0956484117122,16:17:00,-1
51484116.309299536,1.2454427789502276,16:11:57,-1
20481181.37379799,257.6013295545731,16:01:52,-1
62130657.35065096,260.43724745872635,15:49:39,-1
34713242.030771896,330.4620581807308,15:49:50,-1
69182549.95703498,269.6339214416198,16:01:59,-1
55885084.75387884,356.55788818823424,16:03:05,-1
12464361.886822792,84.41430034709214,15:46:31,-1
71565276.91590609,58.77364479048043,15:54:53,-1
64377566.62735534,146.85181515056394,16:09:34,-1
5900148.981462176,327.49080422181044,16:07:53,-1
11789272.773524975,347.32871934844104,16:03:34,-1
27550250.580373496,133.95054492201987,15:46:01,-1
65747755.48931351,109.41777209156292,15:59:06,-1
60213089.31775463,172.67857600715502,16:24:47,-1
5691505.013868124,326.28271683588173,16:12:43,-1
24726882.168272845,40.23196066841563,16:19:02,-1
84163767.7191583,273.18139259028567,15:58:30,-1
67762357.83387744,337.19297900280185,15:43:00,-1
16682442.847746523,282.29248553875965,15:26:17,-1
24280399.873838425,240.80250020629973,16:12:28,-1
2477251.768255914,200.82715925995,16:10:57,-1
82944125.93042496,233.1165728782853,16:13:26,-1
75908543.96812026,85.17116065184597,15:55:06,-1
54356169.385752186,102.68509514401605,15:41:18,-1
74664946.45680998,55.26662232654377,15:27:34,-1
15391922.972522167,3.090387458494388,16:02:30,-1
42162226.78899477,331.6792883118747,15:49:16,-1
65106240.130539656,182.61095022443345,15:28:27,-1
86005033.57680659,274.99530142692595,15:52:54,-1
70728005.02417555,128.55471430965616,15:43:02,-1
24741290.570919286,118.86376408430648,16:21:21,-1
46878902.73700804,236.71879487373477,15:50:55,-1
8281317.733846479,230.09264764037923,15:26:25,-1
65081045.09009157,73.01367493210554,15:58:38,-1
55721595.50893748,173.46476952305898,16:05:42,-1
2300577.785643704,35.5024315577302,15:56:44,-1
30080713.85029257,218.62029596260484,16:11:54,-1
70490683.51633625,111.264777225718,15:38:28,-1
5185433.997776568,328.29254786814266,16:22:00,-1
60831283.4283517,327.9438836471391,15:40:02,-1
61701307.288639,2.875514488874993,16:00:09,-1
1803048.2951295092,150.1526602299489,15:38:05,-1
87567318.98683129,328.1495451844246,15:38:48,-1
43922605.45183535,328.42684124752054,16:07:41,-1
34984549.548204266,313.20623684713024,16:10:40,-1
62391495.43850351,10.83448941826215,16:18:44,-1
28299783.599007748,190.2094195971689,15:39:09,-1
40433266.30983103,193.25641317035056,16:18:08,-1
14711871.940279374,154.6823462393825,16:15:25,-1
12590066.685952002,286.8237683517877,15:36:31,-1
61263835.57295012,4.344611971744241,15:36:37,-1
1720551.1741579622,167.58199705104522,16:21:20,-1
75950583.20800483,355.9494505330318,15:34:21,-1
84289994.67377946,349.34357898538445,15:57:28,-1
16814032.67209495,177.85526160008766,16:01:30,-1
61201697.52068945,13.784178210217718,15:53:32,-1
16491511.059269764,175.06021802509727,15:29:03,-1
43473108.60898501,71.8140392376216,16:06:31,-1
64269868.62418467,253.5719911381762,16:16:32,-1
83558419.68020009,18.03917677950235,16:24:20,-1
29131483.903192963,189.79559956853765,16:20:11,-1
17839800.99876925,178.90994534510605,15:59:02,-1
29320350.270061925,248.48916139181205,16:07:47,-1
46158832.91670507,146.07260135876325,15:59:44,-1
26851584.03351233,83.59103381782819,16:08:10,-1
55735586.00601724,154.65966159302198,15:59:42,-1
9584583.432524657,175.10628038325945,15:37:25,-1
15137282.682545291,195.33623627872177,15:48:00,-1
24436386.510044243,132.7681045753842,16:10:51,-1
88031360.07270277,275.6872906953968,16:21:30,-1
19068670.026848216,295.32320144149304,16:16:13,-1
5044066.273449575,338.1144842054588,15:55:18,-1
46079238.476624,350.9212502430758,15:42:08,-1
24283097.007086024,307.81098397005707,16:22:57,-1
31969215.507446498,144.22116331195153,15:39:41,-1
1083460.4300936917,58.00646156726432,16:12:55,-1
6370936.095383747,308.730661105482,16:01:44,-1
31541192.44269435,27.39915928359148,16:23:57,-1
43722170.17030279,288.35250984715054,16:18:24,-1
22868516.063971907,313.5392015181063,15:35:50,-1
85653911.75331587,238.401023783037,16:09:52,-1
66964963.67396853,341.1414931427188,15:40:14,-1
75645302.5608463,206.7610559146764,15:48:59,-1
3349299.1800444,262.3024745264437,16:02:55,-1
58416828.0122601,5.6189619744616826,16:22:27,-1
482391.1017244861,74.09598564513684,16:01:21,-1
36584689.93190288,141.95470062599233,15:50:07,-1
39418699.79720789,56.11808320768416,15:48:58,-1
88108967.92008714,272.36420103979106,15:27:23,-1
6094937.758307028,211.6805779012637,15:49:10,-1
42246514.30498599,99.1656118170556,15:51:34,-1
34928818.465294145,75.9263769686232,16:23:08,-1
48983339.22192156,242.29522363565167,16:05:54,-1
51840867.7196443,180.3939232107736,16:18:44,-1
19334740.61760328,15.745070064096277,16:14:02,-1
86864401.0962076,183.48624750970987,16:04:50,-1
77866.15333549638,99.35162422074823,15:48:31,-1
39492408.22310142,76.2582094946919,15:59:03,-1
1926707.0366697868,160.95844573640466,16:23:24,-1
27460032.977062583,109.94727480520088,15:40:20,-1
64588673.52820083,39.22148469138102,15:43:08,-1
67651202.00236033,14.790371459169512,16:15:55,-1
12938881.275535673,288.8417679065987,16:00:30,-1
18974044.54117165,279.4688411399596,16:13:00,-1
5574792.582236476,21.37600625273808,16:01:35,-1
4814956.235635845,69.703847851364,16:18:52,-1
88376015.23051381,279.3679536466655,15:56:37,-1
65283437.89364973,291.0291724441599,16:09:24,-1
17130618.25931882,138.58779366688793,16:00:28,-1
73316933.65627503,75.05895068151803,16:12:43,-1
12798501.628234273,19.479118067829624,16:18:57,-1
24017243.20409872,186.8625568847099,16:03:03,-1
34250727.19226871,172.547327070332,16:05:38,-1
22459027.766415164,352.78466326184605,15:42:52,-1
10351447.225761024,210.44966586135368,15:58:55,-1
67962697.87439078,149.40398968483848,16:05:55,-1
74966837.42643866,250.41124106912352,16:20:53,-1
12049128.799009413,163.49281797364702,15:49:30,-1
72194376.02135265,286.2010454079079,15:46:32,-1
80321957.78093702,54.55333619922681,15:40:39,-1
5474658.915761938,153.36327232535487,15:59:31,-1
72273316.23762298,188.512474158968,16:11:20,-1
1896372.143013218,135.66463416304515,15:51:00,-1
43261440.4757172,56.1468209601336,15:26:56,-1
598538.0548975428,190.9571522397046,15:49:56,-1
32738345.63143023,219.42713081961605,15:35:52,-1
50362636.71784992,318.6631565638755,15:29:06,-1
86246916.46835864,84.84859037620598,16:05:56,-1
18581750.20225748,286.3581315167962,16:18:17,-1
33489991.534309376,86.50414106407182,15:31:54,-1
71621970.51794991,90.72425477854576,15:52:39,-1
11541674.744225375,7.476603566314903,16:19:39,-1
89772648.53858964,266.911147880526,15:29:40,-1
83584891.9291666,205.35409807896377,15:53:18,-1
66168228.13049304,27.825496594234608,16:15:12,-1
83793138.07387286,194.74765698165564,16:00:38,-1
40093042.90863014,72.40645638543386,15:58:53,-1
16461407.256545857,258.32808629038266,15:36:35,-1
36621254.02968624,62.84350052255711,15:48:40,-1
14615029.92086066,297.1952398217201,16:14:15,-1
47530953.856019534,208.0847591479281,15:42:13,-1
12007262.464227123,211.4686680027352,15:29:26,-1
10309590.778782692,165.94852316930164,15:37:02,-1
63753889.89958169,66.05383252427623,16:25:14,-1
19972374.753598426,308.3587083430814,16:12:32,-1
75621462.83687535,118.14816933322028,15:45:12,-1
73288526.88641602,218.85052757606783,16:16:34,-1
84619154.78377612,290.04958463135085,16:04:19,-1
76418398.05481216,214.18850659700803,15:52:37,-1
51002428.59316116,45.60876042995483,16:01:13,-1
66683640.30306055,27.96591965242045,15:41:10,-1
31352552.73640405,327.1017877639297,15:44:20,-1
3097769.225691366,10.890767289323238,15:28:48,-1
89657022.77825326,245.29881707528,15:45:43,-1
27679398.62286633,227.7294854970659,16:11:35,-1
75692821.0227358,262.9959219724859,16:05:35,-1
68625106.13815634,205.7474741202118,15:45:55,-1
13806101.510896826,36.73834499541008,15:44:51,-1
72280992.19983377,263.2679782051207,15:54:20,-1
7968636.27338466,166.6590983053284,15:36:36,-1
5950763.560537721,17.00087637152293,15:41:56,-1
7667058.220477254,282.5524658587529,15:43:31,-1
48829382.79471779,39.38283580753878,15:54:01,-1
5613675.5659785,1.5573130573464544,15:26:44,-1
65236302.20094349,329.51642185429193,16:11:42,-1
34003755.70170052,24.76244439652261,16:19:11,-1
45317354.65448726,83.26810947160088,16:23:46,-1
53360189.75894401,63.87390806257452,15:46:11,-1
72389953.51360238,284.95052214108773,16:12:04,-1
26883530.865492567,111.06776500678012,15:40:42,-1
37897177.44640368,326.56807316310415,15:31:09,-1
41469718.64196537,37.31702399620065,15:46:19,-1
33826697.490346,211.75410149666916,16:23:58,-1
85822479.42399348,40.25085283926898,15:27:02,-1
11896479.310808487,286.9432169313761,15:44:38,-1
62138245.45897229,175.68643116595553,16:06:13,-1
31244085.990937367,290.05229029211864,16:04:01,-1
22252447.73639141,89.3886240293734,16:22:18,-1
42511807.11294759,234.99356766394737,15:58:42,-1
83922973.40759745,26.56787733873041,15:57:35,-1
19343128.916501965,96.54195122777476,15:38:33,-1
7437115.02992579,233.8890740684337,15:45:54,-1
26822379.11253064,264.78580974770176,15:25:30,-1
74679699.99495228,35.33496731750604,15:58:52,-1
35365139.97966131,90.27411932023608,16:07:13,-1
11768118.790003836,90.9679614527091,15:25:52,-1
68149034.62506042,110.66756864239804,15:47:17,-1
80397425.10342851,85.75415285099754,15:26:46,-1
7611239.78300549,108.96767285297216,15:54:59,-1
2490441.0320166787,131.96705517469738,15:29:41,-1
4045789.4254534906,289.76271691808034,15:37:55,-1
73261468.66350101,312.753519577719,16:02:26,-1
2587196.343539285,349.8038711765523,15:29:46,-1
70328033.49039587,181.8139423310824,15:51:34,-1
1441651.6412468837,261.8941633221574,15:32:33,-1
63380196.70769115,134.0060715379899,15:45:26,-1
76215248.89820361,255.7250974479692,16:24:51,-1
7566488.669287342,128.30652235965533,15:28:48,-1
13024806.87982937,325.41403752361384,16:03:09,-1
59742187.410983466,104.1109089402158,15:56:04,-1
55997310.64574859,118.04235178147304,15:32:04,-1
42486455.38817697,16.690834474000525,15:50:04,-1
58610963.22166716,268.5516544812979,16:12:36,-1
15082034.724499043,132.62764923456842,16:06:30,-1
85715828.58417888,257.0835859938504,15:35:53,-1
24671965.134548426,243.6050413524749,16:21:45,-1
28830256.78405175,278.3928007000628,15:45:25,-1
39056360.08059888,156.34931039048865,16:03:17,-1
60658398.63163019,83.27389658265413,15:54:20,-1
26896725.23183914,211.2742085280575,15:25:46,-1
37676575.64439373,241.952016366298,15:38:59,-1
59459039.74411799,238.10624266376743,16:21:46,-1
39519764.72148588,93.30111377442776,15:49:47,-1
71586175.86125885,78.92882305415895,16:12:49,-1
73154768.60888214,270.6786768945323,15:42:31,-1
11483117.26777606,132.52428978239016,16:22:42,-1
1333776.7441151792,183.9816049353903,15:50:44,-1
57517026.359290816,183.30617855590023,16:20:57,-1
27429812.057640698,123.34554201764256,15:53:44,-1
65556374.98919654,9.714227822455989,16:04:48,-1
53040099.67486145,239.0705248700487,16:16:33,-1
70410396.30634755,238.61660916868863,15:41:25,-1
59025362.10455585,75.70075015801831,16:07:05,-1
34452210.51268333,124.48467702679612,15:49:44,-1
15257544.537837578,29.22407234271966,16:16:43,-1
12069994.53356549,356.92444291816963,16:12:01,-1
37264102.23306441,21.90206364651098,16:04:19,-1
46651644.53206422,330.15609734072564,15:37:58,-1
13781415.119455667,151.94686219368535,16:05:02,-1
76273168.51745133,349.9867915808552,15:45:32,-1
33512699.28780736,88.15475390955736,16:02:56,-1
52766830.32103784,165.6899361582359,15:48:44,-1
50973971.12580355,177.3844908622106,16:11:21,-1
54150988.92984386,23.72784836843195,16:13:41,-1
76601725.29710428,125.92166611815468,16:16:07,-1
81215646.23169072,297.6822282146173,15:32:29,-1
54878157.35083739,342.97730155484913,16:15:24,-1
41957613.45683929,47.9301106383088,15:39:35,-1
13081117.092151176,30.329259924206568,16:08:43,-1
37482707.06240748,179.58225071236768,15:34:09,-1
3918489.5193400993,92.11716486121148,15:53:57,-1
68035737.33907534,136.81163616233133,15:44:18,-1
54012005.25500432,334.313472344937,16:07:16,-1
20220331.85695671,303.2935011245716,16:05:46,-1
33914069.45912151,62.899857701705656,16:10:59,-1
10104046.19701895,81.76737457008993,15:26:27,-1
74871239.95160857,343.59353558475283,15:37:00,-1
30077859.48616916,230.18528109745927,15:48:35,-1
74161010.65561308,112.78823812034378,16:14:07,-1
964336.7088648452,330.5034608141574,16:16:11,-1
34547416.06305295,296.6124391738558,15:34:53,-1
59748605.631212346,176.3840925375811,15:40:13,-1
32275108.201968964,11.55692561726704,16:10:31,-1
75415068.35792431,103.29454637249796,16:11:32,-1
51845158.11435995,218.7547297920848,15:55:09,-1
88496912.86981547,163.06276702138084,16:05:22,-1
8117096.301611218,185.15591347756435,16:08:53,-1
49796647.31565276,269.0573024025448,15:30:25,-1
33275591.73493869,104.53833642332984,16:07:02,-1
72104893.20727265,51.92345112694312,16:13:48,-1
37392410.80220989,325.370785333932,15:53:59,-1
45660706.1189165,12.130791946341075,15:51:28,-1
3967266.266443394,322.3779756766874,16:20:45,-1
25923047.236002807,198.59101710065917,15:50:43,-1
51965525.90620812,247.12350000730837,16:14:48,-1
62692342.80519927,168.81993720414346,16:22:05,-1
86887392.8490818,94.4506916727068,16:06:50,-1
71460852.60252462,57.0109896166568,15:44:26,-1
32194015.657033328,268.8532053718013,15:38:33,-1
59564582.10026763,99.54540863776904,16:01:51,-1
57961001.28688606,344.39001567051685,16:10:13,-1
42749813.00004208,65.55620289440266,16:09:18,-1
18560020.51263745,230.4253175212372,16:24:18,-1
83421432.59677014,5.9656881337421375,16:02:53,-1
24740024.618429966,226.2929628902594,15:34:33,-1
19363965.84123997,50.68050320197073,16:15:15,-1
11465742.938963076,71.93952578438521,16:00:19,-1
53696074.750075534,343.548519417684,16:21:02,-1
21822322.41214353,282.5901638364884,15:57:29,-1
30047035.94592462,259.25579885346804,16:10:01,-1
35822697.86156481,242.2408246390161,15:44:10,-1
25737320.885539666,76.85655011767348,16:12:40,-1
18785029.894006357,147.47738252134135,15:56:50,-1
65372900.83960266,127.75711273659238,16:02:10,-1
31111856.93987604,12.26876193263558,15:49:46,-1
63496754.753626615,157.87712240220304,15:59:07,-1
29120737.07590672,39.3322116818102,16:23:58,-1
78213269.0116165,187.69322732964463,15:37:02,-1
56480696.036680825,306.40922765271233,15:51:30,-1
86929758.95735571,354.95583386971043,15:46:28,-1
34259503.55111569,49.90148900553824,15:56:20,-1
75535162.26799616,103.6497731726452,16:16:48,-1
40164674.950441,128.2006865410607,15:49:54,-1
74497505.56453349,155.11837598344204,15:57:49,-1
51387136.71593885,354.48786813303605,15:45:13,-1
20921193.23747125,209.29553011934536,16:12:04,-1
25495560.592335824,113.78464977702184,15:59:19,-1
79609408.56491283,154.78630649560267,15:48:57,-1
88951073.78006825,284.8752293934161,15:48:33,-1
82033852.37314601,255.97756072841256,16:16:58,-1
11460254.178737495,312.1130036249595,15:47:53,-1
67558651.97122139,128.71422274929168,15:45:20,-1
47845951.29789204,268.80101742874604,16:14:23,-1
63400915.97054318,34.93576607602451,16:25:24,-1
77012671.03626432,73.7473933530492,15:50:30,-1
5674830.631892934,319.99288259130327,15:29:10,-1
78061306.32391086,159.95410997771955,16:18:00,-1
2007292.9160167133,78.1218659203481,15:49:40,-1
39043803.472317904,302.46823834794344,15:53:46,-1
4922061.021114856,156.0031011121705,15:37:36,-1
70493009.69565539,96.64329700725678,15:34:05,-1
33686032.59966128,278.2045567111056,15:27:01,-1
39110136.09981072,309.35129349387523,15:40:22,-1
48817201.152189225,68.38340397164033,15:29:08,-1
81746814.16689232,102.63964323692316,15:44:22,-1
27814163.70745716,158.79579140745187,15:46:12,-1
28602863.48319866,27.975204524456068,15:40:58,-1
88638962.75333065,323.4705171632717,15:45:53,-1
59574737.0689689,76.05074827029678,15:47:24,-1
10932504.803482192,128.4417595838968,15:46:44,-1
30300372.565256502,200.2391980762672,16:22:24,-1
35829179.70777015,330.71368394962525,16:05:06,-1
58035761.52724223,239.6791007968181,15:51:35,-1
56541061.9362691,88.13541664571338,15:55:37,-1
67636282.14240566,267.4961440704416,15:26:41,-1
2124573.184453333,63.15424407267609,16:01:45,-1
27325100.958179377,211.6828056299273,15:48:02,-1
14323946.870938974,341.6905167965398,16:09:49,-1
35547196.6048739,265.0019871144029,15:55:52,-1
12763800.003064636,341.87156626677233,16:07:49,-1
19814568.299210943,323.16612043742475,15:48:21,-1
8653378.154659329,255.0378128524568,15:25:37,-1
64344737.90999882,316.3122464549367,16:22:47,-1
77469002.53846727,184.17190143882368,15:39:22,-1
25374637.05830368,26.578289725882023,16:16:16,-1
80932590.60975373,115.70596139317784,15:57:25,-1
31563939.85375633,229.89619914905148,16:16:39,-1
46070525.531887785,30.79058350722377,15:48:07,-1
13693145.102481045,8.171654803828972,15:46:25,-1
32110369.17182761,265.069654601107,15:51:14,-1
72205291.6165419,197.86629202672805,16:24:24,-1
14734043.916473811,16.92694628592999,16:14:58,-1
19255431.76872614,300.3713758060795,15:31:01,-1
5013474.775184417,177.05907506216047,16:12:39,-1
32105836.7790437,75.6222226732985,15:39:42,-1
7065077.613714008,79.03386008691758,15:57:51,-1
4766207.410917705,283.93830131062725,16:00:06,-1
86589971.49312887,112.6627167555072,16:09:34,-1
4571635.304751443,88.70411707045152,16:12:55,-1
10993814.303202044,126.83132543930402,15:35:06,-1
43649810.76599598,21.984358458869163,16:16:36,-1
35191249.49669919,55.91083794445959,15:31:05,-1
11824891.37311558,239.3129865578925,15:46:15,-1
3151983.000214666,329.363767149469,16:24:39,-1
66047181.71954624,114.209159087813,15:51:01,-1
28482456.89855997,3.54902429693849,15:46:38,-1
84028196.39194839,271.01486409975405,16:24:04,-1
21449370.07813984,193.98578337085155,16:16:51,-1
54960214.606656775,137.13722073103276,15:32:37,-1
41963966.33626279,93.08446723650673,15:59:08,-1
10756710.558517482,137.09983122485932,15:36:15,-1
67577960.14509755,140.10686209525738,15:38:52,-1
19271414.786102127,117.05993924810774,16:09:53,-1
49562939.16985848,110.37039611531628,15:36:01,-1
83455362.08629523,149.84428739998577,16:15:53,-1
89665130.6568132,111.31021561114038,16:08:32,-1
41799988.54341498,250.96101074982136,16:10:07,-1
37888853.30586405,85.8947426667148,15:53:51,-1
80710692.2988977,88.27335462830376,15:41:36,-1
29794867.497016,313.6817860748839,16:05:08,-1
78892178.32303964,167.3443210986951,15:26:23,-1
57127501.15727008,226.27079233785597,16:17:15,-1
32573739.39730338,343.2957813470049,15:52:25,-1
59843814.86568232,173.24391007893834,16:22:08,-1
76969757.02495474,133.45650922862865,16:04:49,-1
18220638.53242779,0.8604484256787082,16:17:31,-1
28073045.04790033,257.1478298616082,15:38:14,-1
9285387.413063914,262.50266723693005,15:43:14,-1
88709897.09923817,39.34563643081829,15:32:50,-1
17771897.181436844,313.4215869027138,16:18:22,-1
28739397.87009096,199.79586639651205,16:17:19,-1
489958.0463196281,280.9388802355721,15:41:05,-1
24720970.92592301,289.5318798593464,16:07:05,-1
346433.26309440075,353.182449835538,15:39:05,-1
86205193.92501642,159.48277013028834,15:45:41,-1
12136118.422975857,15.704961737077618,15:41:51,-1
75816469.15370834,255.69443502325595,16:04:02,-1
16136857.276432095,145.0712985363775,15:46:58,-1
84951208.87146765,221.8016969278576,15:34:39,-1
19874630.86688865,212.5557296022417,15:49:18,-1
67614579.12128519,188.257536179556,15:52:25,-1
50036033.39102196,209.1919195575443,16:12:28,-1
47597146.71579016,345.0405527029237,15:39:16,-1
10938236.613815092,82.06789905300363,15:41:52,-1
12344212.754458876,218.7140663108926,16:15:47,-1
39627826.76057988,275.63642330684894,15:28:06,-1
28239580.6513638,322.7687500932004,15:46:09,-1
49133262.234928325,330.48807514474595,15:48:32,-1
663880.2170712785,97.31433575854987,16:03:13,-1
9847592.98327121,0.6606903734879843,16:03:36,-1
55600475.718587525,215.12402500805428,15:50:50,-1
13565638.89474588,10.517168995195911,15:46:55,-1
69159485.15375644,89.00241635926932,16:15:32,-1
40204362.48151426,126.81295619608518,15:59:31,-1
17564798.447229043,184.38194592743795,16:05:17,-1
80362032.49669465,109.92242955397924,15:41:57,-1
74215570.23376079,115.6706886465898,16:00:47,-1
604462.255824167,338.85876127036767,15:32:32,-1
2980967.992884483,12.031717093418246,16:23:46,-1
89051346.26125449,296.04345529950405,16:18:21,-1
44610545.31008718,286.0067572914302,15:38:03,-1
87032822.27460267,106.63069529453986,15:41:38,-1
42058809.81425864,293.69103285978537,15:32:30,-1
66976523.32542022,248.0950378990987,16:19:01,-1
11997978.208143756,14.807584190322158,16:04:00,-1
41817582.89757822,354.7687779158827,16:22:16,-1
41252511.91801579,146.17848063099177,16:10:59,-1
5281975.496032991,190.32492607820464,15:43:19,-1
66091664.94013257,22.35265566810756,15:50:40,-1
76626932.48874258,81.34035156642791,15:53:31,-1
87226805.36225198,57.6813807363643,15:47:17,-1
483163.8370873205,29.56653238666604,15:26:32,-1
73505914.68393184,331.0506505604654,15:33:10,-1
69325004.02952732,320.4188642998266,15:31:40,-1
21791269.709194086,97.18928565792696,16:13:18,-1
2394448.2472751997,60.77437881784776,15:35:15,-1
23629140.32168529,112.949632969324,16:16:45,-1
22042502.402694844,237.74061279502897,16:23:50,-1
62068382.49881576,268.02841114876884,15:31:08,-1
36019112.58212491,5.475888567705152,16:15:18,-1
39064347.48295511,320.0710759277323,16:16:19,-1
85976617.52536003,100.15098699337426,15:40:06,-1
25579593.226020947,256.5126864873304,15:36:18,-1
82725797.61863337,106.41148038162623,15:34:59,-1
7924285.361857698,69.070586035634,16:00:42,-1
80876138.91361628,117.06600046372397,15:30:29,-1
56651339.914359406,153.8440278267937,16:23:49,-1
3213419.469662328,188.554932173276,16:22:59,-1
21612936.041996658,203.94549390017244,15:39:43,-1
10687552.014719104,24.883108284558144,15:49:09,-1
13818259.446338223,111.470647308258,15:54:49,-1
42583159.8083844,13.068177098129802,16:24:22,-1
30949160.49169376,341.5024182341578,16:20:02,-1
78810817.60161003,157.3671896855661,16:13:18,-1
1805048.125961515,64.3148102501687,16:13:19,-1
4759023.826061184,8.606529421545988,15:43:25,-1
83002633.27192076,163.89662995596947,16:23:05,-1
61500740.14785615,196.74720261009023,16:23:53,-1
76779112.149393,34.84005352995445,16:10:00,-1
56468717.92499624,16.023882950715837,15:34:47,-1
54953692.29623303,37.16312589763134,15:58:00,-1
82407735.04108721,191.3934611460535,15:38:08,-1
64293976.145362936,204.81550535906948,15:42:10,-1
34156856.08939636,203.33226562569976,16:09:23,-1
41652162.95242091,317.42944653874895,15:37:12,-1
79549348.07099706,266.1623150205109,15:57:43,-1
73348752.44489971,222.4038397314569,16:21:25,-1
59509872.69466388,145.9385746071423,15:41:47,-1
76728545.65512405,294.53210888878925,16:13:53,-1
71750482.69738585,43.688599605093856,15:35:51,-1
2554776.613007932,197.16345238422065,16:12:27,-1
24517443.244915813,59.154140781438585,15:35:07,-1
22699467.37397194,91.4422132100336,15:50:05,-1
56776238.40220786,43.74344060966731,15:33:15,-1
9077170.169316784,219.9664305588213,15:58:31,-1
78369038.4819163,201.5193687360793,16:12:31,-1
66368466.37569665,236.21058532628277,15:51:34,-1
86288514.4581047,85.88082744783148,16:11:27,-1
72318005.70826077,165.1943370574157,16:11:13,-1
50342740.00000203,105.5160957513336,15:28:27,-1
58806038.06288081,19.817149646813988,15:31:37,-1
26444704.267429672,30.777422758665303,15:49:24,-1
23420335.36323718,43.22815997317441,16:24:41,-1
27753632.70654016,305.96172232003846,15:42:05,-1
53390992.89817437,50.281949609469486,16:21:32,-1
34993843.034664586,104.41185246716618,16:16:02,-1
42911383.38489937,281.79023067008376,16:02:25,-1
53745576.658892445,273.39138911446065,15:57:50,-1
73439224.50564055,145.2291442258507,16:07:16,-1
406926.64121776406,148.64354364848683,15:33:03,-1
17717451.660126388,38.350152797829786,15:44:44,-1
6359867.353671366,337.01009318329324,16:23:40,-1
88610363.90743355,62.31953720660167,15:32:39,-1
56480465.24727889,48.57472695410691,16:04:26,-1
76721953.39871317,164.29420604856838,15:58:53,-1
87735263.59573095,133.4264411338788,15:34:49,-1
6591063.355811,55.72913867639487,16:12:01,-1
71719987.95213433,355.3096942252071,15:44:37,-1
9474069.134489983,124.5450303224552,15:51:17,-1
12553830.43985119,358.649136220119,15:58:35,-1
73172055.62481654,120.9131249731366,16:18:10,-1
7627373.433443716,129.5167523226756,15:57:16,-1
52554941.558152415,40.92580613034852,16:02:22,-1
38006537.13158768,3.509377480703661,16:06:43,-1
2495583.545894545,27.94144113574141,15:53:53,-1
85607606.62059137,304.7911819517209,15:31:10,-1
18536385.3922157,234.1985280083113,16:22:41,-1
48747987.95098833,298.99378045295475,16:08:51,-1
79515535.5387779,76.76517588356214,16:10:55,-1
62531488.78123021,308.5209333825319,15:28:32,-1
51264222.82389474,335.97825698310044,15:25:37,-1
46650415.94752863,341.3518108953502,16:22:18,-1
53223713.11709562,355.07499891694613,16:10:32,-1
71298304.89344777,178.90419549903518,15:39:15,-1
71005221.27023804,132.35871869683717,15:46:12,-1
89482637.84208624,113.45735226209226,15:48:40,-1
36151385.016486354,4.240199921163064,15:47:35,-1
45228407.50369118,212.7099788266941,16:23:30,-1
16644437.440810667,39.69913473325724,15:55:08,-1
15566154.420480683,50.0533999671421,16:23:04,-1
12018068.9283039,133.280137987128,15:48:09,-1
83500056.3106607,110.18809035279268,15:50:39,-1
87832694.75737597,5.002557590288337,15:40:30,-1
79553793.55034494,300.5091928130893,15:26:18,-1
64153298.42204707,218.19154498379345,15:29:52,-1
51959891.60269552,230.48654095880423,15:30:35,-1
82090960.3257918,349.3832805505138,15:57:57,-1
89205672.60867718,263.92972755151027,15:27:55,-1
33194150.92169811,25.960251242831305,15:47:48,-1
43297395.55762046,98.22923909148383,16:23:58,-1
59749794.80637576,120.56785747805864,15:36:43,-1
14456890.86454202,94.19467376714395,16:05:43,-1
62900029.77270068,273.01402198708865,15:59:17,-1
66829950.07372626,249.71508776720427,15:50:22,-1
49703014.14731829,261.2045768532405,15:26:26,-1
20238335.515738804,17.07895626209352,15:52:08,-1
67484282.74504384,239.2292751306482,16:16:24,-1
78430054.32196555,2.582059020848177,15:59:27,-1
62449140.6633613,65.6788040421028,16:04:07,-1
56437712.11896632,158.13928197573082,15:36:11,-1
73125426.33010799,43.98263009335402,16:11:04,-1
16767232.13089396,218.89033689702177,15:46:50,-1
41835941.7956356,47.67510460529205,15:41:00,-1
33457733.143319197,182.30928576817047,15:27:08,-1
18832540.903819256,195.8515874784959,16:16:44,-1
89614203.7242013,72.80589635499265,16:02:57,-1
35354869.18672241,192.412977507018,16:03:28,-1
82460213.20524377,295.23640229471124,15:47:54,-1
49397396.49156745,308.74387072608823,15:59:07,-1
50512970.83183567,275.70953486111694,15:36:09,-1
25154422.206803277,48.05459372667429,15:33:09,-1
6013018.991024888,116.62080541471572,15:46:36,-1
40426459.674324855,125.14439869692234,15:37:27,-1
71262679.04514743,156.48263496454177,15:36:31,-1
71265248.60295886,316.0554048334544,16:15:58,-1
14547746.350876048,169.41573418880884,15:31:21,-1
54753245.3914666,295.25966285443604,16:23:12,-1
61229504.60331689,108.25913293356868,16:05:30,-1
89120169.21896535,101.51106005049364,15:44:19,-1
77738453.77064034,228.32890582022816,16:10:49,-1
51416728.79895534,9.61513889596613,15:45:13,-1
169827.66435983102,316.5655988327904,15:33:55,-1
16109419.8429171,106.70884909277348,15:48:42,-1
53216561.00703059,262.7739036725191,15:43:21,-1
73789074.73117368,36.15320930829669,15:59:33,-1
78296417.43595104,291.32500557993,15:28:17,-1
78157557.94819488,349.04478699692214,15:58:53,-1
46304214.917447686,198.08807458287663,15:32:04,-1
83398597.71577124,270.1936691623264,16:21:27,-1
83116323.30036576,1.3213156410459614,15:56:59,-1
76807513.57988068,152.12675396877373,15:48:25,-1
89723068.41292264,12.358690871227932,15:47:29,-1
43803814.57617528,222.2120001975177,15:59:10,-1
40244362.58801056,148.7638364560158,16:15:01,-1
14841986.392763374,340.5687695726052,16:13:45,-1
85813280.42718819,38.5326750877278,16:00:11,-1
54752321.60496071,190.2072106730299,15:25:31,-1
79060115.83656581,163.97703134575977,15:38:31,-1
89483493.08009413,79.854530949253,15:53:40,-1
10096756.927116558,135.80510864362302,15:30:30,-1
68062889.89276098,22.370352301368467,15:40:16,-1
82122194.84085435,112.31091097274344,16:19:50,-1
89096490.86077777,4.822308585964796,15:59:06,-1
67125385.35975471,28.754105166460505,16:09:52,-1
74983568.18718359,18.55520013124611,16:21:17,-1
25110675.244668186,221.07586608780088,16:01:15,-1
61596976.91952796,226.78381595014267,15:32:01,-1
85604645.41051193,240.97993491649743,15:42:50,-1
27706262.150723547,226.3438822716396,15:36:36,-1
77216967.30791844,296.6097120406856,15:44:08,-1
58653649.96817651,243.9872995942406,16:20:58,-1
72880490.12010509,342.14940473248515,15:54:02,-1
72577771.98656775,348.61980128617694,16:19:12,-1
64556393.28146124,345.31493693527494,16:15:02,-1
32661326.60477366,358.8781204194977,16:22:25,-1
80953899.30775844,333.7558493872643,15:56:00,-1
59058575.9931806,270.3064442616305,16:04:12,-1
11054812.167505478,151.93956992471468,16:02:04,-1
5259780.629189322,331.17300025806816,15:36:05,-1
17658335.95676426,350.1281990184162,15:48:48,-1
70532897.38499606,63.79246304850399,15:36:33,-1
4924966.427573987,241.3053352286403,16:03:12,-1
66989083.453825176,61.571526568879065,15:44:54,-1
7067437.844450455,252.5839321873385,15:31:04,-1
80345670.43660311,156.33333469235987,15:35:00,-1
42109656.518366806,163.43155599250065,16:10:50,-1
11378499.417725628,238.9818178655139,16:05:44,-1
76177961.5118644,144.0057907885855,15:49:49,-1
34909129.711756736,328.15665626991694,16:16:22,-1
1387509.7086459456,232.72577297997503,15:58:27,-1
23930663.69187594,269.00319903833207,16:04:25,-1
85844443.48607458,117.56027304705654,15:59:08,-1
21961455.50888553,145.1596590536619,16:21:53,-1
58299246.6065196,208.51099156748947,15:40:15,-1
71236097.29234178,239.46815668835288,15:55:48,-1
22942308.100475032,266.83633682822784,15:42:22,-1
80458474.42600696,340.735936209602,15:43:40,-1
82578213.15564375,163.4206245890386,15:36:42,-1
25015746.445307013,189.19318888825148,16:18:50,-1
22503073.744862624,94.84651661892975,16:24:43,-1
46910518.044215456,167.64412314674033,16:06:33,-1
23350074.26635511,57.48992066668141,16:06:44,-1
66212939.65124997,183.0887042387569,15:28:45,-1
1094379.8073090618,170.83782984582686,16:10:24,-1
53526831.2948956,1.742304611245569,16:17:50,-1
27643320.36283784,130.63445956905866,15:34:58,-1
23694884.660161585,69.61123784415389,16:20:49,-1
14304766.879420042,41.6355707050145,15:51:05,-1
4416715.808406874,182.80941694744345,16:12:02,-1
74349083.84006156,45.72733740032453,15:55:05,-1
80561794.49105793,6.508322249474134,15:57:35,-1
84024836.32778092,147.97718047507826,15:39:18,-1
17034293.162082743,249.2510011136192,16:09:09,-1
72473240.00980633,358.5705851327829,16:06:59,-1
74815639.52973965,40.12316729048021,15:38:28,-1
35639460.259655066,269.56824064702835,15:31:38,-1
39682214.95533226,289.5529179013827,15:51:37,-1
28178280.43012495,320.12272828069393,15:37:08,-1
79285305.38913661,78.93831558683326,16:21:15,-1
16330125.058299834,87.81190322659512,15:56:25,-1
78363266.33322757,229.27393805167677,16:24:47,-1
39007940.57870181,224.42959117026365,15:53:48,-1
8872719.262604682,211.6103678645017,15:34:30,-1
61143624.72823041,50.7613666328357,16:17:48,-1
83920619.28196132,250.4881892966102,16:02:31,-1
38491425.91627608,139.80698042232495,16:02:21,-1
81261994.3485388,180.3508452584676,16:03:16,-1
32927.066307460365,159.96828649066373,15:42:36,-1
64489298.96644802,139.50112224952446,16:18:24,-1
48218184.88053545,261.5421440299268,16:19:35,-1
80152502.81656335,303.1518748443596,15:53:03,-1
33063463.373268403,64.20225287864176,15:50:28,-1
5469461.520411086,176.43557961393742,16:15:20,-1
69606551.42753464,62.784916834127216,15:41:59,-1
86284170.44896235,16.528617975739344,15:56:56,-1
7009646.08250391,292.98786344320314,16:17:37,-1
53485300.3176678,88.11987246248333,15:47:08,-1
22904760.26003596,351.4020344208943,15:40:23,-1
77596189.75524504,256.05409389943605,15:56:29,-1
22475504.71247217,62.87738721948848,15:48:13,-1
14154048.544934342,74.26804281781055,15:37:45,-1
54536192.28843016,19.49313630379134,15:42:58,-1
44044341.4523165,233.01503628291331,16:20:38,-1
28708448.38864683,355.3087924006635,15:27:41,-1
84318879.90239945,310.2907463085907,16:19:36,-1
39594993.60760129,156.4906846717238,16:11:11,-1
87125845.19448557,210.67733757439416,15:37:21,-1
54271322.41335499,351.015664222721,15:55:48,-1
56611971.57035334,74.85597284862028,15:26:09,-1
40086423.86679535,159.1797816343754,16:20:10,-1
35421663.029498905,56.85993674510832,15:36:29,-1
86414160.18587199,148.14380817453886,16:13:54,-1
5179008.87708062,243.8268796029168,15:35:10,-1
38430569.40264512,264.3721740560506,16:04:19,-1
37415704.98868171,312.7954729538254,15:33:06,-1
81581336.60119635,295.2842477428021,15:38:41,-1
40524364.8781964,126.5046842384074,16:10:26,-1
15582298.77107696,279.0539463981424,16:12:09,-1
44184150.87475121,143.35609859960087,15:29:36,-1
52076821.19322721,304.27675545717324,15:42:45,-1
27575598.59925758,218.8705055177969,16:19:57,-1
25630516.45376685,90.72822901718467,15:40:01,-1
15324340.106029809,103.72651808754938,15:38:41,-1
55714861.25724686,181.58959599246637,16:14:49,-1
36104196.536979765,35.38872394259665,15:36:03,-1
61243177.16891789,262.6568761488362,15:33:23,-1
71830535.96884364,21.889841819150742,15:47:37,-1
32696435.77140572,236.20158316015343,15:47:56,-1
73429551.40406246,66.35318349446351,15:41:55,-1
40832454.11051979,36.28742371156879,15:38:36,-1
23445498.67220041,292.0291855466014,16:19:31,-1
74925622.83807313,45.89669527732011,15:56:16,-1
17744103.30932867,71.00833461360043,15:44:08,-1
48165213.26344467,258.90008055509287,15:45:05,-1
27846522.002285432,54.15713250330565,16:01:18,-1
62840397.30223725,277.1882968095828,16:11:41,-1
4860307.889126547,86.51472006304158,15:32:12,-1
76725941.05384828,348.5350561298499,15:29:22,-1
49766457.02866461,288.2772256709524,15:33:55,-1
14247471.057651935,136.82420210707954,15:27:10,-1
64210913.34699925,266.70868497866206,15:54:20,-1
88881265.2823874,103.89791976024904,15:42:32,-1
32227230.11032937,140.52770851818593,16:04:05,-1
16110957.15689027,242.8136244272047,16:09:43,-1
23085126.450682662,177.44605289206496,15:35:52,-1
55420303.34809184,211.26908659197056,16:02:48,-1
88444527.58720204,56.06713474046011,15:57:37,-1
56454755.81072712,183.0939726696047,16:10:58,-1
47103025.98848887,108.35149421359216,16:19:32,-1
61505113.27266357,148.36461175645894,15:26:30,-1
13076358.54047912,124.42224077125438,15:39:11,-1
45272623.41158042,291.8966043597753,16:14:19,-1
16044208.935453458,202.91019776148076,16:13:34,-1
10969513.592417927,271.722439678128,16:08:15,-1
36824063.0326677,97.20801586490268,16:22:23,-1
41794961.24285828,269.00337647446804,15:51:21,-1
40811932.0976653,239.8741047805828,15:27:14,-1
78894667.87353067,23.51283412441645,15:33:09,-1
20463628.941025995,257.8496901737329,15:47:13,-1
37214192.73177486,220.1435919899349,16:14:16,-1
63075891.461799264,303.08997204259003,16:23:04,-1
62117826.66497488,173.58944898469383,15:38:43,-1
23317057.38254474,64.55926619809216,16:09:15,-1
4788139.489523156,101.10056582736298,15:35:25,-1
1181538.5069478878,318.18531680249066,15:39:56,-1
139426.00725909148,104.42225093658288,15:49:43,-1
69251355.40884523,82.12164194763383,16:05:19,-1
74189858.96616612,302.867261372476,15:30:12,-1
83488977.51159966,222.81845117251532,15:26:11,-1
25028910.623445395,137.38967083696963,16:21:16,-1
76465044.7840292,222.70123318771277,15:28:46,-1
62688502.30749377,203.5676613663477,16:25:23,-1
17952849.082363483,7.569717261264648,16:23:29,-1
67636285.28386214,101.35561582826404,15:47:19,-1
63244170.96858984,258.66030770325426,15:41:31,-1
32446089.720905423,284.56054337889606,16:21:45,-1
74162259.96896851,120.02052080927407,15:46:24,-1
17711394.76381708,351.29593569409707,16:11:34,-1
42053998.09126573,60.26027136834672,15:26:43,-1
75442885.84772569,63.10836929465246,15:42:17,-1
25622086.50842227,191.9288753917917,15:53:59,-1
9912768.835781692,37.418482852556224,15:52:40,-1
55747426.354533024,180.2527012738928,15:50:15,-1
34189559.65527497,31.253043384545144,15:38:47,-1
63900225.57540991,60.48199075607372,16:01:15,-1
34747779.803267,25.2030884893339,15:25:39,-1
38523038.642896056,204.0906448635633,16:17:21,-1
16137905.42319994,341.49025365670934,16:15:16,-1
77083685.64517361,267.95434565616233,15:48:34,-1
33296403.05823143,157.32361245480803,15:32:21,-1
70742828.20416978,329.3568257969868,16:06:12,-1
41595552.772171296,275.9545376282313,16:02:45,-1
41982316.23183434,301.984552345664,16:13:25,-1
43813318.52140491,112.22819381122484,15:34:45,-1
80847247.89419197,38.29824813097966,16:18:16,-1
52531107.81403261,69.50716873225333,15:30:04,-1
56409594.51899358,177.79335874398924,15:49:51,-1
47159004.72900882,42.71225351665083,15:31:30,-1
82257216.08029601,225.74175613040305,15:50:24,-1
16475433.215074176,110.64714636380704,15:39:46,-1
54113988.90249878,314.7063349047381,16:06:05,-1
61819196.961991325,330.26969723997604,15:26:29,-1
1447790.1775615723,6.201195020758479,15:34:16,-1
31417591.794805657,67.01606900167708,16:16:44,-1
79533173.04967968,106.9962481228754,16:03:01,-1
76913151.05456898,274.39797120511486,15:41:49,-1
62603741.8512306,355.53166060460643,15:44:28,-1
86473504.43885346,258.7949905092654,16:21:59,-1
4545081.374952342,66.90524434798175,16:20:34,-1
10503804.087103238,64.10906824397983,16:00:33,-1
19714893.32525919,302.67407238674167,15:41:58,-1
50984334.37734344,48.770522314064,16:05:40,-1
17428448.051462248,32.17887376370244,16:19:56,-1
72176189.86947784,129.90334945326308,15:37:42,-1
56846877.2319661,185.74773552185616,16:19:59,-1
38622703.81091291,38.27914597115154,15:28:46,-1
72957935.02833141,116.6755073315904,15:54:43,-1
45553907.912561625,170.13990957102249,15:41:44,-1
83856007.67963187,72.10469939214562,15:35:57,-1
52589383.0074518,27.463241501188307,15:32:47,-1
36335989.29094835,170.90123254691926,15:45:20,-1
39745146.00982224,194.0273223293424,16:11:21,-1
85438269.34175804,192.59372052288444,15:26:06,-1
66141603.67402739,225.79133646550824,16:01:09,-1
8755922.765843991,312.92055886602805,15:31:31,-1
7528232.843051072,21.46660233625301,15:54:48,-1
44209844.97255755,354.9287653459874,15:33:52,-1
23495858.588843107,263.57235980278426,15:39:14,-1
29632244.718326345,345.25435463735005,15:51:47,-1
57198789.34587319,29.77660383975834,15:28:29,-1
72067878.6970229,278.1131566979886,15:28:52,-1
7241381.213650117,209.31126760115976,15:41:21,-1
22172412.317942977,83.97509091066813,16:21:53,-1
84081344.38797368,245.3681455693421,15:30:58,-1
54607440.6017059,290.7551947827233,16:24:24,-1
54137372.123199575,321.2312600114612,16:20:22,-1
44521230.91527585,279.6589717250987,15:34:52,-1
9254100.940966072,352.22090410961147,15:47:50,-1
62594176.92599457,328.0240365445145,15:56:45,-1
55422118.25816143,122.92618145398504,15:41:25,-1
22193314.14926802,133.90000293596722,15:57:29,-1
42341455.621756114,349.7463858671585,15:41:49,-1
55324157.025332645,136.04242603169956,15:34:44,-1
41362135.26825805,345.271806914918,15:54:40,-1
49241405.99924748,161.88930535992222,16:04:51,-1
37463995.40387394,74.50212551209191,16:02:31,-1
42234184.88256504,134.72351839272716,15:35:31,-1
41904970.11583926,316.37680801583355,16:04:16,-1
71237959.06962101,331.7699336024647,16:09:07,-1
11730969.66475751,192.25487888976164,16:01:57,-1
17885319.284012184,66.96711666513734,16:06:00,-1
40458831.42795125,66.9730371191547,15:52:16,-1
53360399.09256555,326.5121802018916,16:09:01,-1
29809958.69143568,343.3777864586503,15:42:09,-1
57079380.89707647,269.3989424046591,16:24:18,-1
35596861.65789048,29.091772690675494,15:49:22,-1
4017832.389245074,186.12183172197905,15:51:40,-1
88877986.55034125,209.34625665672723,15:32:00,-1
42130236.38942364,316.2974267264266,16:00:50,-1
22831588.02562516,177.91570539580158,16:10:30,-1
43886744.448500335,49.526646174275,15:43:50,-1
33944413.26235238,204.6548420233473,15:40:50,-1
54907093.98281917,182.72698040777897,15:29:42,-1
42436159.022811264,67.52078809020199,16:03:26,-1
32243072.74612388,310.99497536023034,15:27:25,-1
33628522.53203555,44.38217637545135,15:53:40,-1
84469330.94915305,16.479334566327207,15:28:06,-1
7937660.328497082,347.2518055836923,15:59:21,-1
46451910.21255018,219.1888519037161,16:01:10,-1
15948984.150648454,162.56422614789005,15:57:33,-1
15104462.459680757,71.6827745784667,16:04:27,-1
23407296.72689578,254.57226929823096,15:28:07,-1
36960796.24872223,176.3139807520965,16:24:52,-1
37656811.825709246,263.1675653630486,15:27:56,-1
3871622.537555445,141.61503523842129,15:43:59,-1
9330513.328640854,113.66550013664282,15:45:01,-1
58338911.86675706,249.44073886956372,15:54:29,-1
17872979.379017204,174.26155357943298,15:34:12,-1
48425568.33911262,194.33914146665228,15:45:03,-1
38488194.06481484,298.30345633636,15:36:24,-1
46652539.12481266,24.135712434802432,15:40:36,-1
61577835.26573423,177.01456410893203,16:07:47,-1
26102764.898773868,311.0623140781469,15:43:54,-1
82949022.1276682,222.42658661963375,15:52:25,-1
22011963.792759757,163.48071178145585,15:39:03,-1
25308846.30266781,195.8186662185618,15:26:31,-1
88892631.44101381,336.23012239761204,16:23:06,-1
33633666.33592607,59.352494675719726,15:31:52,-1
6016578.046709217,336.1554396091456,15:51:55,-1
45683576.796884455,150.9915524720232,15:38:56,-1
5368035.791748814,86.94488034246429,16:23:25,-1
32129439.322270773,214.68987171606696,15:44:41,-1
13765002.74680712,352.8523674056112,15:37:32,-1
24940510.28839297,150.47993506311258,15:27:49,-1
18167483.72463699,112.58747369387731,15:41:40,-1
73995666.14293215,163.96679649835926,15:27:08,-1
60541167.99486485,297.76497164613914,16:24:34,-1
82047748.35118864,221.10440656371856,15:53:34,-1
68342210.91751243,273.6901797537756,15:28:35,-1
21777374.64022072,258.8715667728146,15:27:48,-1
53862142.47884802,170.87134760710376,16:19:34,-1
68044141.1955506,42.65142227791008,16:00:39,-1
72525086.46777359,270.1892670697416,15:39:46,-1
74867382.34588718,210.54755781950945,16:22:07,-1
46736692.25674447,157.8447956191983,15:28:52,-1
11676488.062294802,248.61775233684745,16:05:05,-1
82405327.52684662,189.6442782281946,15:38:53,-1
82694066.1385177,353.12610173363646,15:45:20,-1
55917377.0215607,298.267541967722,16:00:34,-1
82289812.59589398,87.90081048596214,16:01:33,-1
35032264.30371641,32.40306368961799,15:41:43,-1
14649300.572445037,74.0654487561074,15:47:29,-1
38210177.01427301,101.8995119744347,16:22:08,-1
60090527.86817252,352.53685471646867,15:56:40,-1
85817123.9872763,58.94340268221767,16:10:41,-1
76334230.71664497,44.16440726147902,15:54:37,-1
48744608.65506848,240.1453683827805,15:26:42,-1
69912880.33789714,333.73188403429674,15:28:45,-1
19174963.7287634,55.612229544023286,15:32:40,-1
48444044.76713703,257.11863143872523,15:29:06,-1
79113521.020324,160.3542321207115,15:26:39,-1
38363805.77358143,250.70233387264415,15:37:03,-1
50194369.17863555,350.3974655054701,16:20:49,-1
28163755.998098068,276.72208963894263,16:15:07,-1
9584506.872420462,147.3577978652028,16:14:46,-1
84097148.4634699,349.6417880678413,16:05:42,-1
47490573.88893013,78.95077031834794,15:51:09,-1
39040540.56427852,238.810738904052,15:33:05,-1
68057416.3697001,92.89486775954109,15:36:49,-1
2242650.6297171074,307.64626220527805,16:24:18,-1
33610697.92399397,19.13380423866379,15:33:47,-1
25202581.511507183,261.6526975731948,15:25:54,-1
25171163.96563182,32.678864927450995,15:55:29,-1
27068875.98834745,113.1856784455302,15:34:12,-1
28787821.99042027,33.49003094343511,16:11:11,-1
17855644.45346896,64.19436563474137,16:04:46,-1
52348720.14884866,12.474503734451256,15:33:28,-1
40617168.64559765,3.65211034270232,15:59:31,-1
56904322.6398468,183.7722817617982,16:19:08,-1
32795934.191968966,264.14608642427163,16:25:15,-1
36403150.91898632,273.95560579699634,15:43:40,-1
14406531.053131966,313.01244940072354,15:54:25,-1
34223355.323019475,275.3919079625095,16:19:04,-1
27190847.38709464,238.6263875472234,15:41:45,-1
69555746.76905547,29.737424425001592,16:14:13,-1
51169389.31173389,276.92427804777446,16:10:16,-1
41344530.78636518,258.8117651324429,15:32:45,-1
59057892.480057016,91.03659893795734,16:25:02,-1
88528384.73234244,31.39271696466394,15:43:45,-1
84127411.72412607,300.06091905944066,16:13:21,-1
62324067.54704245,292.48188283992823,16:01:04,-1
55942351.096233465,274.5894313780037,15:51:45,-1
69869675.04380308,138.8198634332221,16:13:02,-1
50584731.81779312,82.93036018507313,16:11:31,-1
15779463.52616797,161.5415429802758,15:41:54,-1
2743605.373047474,156.20584517635675,16:21:51,-1
33799069.563769005,342.1374099354839,16:16:03,-1
21168432.980487023,62.62947077298278,15:54:52,-1
17995396.529337782,154.05493518767722,15:51:20,-1
35184976.66768169,259.01938863368906,15:32:49,-1
54225540.68727138,332.2961242817525,16:18:23,-1
39234801.68882559,311.9757406003113,15:47:26,-1
15937356.885535069,323.14111187638383,16:04:54,-1
12298086.55596677,144.57339410891402,16:07:40,-1
40211313.2640428,162.07388895345383,15:28:12,-1
52868302.746054105,124.43549056681049,15:31:24,-1
26384861.43771327,202.2167731049126,16:06:26,-1
81165575.2171096,336.755678782505,15:59:02,-1
14331368.70647798,299.87781408141325,16:20:53,-1
86366761.77113308,350.06252494808587,16:22:59,-1
54639072.8781848,48.55981179361011,15:41:53,-1
17734079.80429295,122.65072932375948,15:39:00,-1
48198128.212562494,341.70185712699293,15:34:51,-1
51921110.16170599,111.54656594391771,16:08:43,-1
78854711.29374552,186.15323738082705,15:46:54,-1
39611352.07847501,12.381404031794636,16:18:41,-1
88692173.6893549,57.65311286619247,16:11:59,-1
21682043.967851672,81.7645655456922,15:46:07,-1
65335021.41435557,195.2967069216957,15:33:33,-1
88255338.61866057,67.3301992975262,16:11:56,-1
83204230.41920678,109.45052405841754,15:35:08,-1
65605192.33049226,185.84837376274515,15:26:31,-1
67951576.6681844,103.17697530338384,15:32:43,-1
36939054.93253788,147.47723381722392,16:08:10,-1
20044240.17841848,209.50815029329456,16:23:24,-1
75323971.61211602,337.16322707521465,15:58:48,-1
50505415.16153998,67.75794927976496,15:35:52,-1
85331483.0584879,211.29616045083088,15:30:25,-1
51779818.96413823,217.58988797863472,16:19:45,-1
84859901.00339755,230.53296169994843,15:53:16,-1
11637973.088872535,149.4030085092256,15:58:12,-1
52551426.62744159,96.61090594947362,15:59:16,-1
33034211.81376116,135.4798916236652,15:49:15,-1
35423935.44335356,109.71726106168148,15:36:12,-1
19890197.409974243,189.47305712337936,15:55:51,-1
70906574.60562052,272.6458706620783,16:04:33,-1
66114037.786320895,244.1361131082445,16:06:53,-1
68767322.04697882,273.7138667704704,16:01:04,-1
26306722.81184513,1.174094993306558,15:48:35,-1
14930010.46762096,39.36790992159578,16:06:33,-1
76439269.32224716,23.76722675760272,16:23:56,-1
27295906.8292096,182.5573285551565,15:25:36,-1
42245709.65107107,233.82157668325877,16:19:46,-1
44708272.26138363,40.05024238600102,16:21:29,-1
55286451.12930711,142.90918932656484,16:03:27,-1
27869688.81672329,333.89768539180363,16:15:17,-1
72789734.90582202,226.18606180111985,16:18:20,-1
13409727.962107334,357.0485492372318,16:01:52,-1
73770470.02066141,327.18669421076584,15:54:36,-1
76363672.20350991,160.77563943458514,15:53:12,-1
62925206.791471496,194.74952707143143,16:13:58,-1
4952862.357250619,26.448116734329968,15:42:05,-1
35776853.77036307,43.22542480725733,15:56:06,-1
85896720.74591647,297.17739864135854,16:16:26,-1
66419965.92602278,215.50580042269448,15:44:53,-1
55283358.09635408,205.20864370988764,15:56:10,-1
19255702.76707016,54.209915173432655,15:34:22,-1
75321592.32656918,307.9520803700846,16:17:04,-1
40199947.22208394,80.42915457979845,15:28:47,-1
51670900.04977893,36.74686027971419,16:18:15,-1
76675046.64055756,3.6139951132907377,15:52:30,-1
36352348.30551419,160.7806595389212,15:41:07,-1
27335421.45592056,238.3613182323272,16:06:46,-1
44971620.58471175,45.75067948667213,16:21:10,-1
21421759.4332014,326.14896092733176,15:48:09,-1
49053190.71022313,117.39272740762767,15:59:15,-1
52601478.3811022,350.16158078201164,16:14:58,-1
30244527.01550273,356.71584913396595,15:49:48,-1
50175149.801491775,125.7131172904398,15:42:17,-1
20566306.71681318,326.8498613455679,15:48:10,-1
45830752.92644736,53.74474325891247,16:01:49,-1
36324138.28594578,246.1118621735816,15:30:28,-1
64849794.71674594,330.9710534549756,16:06:44,-1
63537071.63293096,112.23676521996242,15:45:38,-1
15156964.509537265,267.4102361265791,15:52:27,-1
12022858.89433921,304.9601272692234,15:50:30,-1
84372951.4236222,257.5906479533484,15:26:21,-1
36054017.75235715,73.46917049095038,16:22:09,-1
23120477.374219727,317.8388101928541,15:28:56,-1
68643055.80872391,62.33302079881399,15:28:39,-1
41474621.121912986,51.96361264502856,16:19:44,-1
39533893.57724167,42.11870488069779,15:57:48,-1
57640706.57485891,331.43531754673177,16:00:02,-1
64334298.20243237,199.11168949980197,16:12:42,-1
26253782.64756332,262.12961073653884,15:35:42,-1
30635316.41698732,15.09128802106674,16:14:01,-1
89797446.16927089,2.056910654880864,16:00:41,-1
36277081.24760196,22.476995205956246,15:55:57,-1
16444069.976943836,135.13834004145968,15:28:20,-1
72602948.84937005,106.26045405971196,16:23:13,-1
8079732.648764944,182.45858075936275,16:23:03,-1
77155545.67244387,56.159284512538015,15:39:54,-1
44402256.6887544,353.56965516068897,16:21:50,-1
80205445.24898422,231.96551824694797,16:16:58,-1
34577690.15882327,144.296272969188,16:23:05,-1
35745236.389633015,86.49542838176188,15:52:26,-1
84398497.84026109,37.901053423318665,16:06:06,-1
3113557.3900595508,97.40385116150232,16:10:40,-1
43347524.2397588,150.12388141832773,15:29:50,-1
53345582.85975857,332.20733780505026,15:53:46,-1
68969012.58463167,193.004362851012,15:28:26,-1
61604700.09679885,0.6871175771224225,15:51:00,-1
29387821.30354116,343.1753559343503,15:41:34,-1
27816845.242273577,249.318427957671,16:02:46,-1
89682592.77006368,264.48702424121444,15:30:33,-1
56882358.35564523,95.914614860663,16:14:27,-1
4943719.156825194,158.39361155167572,16:16:58,-1
39606760.6969998,262.9525296324255,16:06:13,-1
18037941.272444043,71.6138714112365,16:06:04,-1
30566997.916935667,86.39062147949036,15:51:36,-1
19748443.772114683,317.66332902700026,16:13:53,-1
50514823.43243557,344.13839979330857,16:09:27,-1
78566965.13008076,188.15705111017672,16:03:18,-1
27400012.7574334,356.45693231693144,16:16:15,-1
33777264.02407876,221.5978238417319,15:35:59,-1
83452159.21155782,291.8855714603393,15:45:33,-1
6696731.948775036,315.68072943367827,15:36:34,-1
19488404.52893661,302.03638598458303,15:58:36,-1
30261176.39820825,132.17419720550492,16:25:19,-1
55152745.0355499,141.54402307893858,15:54:28,-1
32509109.87016704,127.67194044197888,16:06:51,-1
80682556.47308998,253.40913143048243,16:23:26,-1
64265413.11884206,212.3138392825045,16:02:35,-1
74083785.03038022,25.47429537922122,15:49:31,-1
46556791.16605755,41.48225741314593,15:31:54,-1
14615009.46017572,110.91959583605448,16:03:37,-1
36265816.94395886,336.7121033886708,16:09:16,-1
46909354.37431338,271.433864600096,16:18:26,-1
81993242.20776191,19.67986020775657,16:12:30,-1
80133391.91057621,307.5205975412407,16:02:10,-1
71178219.77625512,237.0571086430584,15:54:13,-1
77199168.138683,125.5418038420085,15:53:35,-1
1268425.145990318,127.66142203942564,15:50:08,-1
3337022.3209715826,105.23779383585573,16:20:28,-1
43999249.54066307,184.2011535472588,15:53:01,-1
32597091.84780753,167.703413271945,16:08:28,-1
49649030.71388806,169.64186533855275,15:58:08,-1
73784581.51072183,102.3192953169619,15:45:22,-1
51336663.59156061,341.17848599009585,15:45:47,-1
1235559.3425125638,239.5605951125696,15:27:33,-1
13440224.531806158,340.49853022854563,16:25:09,-1
26083247.150377296,198.6904120112712,15:47:48,-1
40905527.00492352,218.41558877156817,15:35:04,-1
26348818.911499757,218.42338926790035,16:17:43,-1
57020687.00719863,4.879910214127299,15:33:04,-1
51801941.72449781,336.12405433499646,15:54:03,-1
26648411.965678927,224.8868665919975,15:39:17,-1
8018621.860800084,66.04098946508844,15:35:56,-1
77655374.18052945,18.684066974378023,16:19:18,-1
20739897.654969983,8.611714931096541,15:50:47,-1
82507031.84179178,319.40251341334005,16:06:27,-1
38839346.87106265,50.06587971469258,15:39:00,-1
17429794.80328816,88.09932327389008,16:21:34,-1
61930676.188211866,221.54937000845055,16:05:29,-1
87101972.82129294,1.5842201022756708,15:44:59,-1
68899609.18197799,313.7713507049702,16:13:34,-1
22929251.505639374,85.10984762547633,16:19:48,-1
77960249.84567527,292.7834891964208,16:03:32,-1
13395705.459402282,82.17600690825867,15:39:55,-1
510538.1287090618,115.1788763695241,15:38:02,-1
70765665.23450498,344.34321519585217,15:34:41,-1
3792727.786701754,118.5488766443658,15:41:29,-1
71362497.99302718,190.87384381293015,15:34:43,-1
13008714.519477136,32.89630581918794,15:47:12,-1
17494988.785707187,191.196070533834,15:50:14,-1
89433308.72080418,328.66286476004774,16:01:18,-1
86886249.81935461,217.6306638470625,16:00:20,-1
9153571.259993274,91.86971223119532,16:18:54,-1
37169731.8395726,112.51425322426816,16:03:07,-1
45090934.2709957,230.133608157273,15:35:06,-1
32730919.49234127,300.54370495704853,15:47:55,-1
26020691.035961736,146.0211425400317,16:24:03,-1
87513829.07529935,94.32000992561962,15:29:05,-1
28733184.123003516,147.2295623564248,16:01:14,-1
47686349.19256599,289.1073509063561,15:57:54,-1
87126088.17756753,29.01502481736376,15:59:32,-1
38442221.30234943,10.306447432580796,16:11:50,-1
37501250.49709656,73.3976890938998,15:56:43,-1
49557106.8345463,116.9889093628311,16:18:55,-1
41553379.16908867,16.677744579427536,15:57:49,-1
40136947.33427327,12.999788921954352,15:45:39,-1
32671773.3348379,335.2897122285231,15:40:04,-1
26485034.73675241,131.87904872324182,16:19:33,-1
27522404.21879953,206.2592601381241,16:15:47,-1
89865948.86983044,290.86821776639005,15:58:03,-1
65789404.02746979,122.72906461506756,16:18:49,-1
64720737.95335545,294.3044987501943,16:22:59,-1
14890073.292816916,334.84674061140834,16:13:49,-1
15287238.246700298,132.79312822781498,15:37:03,-1
28445605.450421203,201.3671633262423,15:40:09,-1
46411092.30635111,227.79914865331293,15:40:43,-1
44833692.07354923,55.86888138077973,15:27:54,-1
69462253.79321481,286.1571654513743,15:28:24,-1
4329342.740412764,323.04711611551073,16:01:19,-1
74481401.65894245,27.004784575962727,15:38:18,-1
2119185.65545274,316.04763467413534,16:16:36,-1
7598819.3386816,2.501403681616772,16:10:08,-1
76306167.03782436,351.100387565262,16:20:58,-1
74834286.08889641,295.5642048961583,15:34:19,-1
30874616.618519336,258.77904762374106,16:18:23,-1
36925835.227194935,164.99791116089895,15:43:12,-1
11426295.995066255,349.15209080486443,16:05:41,-1
51798410.37017425,320.43289425810923,15:49:27,-1
45125070.41806684,79.47561342685451,16:14:19,-1
88998727.74331143,252.2691305365145,16:16:34,-1
47130994.81235143,266.77722226383406,15:45:40,-1
77661064.63106869,211.6039090033328,15:27:38,-1
28036304.935693704,28.07370316881927,15:58:52,-1
41310836.73773858,250.74368048606115,16:01:24,-1
21215541.69013505,246.3804765625555,15:55:09,-1
57576680.51511359,45.36820074387026,16:15:59,-1
40159945.84598085,72.02136697714815,15:32:10,-1
10361728.676333796,288.95554334145214,15:38:28,-1
11896174.550848678,245.23780328482275,15:36:31,-1
45726446.25356387,58.458890493989706,16:07:08,-1
51454934.74975937,178.9186797503948,16:06:03,-1
9210495.450342543,86.81401468347546,15:32:30,-1
57836211.404169455,212.98792831301705,15:35:17,-1
20525779.39603152,58.132393325115096,16:22:29,-1
43186667.81964187,50.339677592298,16:07:30,-1
71347734.22628443,96.34782525898191,16:10:19,-1
87511653.91973493,296.3724129501151,15:55:59,-1
58354897.4916914,5.808903320884773,15:43:05,-1
7400438.960780925,289.0091978025864,16:21:05,-1
23073861.82134153,122.6524945169412,15:58:22,-1
8680020.864196984,195.20678466017037,15:41:10,-1
68038804.38646102,319.92315380493574,16:05:29,-1
88107661.85443777,319.7807313505017,15:27:04,-1
74530856.4095058,115.87380671153916,16:03:05,-1
9759642.642546345,125.88962968776328,15:40:59,-1
49041248.70830486,170.89222511927755,15:34:55,-1
5775314.363967468,211.3050229781871,15:44:29,-1
4790362.661495509,276.6745588924902,15:55:22,-1
3762928.0396374343,231.50874575421687,16:24:24,-1
62676932.68917501,244.35107922658148,15:58:36,-1
37202302.33773135,208.1820953348722,16:10:05,-1
7589398.380329976,357.68131210477,15:26:52,-1
21905883.120623045,46.930058214668776,15:32:40,-1
73224907.04972155,215.56195973901123,15:50:51,-1
8107708.712394817,275.8983919361002,15:57:26,-1
57000463.54180556,112.12603457172771,15:40:49,-1
40042852.05595513,230.95726327726044,16:15:37,-1
56495524.82146339,315.354654092515,16:24:17,-1
39418206.560292415,105.64795615829848,16:11:53,-1
86121519.39236616,76.14067093182538,15:54:46,-1
836943.0369547594,106.0350029117455,16:05:12,-1
85508181.93919465,39.73039408095084,16:05:35,-1
33068113.18010817,157.5369850037862,15:52:51,-1
65890018.52848463,284.9295476415219,16:18:11,-1
36476508.959676586,83.53342693539304,15:51:28,-1
5196791.171353064,273.47705306197986,15:54:39,-1
71409578.91512556,33.32943347692891,16:12:08,-1
54295092.36046912,91.01049046192236,15:30:50,-1
87014268.82980368,94.54663927154044,16:14:48,-1
26275948.862578027,55.47328594213396,15:45:04,-1
14387482.354184698,2.346247034690365,16:03:27,-1
46226732.33464696,16.423077044022637,15:57:22,-1
59667434.34866247,183.0394793967417,15:58:27,-1
33587609.02263691,130.628728267783,16:04:46,-1
50079389.66506374,53.29758336564719,15:57:37,-1
20860212.60595358,50.88792422296,15:38:19,-1
18250325.495830342,328.11307096515526,15:40:57,-1
69439104.69691028,217.5068253656904,15:41:56,-1
37300349.54252301,99.11468843110012,16:08:39,-1
80640716.33495098,281.0877391737424,16:14:34,-1
73392351.41850752,232.3886432135021,15:31:39,-1
20105706.358792752,108.71954960429156,15:31:58,-1
33100717.52197772,172.1464328056094,15:28:11,-1
9623427.724279828,14.961043984862204,16:04:44,-1
45888373.18289858,105.11690345643429,16:21:34,-1
43001530.27311502,283.762622527953,16:11:38,-1
17768324.147250913,192.99603630032564,15:30:05,-1
20003207.32881325,290.6252799465502,15:38:15,-1
47415159.71614251,171.0493073535241,15:27:25,-1
42546030.473635696,47.61482490365108,16:10:44,-1
61155217.22908818,308.0398012658929,16:08:49,-1
83646871.78512584,268.1555810391304,16:00:50,-1
75599291.05670236,55.40735619208174,16:12:52,-1
60845972.21162323,165.4456694217991,15:58:01,-1
63430839.464119606,134.49234096812313,16:10:31,-1
67668103.95182976,150.07791354576176,15:34:11,-1
26925660.827875126,171.7622345430972,16:24:29,-1
27457718.04363092,13.300668811085515,16:13:32,-1
24197669.79767598,174.53007521575,16:03:30,-1
59727319.30712105,40.6730678530323,15:31:54,-1
76123398.6807562,236.79920142394704,16:06:42,-1
89843929.25486507,306.9262223261418,16:06:02,-1
41797173.56199576,334.548431584478,15:31:19,-1
31216279.05824162,304.8341484164861,16:09:24,-1
78837503.00952516,94.95020966621804,15:27:50,-1
18887539.93752519,109.5682278959858,15:27:42,-1
84198207.1551682,131.61320126865618,15:36:05,-1
21584459.765620757,323.8050856107312,15:45:11,-1
88641964.13727278,46.32309780147639,16:21:26,-1
41048621.0400377,43.30220482086206,15:47:40,-1
83927777.2328099,100.30786495247422,15:34:56,-1
37451794.28666181,333.857919334261,16:10:30,-1
69313327.27590813,173.54851309855323,15:57:45,-1
79819386.15018909,41.2811473662487,16:00:27,-1
44332542.31201339,317.6151343573074,15:56:33,-1
6916574.203015529,39.8528653373288,16:20:54,-1
56452643.888367824,64.45293470242096,16:17:10,-1
8111484.319026402,28.0104008126715,15:26:28,-1
70001891.64277674,287.8015940559307,16:08:35,-1
89156078.69546689,195.7600811377609,16:13:48,-1
35375289.32140069,319.438496232092,15:25:45,-1
39046686.54661872,299.5986056313558,15:44:01,-1
83760865.01295081,20.614273335980563,15:56:34,-1
50830325.1598355,79.86292773734723,15:31:46,-1
48980038.4283772,285.80647916147456,15:46:57,-1
14401344.232993592,58.1512964609927,16:15:49,-1
13647497.496719832,170.88364445519184,15:59:22,-1
62474704.958744764,352.733866786417,15:59:27,-1
46264258.182317,124.88315035714052,15:55:00,-1
82300974.79909971,138.01636297746614,15:34:14,-1
79911176.85687959,2.254830046038321,16:16:12,-1
31598889.787652668,118.5966372186875,16:07:22,-1
63603364.03415067,324.1740706653532,15:47:06,-1
6047408.090608727,344.5264835129607,15:45:52,-1
48195629.9928897,43.9134223599622,15:34:48,-1
37397141.30630547,26.839644951495536,15:40:13,-1
78204665.88223416,89.05619718635681,16:19:27,-1
2747746.4948627045,245.58730440060864,15:40:12,-1
72667392.58555973,264.9564792678978,16:19:24,-1
15485933.64599814,227.12608232119135,15:26:09,-1
73899744.76476935,342.942621100066,16:15:23,-1
16831705.566785146,89.16207168732635,16:00:54,-1
47934800.24176358,165.92798617850244,16:19:29,-1
3823277.522599382,311.0629452233817,15:31:19,-1
55307065.63992564,337.21389098105044,15:54:54,-1
18455259.12316416,121.2938720622792,16:02:16,-1
5389485.546731258,196.7715740556928,15:38:57,-1
64144599.302596,309.2808756080642,16:16:56,-1
86885149.93964908,53.44908582888448,15:51:57,-1
37862373.91891182,220.72801455852456,15:49:31,-1
34954160.930686526,336.36998411221344,16:00:44,-1
1900521.613446453,218.28617208505392,15:49:53,-1
14928090.552243551,223.45279384593988,16:08:28,-1
50217507.44815762,190.6364315487316,16:05:45,-1
35149817.79907567,29.612851022590547,15:55:35,-1
74588875.46047573,189.77329213208043,15:43:02,-1
57408901.37535308,15.431952089680667,15:30:43,-1
19335883.51766126,230.68944717503143,15:36:34,-1
6115621.635508671,353.1335033857554,15:58:09,-1
12584194.268991789,80.5929930876543,15:33:33,-1
890033.7078335938,315.1288580313213,16:07:50,-1
34984227.19252191,228.331268145867,16:22:23,-1
76614783.08276144,315.60462822905964,16:06:49,-1
72286271.65426376,139.2652949968117,15:48:37,-1
53626546.02116174,270.8279382659771,16:22:21,-1
67072163.20176221,113.38586795752916,15:31:43,-1
40730297.54026518,275.2446071416417,15:58:10,-1
21434398.09991639,277.55926010512184,15:57:28,-1
52377807.90426935,343.4839760315358,15:46:20,-1
71183557.58268665,18.874990547528547,16:21:48,-1
1204389.254792903,238.07624773948356,15:27:15,-1
68693666.06247638,236.7337053809352,15:46:28,-1
66895878.448554784,38.57261079700071,15:45:57,-1
22254202.797991566,187.9461724376242,15:45:17,-1
68191560.01432444,178.76055580880248,15:35:07,-1
14847531.855874613,216.90709632406603,16:01:00,-1
40587838.84005857,110.23292935551596,15:47:01,-1
23152820.94835187,200.4262836922917,16:06:22,-1
29957440.294756956,303.1744926014571,15:39:31,-1
80037976.94125481,315.6249670524493,15:52:36,-1
25244301.6780466,226.03337784037956,15:34:48,-1
10105207.219513852,138.3136448443128,15:26:38,-1
40315843.98447049,135.33061591022596,15:37:24,-1
25899572.35848106,18.510740193895455,15:31:21,-1
51450955.4252708,269.3877073348402,15:40:00,-1
43788583.705598,93.69218142704304,16:04:07,-1
37808469.01973282,178.617374376017,16:11:34,-1
32408297.38594295,39.71670473913009,15:55:46,-1
16429732.91366082,285.50314370917005,15:54:05,-1
15063986.64522439,46.80515988911762,15:47:01,-1
64182592.32750485,144.31759564579437,16:03:21,-1
34687691.227793805,173.78521471313096,15:38:59,-1
13707038.11559922,97.9475116982568,16:18:05,-1
8641430.579377174,260.2034371814441,15:51:13,-1
49645465.80321187,322.6622419318944,16:21:45,-1
20635699.856240157,303.4918093100007,16:15:25,-1
24959401.15868701,358.29976840917084,15:32:02,-1
50714770.83519299,48.42552807859855,16:05:35,-1
62128113.75416724,338.1175248254625,15:29:41,-1
34320043.72041993,355.3143248373682,15:40:38,-1
334927.4779554018,122.70512205506176,15:41:50,-1
17935601.119097516,90.49097142744044,15:51:48,-1
956144.9365647252,263.24123880835856,15:32:40,-1
4038812.980678643,348.6283149923153,15:30:13,-1
25437328.53724057,134.3562692099439,15:44:01,-1
69928758.27228953,293.0880746664592,16:09:36,-1
65091307.58766241,189.44196492238095,15:32:16,-1
44975570.30592791,127.914977047769,15:30:15,-1
39007622.80274943,1.7389769048169557,16:25:06,-1
86114846.2182137,71.89977369451445,15:26:21,-1
22716777.69571463,101.82604515703984,15:36:23,-1
63671805.36390778,185.7217415393442,15:27:01,-1
3776698.135692501,345.00829113761534,16:06:39,-1
84612825.80537687,39.8778677652619,16:14:04,-1
66350777.11087521,338.663540099301,16:04:40,-1
71709981.71081384,136.7191320946129,16:12:07,-1
39185234.10151099,159.3538611995737,15:32:48,-1
84210943.38878977,247.62011655751255,16:08:53,-1
35658478.49257411,19.81641950137696,16:00:47,-1
76152520.95825845,239.50956977401657,16:20:47,-1
37212637.311280735,65.1299344751344,16:08:47,-1
21035520.300381623,69.13532788638732,15:40:09,-1
87402692.34444498,293.4657994120806,16:09:50,-1
74626338.97786216,209.69120807797427,16:13:18,-1
23502574.91896889,106.72110211242308,16:19:29,-1
21580105.75759704,198.1768422143318,15:55:14,-1
48837464.000514776,280.8828123540709,16:06:45,-1
29568218.00398937,334.72272003774947,16:18:50,-1
61780257.58308368,65.19676762928894,15:42:49,-1
58742258.7276094,113.9411668208318,16:09:45,-1
47777893.79692411,35.11250413064228,16:17:16,-1
5182607.418150801,184.4787204427797,16:05:55,-1
57948030.36819639,130.57954812052947,15:48:17,-1
37279527.0711894,166.61228448710702,16:22:33,-1
18488706.25454852,29.240428906156986,15:33:21,-1
65878892.02706192,235.15028947605376,16:18:28,-1
36481248.1466158,62.0619603444828,15:27:49,-1
34782530.24393649,204.9078997656415,15:35:00,-1
3122735.5338728395,246.34006687185112,16:24:56,-1
52593359.33020318,243.8485434763128,15:46:57,-1
67070140.59068391,298.0860339975963,16:22:49,-1
66447490.405143335,211.7443032807211,15:42:51,-1
3594514.783716655,346.94356405085193,16:07:41,-1
13235587.83526724,182.75680684319488,15:33:06,-1
76100210.17272633,43.38899729791344,15:29:49,-1
73719617.08337718,277.2184388240935,16:03:57,-1
34700933.21508604,69.98841383015966,15:56:17,-1
39876450.30894547,164.50267685504195,15:34:57,-1
17602019.8928313,259.88688900011374,16:10:55,-1
76216982.09439091,16.196974625086746,15:50:56,-1
57551788.39681787,209.7779654452472,15:37:44,-1
42662334.86976014,66.6533198262582,15:48:20,-1
32009676.69930693,342.46917556437944,16:02:47,-1
53523468.9906688,29.455613688281478,15:26:13,-1
49181017.77357862,65.99512346634796,16:11:36,-1
76823274.94927593,296.90653092170874,15:40:31,-1
33072647.55575648,103.06329562352136,16:13:02,-1
18118651.94424444,113.9696316062851,15:41:44,-1
68547959.08193626,36.56042403850221,16:06:20,-1
1894333.9796002891,204.6031078174377,16:01:02,-1
62781076.7578359,73.35442631629392,15:57:40,-1
61124129.005748495,158.60809704434018,15:26:18,-1
11952765.270473892,299.55755783965844,16:19:38,-1
75552883.96141528,336.6778832814311,15:56:56,-1
2346535.367271183,178.07772253622144,16:15:20,-1
77275597.63146564,230.3670144273453,15:58:21,-1
15246026.691346897,350.3322906808474,16:12:23,-1
44436088.85823815,307.0174520764857,16:13:23,-1
69716439.39990774,257.413975449301,15:45:18,-1
56632053.75831365,333.37093647852885,15:37:57,-1
7558652.189750691,232.6219907757792,15:34:30,-1
1561972.1572516237,301.1160181238967,16:23:46,-1
57626091.89146128,148.59229723000092,16:20:47,-1
317076.2688190192,250.1004989764197,15:41:25,-1
32056764.40777036,98.61546305252094,15:29:57,-1
86464905.9979724,119.83031475651372,15:36:44,-1
4163452.216956239,302.9009832604437,16:07:29,-1
87224431.37007429,239.19097995622704,15:43:45,-1
135250.6937407623,218.3901961702592,15:56:24,-1
5471223.109938636,65.41654630453347,16:07:19,-1
51970099.58939573,25.03773289457818,15:38:18,-1
73922924.27291194,215.2288467813731,15:28:06,-1
58678897.28684946,355.2246639163564,15:43:33,-1
12033485.039721264,85.9374850442847,15:56:58,-1
78389116.42089516,202.8814491474866,16:08:03,-1
5475340.592938854,1.038076657076612,15:40:04,-1
65618846.20593364,250.8600068697594,16:00:27,-1
83902376.84417947,319.23260087064017,15:50:22,-1
42437420.31745643,104.43301988796244,15:42:20,-1
975690.1154852256,123.96619785968588,15:54:13,-1
33175570.384173315,261.2124649385595,16:13:42,-1
31686657.791220628,62.03162456345274,16:13:14,-1
44741236.68393541,169.08194643878832,15:46:29,-1
27335548.494866587,154.6099765040562,16:16:06,-1
48812462.06564256,106.7462259489578,16:04:27,-1
81139007.98039204,209.6983858725993,15:48:56,-1
45215280.69341881,84.2018065236663,16:06:11,-1
512460.11749415455,17.174687013775348,16:18:23,-1
7559635.085359614,63.15433125244338,15:48:28,-1
75282257.99159361,192.7321690864392,16:07:07,-1
11693288.739453848,178.01747229753252,15:40:11,-1
31846658.628066503,187.59067539838023,16:10:54,-1
66202242.893570535,141.42924785151286,16:11:09,-1
66556689.39260399,247.6015469161036,15:56:19,-1
76469108.24417973,33.77338183947527,16:01:55,-1
81400702.26681367,283.4141257784938,15:46:23,-1
33193510.25875368,75.32112962288463,15:38:31,-1
7922388.710643695,275.0153811870173,15:40:27,-1
1358444.0379577284,88.78749230798374,15:46:20,-1
26720131.244717333,293.39625603098915,15:32:59,-1
78992864.70715201,146.08856234484284,15:30:15,-1
68063855.45644338,93.16468533347376,15:43:51,-1
46845272.243908525,179.93524443943446,16:22:36,-1
51670202.45188689,5.915269868239936,15:35:47,-1
36472201.51450938,212.3136048352333,15:35:47,-1
69670011.3983862,269.7847445915477,15:53:15,-1
77599553.29088661,85.49135079017074,15:43:22,-1
50466297.1638736,346.1404281387997,15:49:44,-1
22108418.012162883,107.65539538632324,15:43:22,-1
10878284.203465989,97.06419380506416,16:05:26,-1
19915233.578522813,50.232960363977405,15:44:18,-1
72621153.26992966,107.22341916708568,15:39:11,-1
28913704.76124817,355.3914760682181,16:11:36,-1
36148286.48922409,158.0290939137301,15:42:25,-1
55131400.96468477,13.227422137199678,15:34:59,-1
5784350.3204736,75.67064308322428,15:27:00,-1
53265264.06549706,310.9992844095283,15:32:22,-1
26773815.018396564,336.1732563156991,15:32:22,-1
51311680.60094496,74.1362618213061,16:05:27,-1
12466949.406842427,105.9994397303183,16:11:08,-1
79712691.60630615,300.80790288599337,16:05:57,-1
17085725.830757447,86.28146485071574,15:42:31,-1
56364941.089537926,315.8772273598236,16:18:00,-1
64918794.22206069,346.05632162644207,15:49:18,-1
43658703.935061656,29.83474759927245,15:56:30,-1
35698905.23860206,3.221788919238575,16:21:49,-1
52868114.79677598,182.12590662867987,15:58:50,-1
62838867.30057242,195.9315019848618,15:53:44,-1
27639416.49956576,156.9464268622346,15:30:33,-1
83191208.32408556,29.390877919884325,16:15:50,-1
42229443.098006815,3.1483866866326737,15:29:45,-1
38531797.80658672,87.15146483137919,16:14:55,-1
47633679.313565776,313.71511344214315,15:37:18,-1
82730874.69287843,51.50976683980166,15:57:32,-1
87093147.46191889,219.3331043295978,16:10:23,-1
2351466.8586115027,261.41709721564666,15:40:13,-1
18586631.55546289,304.9618819289107,15:54:33,-1
87818797.96436346,275.8556639430087,16:22:40,-1
11650000.898393927,31.19819040703109,15:55:21,-1
42025955.48445272,28.03774013055243,15:27:29,-1
76036804.55936195,270.3826703940282,15:33:39,-1
51809521.1419631,327.42986107653303,15:42:30,-1
34961452.87688076,55.15807037755894,16:03:46,-1
192239.2187622363,164.19666258625205,15:51:03,-1
15795666.378997812,158.37706070587888,15:26:07,-1
83514553.0155957,339.0029469895598,16:17:53,-1
23453956.159092914,315.28373587307505,16:09:23,-1
76959791.63881749,241.4402653468121,15:30:46,-1
8245276.78361839,238.2754919144344,16:11:18,-1
14668892.059451688,131.30617849691222,16:22:54,-1
33332676.024243303,206.21337189322983,15:42:34,-1
26944996.64576125,121.40069462970068,16:09:50,-1
21829476.694932003,70.84998676088284,16:10:32,-1
67189806.45615,138.95392651784715,15:28:45,-1
59830994.33087422,14.253974426968284,16:03:58,-1
68027475.19539666,73.9966096259962,15:30:07,-1
25279702.040806063,276.1711941841804,15:43:08,-1
54907616.21871569,340.59393624836383,15:53:38,-1
59333071.22563015,111.9891246234982,16:14:14,-1
21287298.83182825,259.08133917190264,16:08:23,-1
21134683.03305093,324.36439148103955,16:21:41,-1
74795259.80966361,130.85594961007754,15:35:30,-1
33782698.109467685,24.657722901109917,15:40:34,-1
49688941.14580771,223.2816388152329,16:08:34,-1
14125788.04122514,119.5140046642196,16:12:07,-1
27829612.05706053,106.94378973363374,16:09:41,-1
16484431.835494127,271.43606470528704,15:33:27,-1
35823180.70344809,18.883980505734968,15:32:10,-1
4657100.659190719,23.307576667762632,15:53:39,-1
51300530.83346031,256.89524945561146,15:48:14,-1
81746966.88096014,298.0375326356224,16:18:56,-1
36337455.87771857,334.2707442839615,16:02:40,-1
19378238.88704703,114.98952586792063,16:12:02,-1
27486783.424407165,82.3062455208329,15:30:56,-1
16705876.331459232,329.5632351401525,16:15:38,-1
42792574.12843587,324.96407878505863,16:03:27,-1
72418046.45137665,230.4830907920604,16:21:56,-1
9058870.401056554,224.04969833220585,16:02:29,-1
30627677.804626785,281.1416061045785,16:09:24,-1
28580614.810264666,153.2265535253601,16:02:41,-1
7222387.516945069,235.81311020051345,15:40:41,-1
27181588.315513823,70.39859337379326,15:37:55,-1
8552529.01702349,220.7869344896364,15:27:11,-1
43452115.78893667,226.98837138721208,15:45:51,-1
35861889.59178982,224.54383973983823,16:03:38,-1
77554621.20384032,209.20619103216487,16:20:12,-1
75100269.86999387,121.78605295194846,15:29:58,-1
39451600.3691551,127.00962069264703,15:59:27,-1
65005821.26354637,190.1157954701116,15:38:09,-1
45690557.15229242,291.3456336978988,15:25:33,-1
22846577.306631576,119.43841774479728,15:59:26,-1
349325.88983970694,73.0067170241011,16:15:26,-1
85042491.85313417,32.07676113415469,16:04:55,-1
32923137.202226736,162.9984778511036,15:54:03,-1
56823868.52955067,104.95331481217058,15:44:04,-1
32557930.035962723,48.6585689359903,16:19:06,-1
61798753.87827247,29.705030683033478,15:42:20,-1
14899491.852336206,228.0734281579932,15:38:39,-1
46971055.42628073,236.6738475139205,15:39:59,-1
22152904.24219399,11.80039827497081,16:02:19,-1
42018768.07914961,206.80752331258955,15:55:50,-1
31730136.56773757,94.5452882805806,15:39:55,-1
40578405.45461003,23.51158622509765,16:18:36,-1
75326728.01837224,79.14690564819483,16:22:00,-1
13241394.652968898,206.75171682179496,16:06:39,-1
48188473.613744885,232.8640379475469,16:11:25,-1
84583598.67709965,228.3949664367542,15:39:48,-1
30540763.09509525,217.3839205153729,15:52:10,-1
83053094.42532311,293.1178747739854,15:38:58,-1
8478698.43277255,15.557861787222503,15:54:25,-1
16452058.691413654,209.5862303908021,16:23:30,-1
67475510.18335389,205.74257661352797,15:45:44,-1
77541093.70030525,75.18809674592927,16:17:26,-1
78287676.90435497,165.1385938000931,16:20:27,-1
43518053.5987429,353.18624447136006,15:29:43,-1
30211634.34733925,333.25247302487776,16:13:26,-1
54910325.53780494,69.93366616440092,15:27:56,-1
47993921.317202695,251.8079346172795,15:47:11,-1
20384189.337150585,230.1251840305737,16:23:56,-1
48534605.111616686,310.45103456351274,16:23:45,-1
68810689.33331122,230.69496608034223,16:24:00,-1
51061379.972324006,148.64176417914584,15:45:36,-1
73517108.54056929,223.22246252772152,15:42:11,-1
16651857.297158422,93.24354862075214,15:43:52,-1
18956299.16534131,315.20465492187026,15:30:37,-1
62218564.48834874,226.2528759335849,16:20:14,-1
21682113.1241519,95.3138056983508,15:54:56,-1
48133010.591240406,102.33111438560124,15:38:41,-1
12791233.79120355,232.34753908401493,15:33:12,-1
8351374.128195691,115.37420271366362,15:35:35,-1
74394929.33096151,50.67520135111775,16:12:12,-1
11203752.366658716,283.09463287334347,16:18:56,-1
88547004.49156554,309.92875897110844,15:55:18,-1
30327741.66329621,349.2154758801375,15:43:18,-1
32908136.444398567,246.61413359641327,15:59:39,-1
18289801.140022986,130.4423179247005,16:13:54,-1
83896527.20404676,270.82729701063613,15:56:29,-1
51553603.90736582,149.82810141931694,15:55:09,-1
87656208.02360034,13.04952077210979,15:26:41,-1
66762682.283553824,125.69128013544332,16:23:58,-1
55712930.02193465,4.121683648210901,16:12:23,-1
41033552.30148918,71.10921237063518,15:49:42,-1
40091701.16295724,46.7734719403107,16:16:45,-1
7156469.153626213,250.49747810739964,15:34:28,-1
78263034.44937754,137.86350460462762,15:35:29,-1
27994216.90420139,159.7473738128771,15:42:52,-1
25067485.11499046,144.06293402772835,16:15:50,-1
45447455.91658228,162.2885404234967,15:48:40,-1
59657664.85009665,127.43020869226596,15:45:53,-1
15671739.969718138,38.37704352679039,15:55:16,-1
11758345.93653543,36.78614573873698,15:59:17,-1
57215660.58849937,0.1071426878230186,15:58:49,-1
14902640.32657292,314.586711271746,15:50:06,-1
28929318.76889133,91.9214374541523,16:14:36,-1
34195880.94787209,88.12363213636863,16:03:14,-1
62016254.41172755,329.8877320923076,16:13:47,-1
11758097.238657992,305.8785502234406,15:49:06,-1
26053737.18472576,177.16495529286303,15:52:22,-1
5618224.313224527,308.6116161589771,15:43:02,-1
31822887.208959747,0.3806230805627164,16:13:27,-1
48563815.14231362,346.2716375766488,15:33:52,-1
4502855.843777719,202.7362108215908,15:45:38,-1
3996833.171620352,155.40579250472518,15:32:15,-1
86375910.91832648,255.78862264399356,15:27:58,-1
76628072.88805489,319.6396380504925,16:04:20,-1
72968414.90859061,269.1679879288179,16:07:08,-1
57559528.17804589,230.71924387970952,16:13:28,-1
31522015.131314658,313.6414247066001,15:47:13,-1
33592242.91516492,209.4616513814352,15:51:47,-1
79825431.67234541,26.965241696467515,15:27:05,-1
40621164.72244727,187.9527604385304,16:10:43,-1
27625615.365872014,124.21595909862016,15:30:52,-1
35192828.131525345,170.97081904109146,16:16:55,-1
62492321.54239325,341.2531943532474,15:57:18,-1
78784894.39940543,35.59498854181682,16:02:43,-1
29632100.53174889,64.40687407427839,15:40:45,-1
72116671.34570727,284.0174883325154,15:43:52,-1
60160669.7446948,52.12332371370938,16:22:37,-1
4001478.486734977,80.43242421019775,15:54:20,-1
50755780.6708466,51.7800271200792,16:20:13,-1
71250735.45660168,75.7667254128621,16:17:33,-1
48030930.550391726,51.604981632772926,15:49:18,-1
77413872.81719355,137.8557998698044,15:44:02,-1
270968.5881836366,193.80413459260728,16:05:38,-1
63341347.84727796,65.58614598846029,15:43:30,-1
88036756.08796227,150.6070525388563,16:05:00,-1
82072386.13177513,105.25830363622708,15:36:10,-1
8823012.865347687,268.3173392725222,15:50:04,-1
48109007.56375066,204.3541521990813,15:46:35,-1
38120779.00278564,281.4973025768301,15:53:24,-1
79284343.62214679,207.0583794976793,16:03:56,-1
32838573.16677517,133.56826310612863,15:30:41,-1
29645068.672573432,39.6836258518847,16:21:52,-1
29606516.13402811,251.33023803609305,16:13:47,-1
3785661.902564845,276.0470634234502,15:29:17,-1
68640621.01791705,104.29980933853282,15:29:26,-1
57331634.1577242,202.4599394240498,16:15:01,-1
68027569.88714111,38.26710457766974,16:19:56,-1
38032611.22961122,61.24858712208028,15:53:12,-1
89721793.97935562,76.60883961439085,16:23:56,-1
63010760.48212705,290.1303437182508,16:03:20,-1
27468197.256312743,299.6754077577309,16:15:54,-1
57403201.247241154,184.57387979863455,15:28:53,-1
89041256.36287583,319.5984709776041,15:55:47,-1
48288632.513637856,108.00351382655414,15:30:14,-1
88153313.69246206,175.13150470326434,16:17:55,-1
66269663.46089017,179.37082448304338,15:36:01,-1
342817.37796708226,296.88723201144734,15:52:59,-1
74901979.45259307,254.1829312644546,16:17:50,-1
69834101.5960298,302.25386172401994,15:46:23,-1
81738905.60875127,351.8174865397125,15:48:15,-1
36376329.8003578,322.8477393813221,16:08:14,-1
12253968.672503002,97.8884608751552,15:45:27,-1
6735520.694949498,123.55945746283324,16:24:43,-1
38653066.52674819,215.5467317861456,15:44:38,-1
55101438.19960156,147.25653270737973,15:49:44,-1
43441824.625835314,54.69753548910676,16:01:19,-1
59062987.957066,50.804936353683885,15:31:21,-1
54408585.187676966,244.1345214663627,16:00:49,-1
28070140.37177765,23.781896040516862,16:12:51,-1
49981469.55968672,23.171376219837324,16:18:49,-1
10531552.074366646,155.8407250508389,16:00:06,-1
60433863.710438855,341.7624832756744,15:53:48,-1
28158511.214436445,178.3391128333448,15:34:39,-1
46324091.682873,97.75349815535267,15:32:18,-1
38345535.62075525,184.1355349537819,15:40:41,-1
18811173.70115352,35.04509160539168,15:53:03,-1
89965145.01368661,94.4297023570297,15:34:13,-1
24656343.86325638,274.2537080244107,15:44:21,-1
42055770.10899226,235.8836873324904,15:49:03,-1
13715882.467366949,13.280903561668556,15:30:38,-1
49313334.7936241,219.5958903854349,16:21:50,-1
7060491.672472551,235.73088346955117,16:15:45,-1
15547133.158066643,89.27528212721472,15:57:28,-1
37566341.78826877,63.349681687825694,15:40:02,-1
8639816.594600435,35.62224226556864,16:18:16,-1
536845.6542884043,192.2996928165797,16:12:49,-1
79735078.39076723,334.9043491766531,16:05:27,-1
50332813.33974,284.8140381990029,15:26:51,-1
58777457.83473393,66.58029280895968,15:58:14,-1
71840674.23319733,98.52804829693176,15:29:16,-1
57500139.002059065,346.44145132344505,15:32:34,-1
60970595.916435406,261.92785638159427,15:46:07,-1
88134865.01550798,116.64868157910448,15:34:57,-1
83688937.03674753,8.46211823754144,15:52:01,-1
54214568.2259253,57.77828294419745,16:20:32,-1
49653421.4066008,166.02702160657827,15:27:19,-1
55897737.78070354,178.11676464637202,16:01:07,-1
72019161.40481645,127.29388117222658,15:52:04,-1
11218383.688625142,249.72412866656583,15:53:07,-1
61549168.18606459,30.70201809220383,15:58:38,-1
7923471.527598904,227.38047730028077,16:01:43,-1
61962482.75776623,126.24692836413575,16:04:12,-1
73216118.5045446,313.5384084494836,15:45:33,-1
87282764.6301682,128.19763484803207,16:24:30,-1
24850969.6673595,16.60312258674609,16:13:04,-1
81744643.01132709,194.08341045124573,15:33:46,-1
70497515.75959976,262.9155652287544,15:46:09,-1
38349293.3226641,214.5351168176383,15:44:48,-1
83922492.02703193,111.78844674290588,15:55:35,-1
77288971.52056006,154.5562540373269,15:35:56,-1
38595379.11442557,36.34144314464493,16:12:07,-1
33252266.1850674,276.0604393648884,15:27:13,-1
70012505.57347052,39.61797824131642,15:48:24,-1
66315266.897159405,174.76057160277307,15:25:47,-1
79555900.17535387,254.12655752241488,16:06:01,-1
30490946.261884056,41.93052958776739,15:56:27,-1
5280072.767049237,160.48388735550952,15:34:50,-1
57244855.76433073,112.61403694573602,16:10:46,-1
50692247.637968086,20.059205028231787,16:21:46,-1
60455975.02612048,122.30184360600272,16:12:01,-1
33863944.76696585,30.83640578270781,15:29:16,-1
57892872.31482097,230.9130158717772,16:04:33,-1
37742706.53712611,141.30409812286126,15:49:04,-1
37323533.52077893,159.1801923737721,15:42:48,-1
14461131.465149188,24.902072367533115,16:11:16,-1
58328852.582666695,121.0462613417944,15:54:30,-1
27984683.813742854,199.6772177248353,15:33:51,-1
2565113.170934443,213.76522852724648,15:25:35,-1
76291679.96887313,5.321052557808552,16:09:17,-1
45070485.37878435,21.0598479449106,16:08:32,-1
65990579.1780885,329.4904247402101,15:53:41,-1
78857463.62083662,36.17750528278117,15:25:33,-1
54047653.59780783,181.24591213603975,15:31:02,-1
22327286.85234428,53.904416873456974,15:32:46,-1
48592520.124948986,3.20192965919857,15:29:11,-1
52598592.01861051,348.3670330048412,16:08:40,-1
88636151.49068353,296.6271328165713,15:32:25,-1
81810235.75984964,115.20287028294722,16:14:06,-1
87270271.44809264,78.37435885379973,16:17:20,-1
54939940.59691475,152.96804909053705,16:04:39,-1
71104470.82585445,313.7802424199558,15:39:49,-1
25480842.01354521,62.67628905069623,15:57:06,-1
30911303.373390198,238.00483459903043,15:49:04,-1
2652502.671039781,76.40271865218072,15:29:15,-1
28117452.194296047,206.78752456934853,15:47:28,-1
33319612.27581291,150.32957353567872,15:54:48,-1
35960474.69769882,33.90059158833674,16:07:19,-1
85386330.42913525,40.887792580865295,16:23:39,-1
68977795.16824326,108.78027870481188,16:01:06,-1
50680016.3657956,343.64652190616056,15:39:30,-1
70137967.09711465,357.4976788798795,16:21:37,-1
33268001.15744769,152.68143043391836,15:48:28,-1
72352685.31214893,173.17023551584947,16:04:19,-1
83533153.12777154,325.69586262732696,15:48:44,-1
40525215.45688921,176.6120175354502,15:52:51,-1
12642369.003970431,322.7783367350151,16:23:09,-1
71898150.57567662,274.63006315119145,15:54:35,-1
1159753.1679619206,139.14975911599694,16:03:10,-1
34910874.04536193,118.06895564149193,15:26:46,-1
82500923.5209023,82.87234458927925,15:32:39,-1
26468523.625719503,228.72160885364147,15:56:33,-1
9300865.551399698,70.81988055725056,15:30:50,-1
87870412.06139147,188.5847982656152,16:05:00,-1
14982096.503977863,242.26593802752848,15:54:49,-1
5047802.329996661,118.4293075761634,15:43:23,-1
75577834.51160288,17.62129042992564,16:14:18,-1
41642709.91612093,209.49658237795816,15:46:41,-1
71156156.98615941,3.932509216991953,15:47:07,-1
776815.1001803542,201.0611156972877,16:22:59,-1
30216572.30894769,337.0071926302354,16:13:19,-1
65092205.11078109,359.8174465906649,16:11:56,-1
3145009.100851462,196.39810923452015,16:14:04,-1
40082317.58880819,12.917138700183347,15:28:52,-1
49952582.59053839,317.7040567421104,15:48:28,-1
53404147.90068269,61.68923246715502,15:55:47,-1
15807607.76679633,164.84968615962714,15:57:25,-1
79535732.28214769,303.1882519458852,15:54:05,-1
34948121.3447387,285.627442201144,15:52:34,-1
15532402.652220145,336.500334198446,16:09:30,-1
47059256.27846599,300.0539252725085,15:56:42,-1
46699014.21351918,308.1874343432986,16:18:51,-1
7602847.896332783,240.48440619579247,16:14:25,-1
85805071.38625665,51.84758209591229,15:45:22,-1
19552371.51497532,277.31507906909985,16:04:13,-1
83139610.66912042,193.5346101342011,16:09:45,-1
89107744.10891329,352.48063391519025,15:55:57,-1
44288336.22573319,319.9887104471666,16:16:20,-1
32304938.71140493,227.2931985956552,15:43:49,-1
52806815.4092741,331.0474720552498,15:33:57,-1
19203927.3206886,355.7628648201592,16:24:33,-1
8819634.996205553,353.8618798946817,16:08:42,-1
25509268.43042534,27.124788582753013,15:37:55,-1
11809188.414109092,83.59166431546838,16:24:18,-1
50538853.46543488,289.408375510845,16:23:36,-1
84483300.36137636,59.48654107539946,15:33:30,-1
7202460.571810013,301.0388170966603,16:10:31,-1
73479486.20115837,117.37061608809611,16:22:32,-1
15044470.12025861,252.7977664278365,15:46:39,-1
2770799.2144599766,242.5794234931483,15:32:18,-1
53466782.12606224,306.063631304253,15:45:41,-1
14226936.759703033,36.49121531898177,16:22:35,-1
50214682.820356965,233.81194488009203,16:24:12,-1
40422156.69344358,246.8678991375692,15:29:34,-1
17810028.23827007,19.59979786178542,15:56:24,-1
52320553.41158801,334.0852554062792,15:37:47,-1
85352503.38306032,269.0425956500916,16:03:01,-1
14784933.74275901,339.21574162328113,15:27:00,-1
5814907.55996599,86.58630083017226,15:27:52,-1
36533426.28460028,66.7878278388721,16:21:42,-1
35444115.035817735,321.2657792695553,15:45:41,-1
77953490.41263597,11.06984605311386,16:14:12,-1
44191393.04395179,108.94684359530068,15:51:18,-1
45030313.24926716,316.9224898191432,16:10:30,-1
18906556.072920315,289.3971692509518,16:15:28,-1
47199454.7257031,288.5064739642069,16:05:40,-1
206926.3171731151,184.16872631328303,16:15:20,-1
62796445.53434616,199.40630232135905,16:20:53,-1
12111382.039352247,265.4177417515291,15:32:38,-1
37208704.24011309,13.44348596847436,15:40:31,-1
88801407.20795703,217.11925606425248,15:57:05,-1
67787271.63312918,350.99302127441683,16:18:47,-1
5082687.506443513,58.6159264116901,15:37:13,-1
10195440.317173216,54.56419994394567,15:59:59,-1
77798326.88414347,292.62590526205355,16:04:25,-1
5296341.145471154,218.69506236184984,15:43:19,-1
33664335.68189323,90.86630227990942,16:24:15,-1
60589258.51563637,172.80181121428402,15:54:47,-1
70794343.49730529,123.1711944720571,16:07:38,-1
1314038.996406515,16.23076464920213,15:48:07,-1
49920317.45027109,13.94732488664487,15:41:21,-1
35623017.42243999,77.00903558387787,16:22:44,-1
38055288.92249557,237.09317543522292,15:47:24,-1
74521011.36800812,140.63120149221203,16:21:06,-1
22626407.300143044,290.4928699378276,15:50:43,-1
61244730.38354669,162.10830059462126,16:23:30,-1
77205404.94141059,329.3154076235902,16:14:38,-1
43525552.7764716,66.43781738129144,15:43:22,-1
81863404.75295511,253.0330006240887,15:50:16,-1
38047941.40224356,259.31429403661497,15:37:21,-1
61193851.87372676,52.19061425375252,15:51:12,-1
7774274.820683049,298.1919372745031,15:43:45,-1
34855149.61468687,6.040458714929682,15:47:02,-1
72857880.29894075,240.37120099395725,15:39:46,-1
41676725.05190074,217.36871033258444,15:32:01,-1
72525779.72664765,71.08918244466255,15:42:52,-1
48132783.70705953,344.1887989868739,16:15:28,-1
21218689.74290185,203.4530148225901,16:22:15,-1
4811937.698853873,259.71028513008656,15:56:48,-1
77483145.20976892,269.4282022444036,15:54:07,-1
33113408.97447019,167.54129407596608,16:19:06,-1
32842857.96750613,308.32861721357324,15:36:50,-1
72527115.79579745,354.14095518711764,16:12:21,-1
2313094.635306594,196.93552141029,15:39:26,-1
26485274.49351533,112.6851350690058,16:14:56,-1
23576981.07437893,13.316158942381442,15:25:50,-1
47333651.0290185,214.03303848128223,16:23:11,-1
75518424.17713496,206.4831089366871,16:11:55,-1
44614146.33016447,14.631476666043884,15:57:17,-1
87456547.35646437,289.0521524185031,15:36:44,-1
82266395.30455604,231.89347499155195,15:52:43,-1
71067328.51785885,166.76901813735256,16:22:09,-1
36669421.22653821,41.66794494051182,15:59:02,-1
86071728.98336723,303.0664943253786,16:23:48,-1
30531094.44656914,86.89359027031517,15:48:13,-1
46141093.23608902,186.26912552800852,15:44:13,-1
31291991.347901445,229.948575976096,16:05:29,-1
62649153.51272577,29.11411125756832,15:26:54,-1
84498411.32568446,296.3345276800972,16:25:09,-1
13005905.901330872,4.320051594102914,16:24:09,-1
85764410.57325768,79.84167438391886,16:06:55,-1
79532118.91163853,317.6454906615685,15:41:59,-1
296685.44194476045,190.3775249811582,16:10:07,-1
34806659.37210338,288.294446701554,15:33:46,-1
34784578.714873835,197.4511332567758,15:49:23,-1
87392258.23794758,228.94186900082525,16:01:44,-1
78940754.63067678,287.7780194352773,15:46:00,-1
75283080.64644948,32.43067800409557,15:33:13,-1
30279806.87400224,130.795683797368,16:10:13,-1
36221574.8393286,173.09039443415406,15:29:31,-1
40774606.42094333,43.91610800632694,15:51:50,-1
59992124.52760841,291.5224612051793,16:17:16,-1
33478844.565196726,256.55663068682645,16:11:29,-1
15003708.867970876,248.6852023530656,15:32:54,-1
38748310.70106013,158.63498957045414,15:55:30,-1
69629281.3615591,184.35776301807005,15:26:12,-1
49763804.41740259,84.832918095975,15:59:11,-1
70822827.9814608,110.23882984034684,15:34:03,-1
66311377.37453719,303.73638887822057,16:01:02,-1
49232011.3554854,274.4691489244988,15:37:49,-1
35073921.66288811,59.37218691417661,15:41:16,-1
52872413.60354895,321.07903203401247,16:25:29,-1
74228408.47510155,103.49375187733068,15:41:07,-1
76263254.85431708,85.25791365628805,15:52:13,-1
81262127.3548539,159.64682042802434,15:38:48,-1
26921325.130604,132.58608690992818,15:27:03,-1
12946088.056505756,114.74718100549237,15:44:58,-1
21537457.213378467,165.04942307050058,16:08:23,-1
31864404.33641844,119.55080320063334,15:47:35,-1
11372772.389115684,203.3431273924154,16:04:50,-1
34506623.71195538,272.22856845625654,16:10:58,-1
15163642.244729212,84.93961947646298,16:08:01,-1
30435181.58318372,143.4602008670339,15:43:42,-1
23656473.124843538,94.86074740324035,15:34:13,-1
73061643.65908,51.10103619595032,16:23:20,-1
29941696.22170906,326.20926410670154,16:23:12,-1
50782869.00514176,147.27463939036565,15:51:02,-1
57963214.74024838,335.24603338807293,15:59:54,-1
11743833.671361985,14.497847945013053,16:22:24,-1
67110436.015953,27.28356382749361,16:03:54,-1
33649503.29831686,45.73456556675356,15:58:16,-1
35646592.233032115,112.81750356416627,15:46:42,-1
41866609.08770669,54.15607531269415,16:19:59,-1
82915529.19979358,176.65562126542716,15:44:34,-1
4691614.183567673,100.81613784447048,15:36:42,-1
61738956.96522056,30.655905480036655,15:42:16,-1
19666453.107810657,246.03078732912024,15:31:32,-1
44368386.67651552,222.46974652539575,15:38:07,-1
36017966.20329561,292.0239967834858,15:27:16,-1
12423759.197483703,79.59684437225074,15:57:16,-1
43502732.29554545,352.4728793302699,15:26:40,-1
2380517.4987804377,8.102327480899717,16:18:00,-1
67525925.46246354,65.34228585456363,15:42:21,-1
66228545.5922735,231.75122190362185,16:04:49,-1
61192204.79520308,60.10093645216106,15:54:24,-1
87735031.29597278,95.58942813599192,16:11:47,-1
8550130.870052893,231.8604349016053,16:05:51,-1
75219189.6321872,208.5886448554145,16:13:49,-1
47638648.81720614,100.7098956524758,16:13:28,-1
87544423.51543126,165.34537566859322,15:55:41,-1
34539242.774212226,85.93875704191305,15:49:21,-1
22415333.458208814,334.3988886963435,16:12:11,-1
1874924.6946054604,322.9889998318664,16:09:36,-1
47950983.42437626,229.48560597348887,16:12:51,-1
42692525.92917091,79.91552958924521,15:55:56,-1
48132642.61038943,137.24967039327177,15:36:12,-1
48948570.85044648,350.91786194836004,16:21:36,-1
80091807.6379502,330.30745756895107,15:46:44,-1
52023279.06812037,331.658106916102,16:08:35,-1
30081409.692354724,212.4957131478385,16:13:08,-1
35275434.91132028,227.4435683998135,15:25:36,-1
74641395.05860439,333.1750157005097,15:46:11,-1
18479718.994245887,29.417739254583537,15:52:11,-1
36661292.77057311,294.3261212292627,15:58:28,-1
43015536.64430152,149.26248487200698,15:48:42,-1
64874020.98227581,186.88316400753635,15:36:43,-1
13426918.19373366,132.6277898458253,16:02:06,-1
73297546.68567452,162.84517559851594,15:35:38,-1
68462754.77731748,226.52929388858965,15:32:53,-1
31384836.799913965,202.2188074797357,16:09:26,-1
23346165.581433207,146.25939153165288,16:04:28,-1
45570007.68003622,39.38184709917876,15:52:29,-1
50259398.02830946,345.26980876229914,16:01:46,-1
1896744.907885003,205.14523776500425,16:05:58,-1
43502920.89823604,110.16367465324429,15:55:15,-1
280744.3530858258,351.53554003854043,16:19:41,-1
35203828.8177911,200.14933578631533,15:34:06,-1
25816575.635899525,125.98615419630434,15:38:37,-1
27375147.488002174,45.97670311777472,15:29:02,-1
46688967.93600308,143.6204284821396,15:34:26,-1
77347886.94228622,159.46103760157928,15:27:32,-1
65194486.95576985,127.77785424045682,15:25:50,-1
24329952.706235927,169.54752487106128,15:46:13,-1
2032572.2496808604,10.374791939744238,16:21:12,-1
32870741.194180813,82.22684588969456,15:47:27,-1
82965893.36059004,138.4356133518347,15:56:16,-1
48097861.10217062,136.8315608871382,15:51:42,-1
75924144.68100336,345.65741328721714,16:24:01,-1
2671372.258588808,219.7806157775077,15:55:49,-1
86236321.20551653,117.24259816613052,15:48:10,-1
8439306.37859698,283.9115832761968,15:57:25,-1
10329740.146287208,346.02887198565537,16:21:36,-1
40270767.52882635,223.14576095692263,15:47:16,-1
15394625.289538104,245.8341590418185,16:12:19,-1
12934601.09326189,301.88458507160425,15:38:12,-1
40949090.064266354,341.7684732346273,16:16:48,-1
33460417.80452983,105.01400055774086,15:33:55,-1
60521262.16184717,76.55494725309933,16:23:56,-1
83321039.2846889,22.922366573897083,16:11:55,-1
50311247.521259904,131.08527658059933,16:08:12,-1
61535215.56647607,148.90996464951863,15:59:19,-1
44921341.92694371,144.40347845607414,15:35:06,-1
40505998.8666072,17.857958692341033,16:19:47,-1
87958910.91735531,93.45338912796052,16:22:26,-1
60152581.91726332,260.2194508540572,16:11:24,-1
16783253.07116447,183.64752687788905,15:40:19,-1
18868049.280037843,250.9283439789952,16:03:39,-1
54612955.2429035,156.75984382582496,15:48:41,-1
49824585.88068062,89.85858237805265,15:51:24,-1
69748635.13825877,80.27648857757532,16:19:49,-1
61161371.875111856,175.74242186736868,15:52:22,-1
47281932.03756405,189.42329238085983,15:34:08,-1
63984710.09926658,277.355578782908,16:19:57,-1
36717303.86996051,38.70410655641341,16:15:46,-1
53088028.27069521,356.549500809024,16:02:18,-1
41296900.82920575,330.068512074768,16:09:15,-1
73397139.70200467,97.83036822354136,15:44:36,-1
80374717.06639853,73.46673995301933,16:11:15,-1
463887.66170194617,209.563245140996,15:29:36,-1
9641203.722586742,167.59831527395096,16:05:55,-1
70688951.52880147,76.34274307793648,15:49:48,-1
60499179.99218015,325.59042328718806,15:44:37,-1
81308657.58257726,290.658811726404,15:42:05,-1
55445446.58224816,57.15373245239154,16:15:16,-1
18308548.36265812,105.10551544707882,15:48:21,-1
31175116.485060424,201.25754460543948,16:24:37,-1
21669362.58555689,344.09171711173326,16:06:35,-1
73496003.5378837,276.4970299265567,15:45:41,-1
29097568.83467391,220.84226213888687,15:52:39,-1
53493235.81584612,26.320983161189663,15:58:22,-1
67568071.10308401,145.23293635408575,16:08:19,-1
28750498.39637848,105.51671481789523,16:14:52,-1
57521537.461572975,327.1470851028494,15:55:14,-1
76273922.6662713,14.747499173636074,15:57:35,-1
67849830.56570552,118.92182558136552,15:41:15,-1
77546284.83504891,206.38803672602305,16:10:34,-1
21268934.78814953,312.3959419069207,15:49:24,-1
41309764.85675102,75.52379275677447,16:14:05,-1
88607636.58024679,177.27407047496024,16:21:32,-1
6378014.310937936,139.72180487515683,16:15:29,-1
14860910.792111222,164.15031948584553,16:22:28,-1
50493696.014962606,32.37437998889804,15:35:51,-1
10308886.54439043,112.68442235124742,15:52:22,-1
5574246.390015729,155.18223491665108,16:09:51,-1
30099319.738800198,192.42783312951636,15:56:54,-1
31905052.53166282,5.167079522282476,16:18:51,-1
44597413.90418732,16.626612437802,16:01:39,-1
53205872.61930319,209.40307962368263,16:15:43,-1
10673977.430312272,182.6390976608619,15:48:58,-1
34620183.3678202,54.298333175103664,16:02:53,-1
56379276.04159644,274.6373269792098,15:51:46,-1
28600818.44900983,273.94638791510937,16:24:13,-1
51065102.63277017,84.29490698841168,15:52:04,-1
50761942.34963439,350.4826192355551,15:46:14,-1
66069376.498880416,107.720154022374,16:09:31,-1
68403331.28948478,331.713688588108,15:43:03,-1
36359321.654929966,84.63696025073904,15:31:05,-1
75117913.14607644,24.5222592702821,15:48:27,-1
55545304.27583489,22.80558312570948,16:05:41,-1
67893900.47755784,155.3692504273693,15:51:14,-1
38946405.73403186,138.11359063998756,15:38:24,-1
46597223.57644823,37.849150745030855,16:22:08,-1
68031019.61862174,85.87675102102202,15:45:55,-1
79925791.01716296,76.49841151208533,15:48:55,-1
72550356.0905122,277.65812346971205,15:51:43,-1
44897338.20876557,41.648976906991166,15:44:37,-1
42273608.635411374,52.27795309758784,16:11:52,-1
24571530.68901217,353.16337364368854,15:37:01,-1
41842837.93415327,345.80936025400433,16:08:22,-1
83614518.78571995,61.39477186561543,16:23:30,-1
47334674.29859328,154.30043475685542,15:45:47,-1
17164734.955935635,24.222850950452912,16:12:11,-1
47484620.585553735,263.5109734594235,15:29:19,-1
35905938.957766674,238.7154601676824,15:46:25,-1
8481826.137046846,296.3129518474684,15:28:07,-1
37472759.044272006,107.82120259955458,15:26:04,-1
60204630.91039669,84.98234804835967,16:14:36,-1
14639236.192787042,339.1441733469838,15:27:48,-1
76553969.74016698,30.26125220506016,16:13:49,-1
39800427.03815756,124.75230688655454,15:53:56,-1
20110726.606407147,334.8367841720759,16:16:22,-1
64951892.67498613,307.08778202847816,16:23:47,-1
61352690.06901322,195.5295203664396,16:18:27,-1
11394661.084858656,327.8384392824355,16:24:55,-1
2760870.73280784,111.68522772725994,15:29:18,-1
39524264.67407128,62.491253993766136,15:38:04,-1
50723044.47896558,0.2725728121759552,15:28:03,-1
53884094.37848121,169.28673581576064,15:50:57,-1
46890602.02085587,113.62018012078444,16:11:08,-1
15103189.006761182,104.48038143078452,15:26:42,-1
83113381.77947499,230.10079512010597,16:12:04,-1
43835628.389592566,155.4068930144145,15:47:31,-1
49947742.96835211,91.8555288946072,15:36:57,-1
28465752.523901515,327.4399917254887,15:50:46,-1
61990000.30368231,141.90314270386787,16:02:45,-1
64517138.51874177,144.62357712150344,15:52:13,-1
22825211.71514469,250.78420684510007,15:26:33,-1
88016111.43681428,186.48074243677803,16:14:13,-1
37714481.87594838,294.52589116341534,15:26:20,-1
5978582.702229646,247.42428926676325,16:07:17,-1
25019260.926388487,87.48703122604687,15:33:33,-1
34777499.03531025,9.76847447874222,15:56:03,-1
19753979.80526268,1.6467818815049329,15:32:33,-1
48466208.20001979,105.18587401165335,16:18:06,-1
19541240.975663416,313.5424623849329,16:11:44,-1
40022070.78563881,49.76715543909893,15:56:53,-1
924529.4822916208,195.7056544984119,15:30:43,-1
7702051.807421319,210.207945542278,16:18:28,-1
14434432.789993176,142.78966858796625,15:31:06,-1
47331892.76464041,50.66512970064445,15:44:02,-1
80045516.86083494,150.4310323016004,16:20:19,-1
17171077.69749097,121.59264933371573,15:47:35,-1
18284321.66351289,23.73114399502717,15:30:37,-1
69241368.91498142,319.078008441414,15:54:05,-1
54122621.82891112,248.20002437578825,15:31:31,-1
23506771.581297427,19.141331550705782,15:30:16,-1
39401811.22719715,73.39641909447606,15:38:24,-1
61721299.44351122,158.7229238142967,15:26:55,-1
74616265.46835743,225.4501074039699,15:30:36,-1
49592023.38803318,338.7374533131525,16:00:43,-1
60896489.69326807,211.67791954431715,15:40:17,-1
72999233.16945018,65.34914001700541,16:10:08,-1
79490903.08730204,356.491634935934,15:54:09,-1
30504777.66704144,281.2607352874674,15:34:02,-1
1333246.724138645,354.1747019570145,15:48:52,-1
48159676.91529421,349.1730606678335,15:29:09,-1
55525360.59292705,30.1030834913771,15:36:12,-1
77464919.28063929,79.30939192761,15:42:01,-1
78123295.7645972,286.5559847943689,16:02:41,-1
5700136.579458089,323.36724147812834,16:00:08,-1
17398672.952996247,303.3456783941233,15:50:48,-1
79834942.86661504,203.05443840849625,16:16:03,-1
59134527.309199214,279.0763577579264,15:30:09,-1
80029094.01675779,48.23128116817645,16:22:46,-1
82952184.1353006,325.45135784912287,16:08:27,-1
14161618.963489477,161.32893316591029,15:43:17,-1
59685199.88033051,82.5159179474829,16:15:52,-1
73509106.13373584,197.71017493669845,15:44:21,-1
22242186.27295016,282.4390094935067,15:26:15,-1
10086781.08849688,282.4881612293501,15:48:37,-1
63290759.36920712,186.03623147734072,15:31:46,-1
18139801.126610786,76.11862391526391,15:41:46,-1
82200098.85583913,232.50079056604469,16:15:54,-1
86158971.22298248,175.995450796056,15:57:46,-1
72470667.28595778,353.5027657571279,15:40:34,-1
38806857.77924148,167.76862770361365,15:38:58,-1
20813759.752771173,131.88357937550498,16:21:36,-1
85966348.46727872,209.08257267917332,15:26:31,-1
24318468.403974418,84.27595172160707,16:18:48,-1
3137993.0055908207,209.9135526120697,15:37:34,-1
43576739.43041004,245.98600736168476,16:02:36,-1
37292469.64584345,162.97321338587568,15:51:45,-1
67269964.54559135,346.33421286627754,15:48:40,-1
87838407.83826967,140.25996504300463,15:38:31,-1
84338950.34183073,232.70314260209364,15:29:21,-1
70954253.8413056,28.86076041194687,15:52:29,-1
5624957.501591753,95.86244217248434,15:26:08,-1
63526455.05087239,270.40985451097384,15:34:27,-1
88939392.63984764,111.66056731555275,16:11:07,-1
42846441.59568896,269.9784583228337,16:04:55,-1
16069543.55031508,265.784654428217,15:46:38,-1
33268126.298978537,340.9942353968031,15:36:43,-1
53360238.10180777,55.59063841088263,15:43:09,-1
31024433.44912628,264.1283655357332,15:39:14,-1
36838277.70194367,191.239000694392,16:14:16,-1
32122178.358576074,197.30151546445947,16:17:51,-1
56166164.449123695,155.9338539578138,15:59:28,-1
12519666.625630112,32.896111641702404,15:32:45,-1
55138748.59415499,334.38796950980213,15:40:08,-1
77133341.37384209,258.9881602578789,15:56:50,-1
29111210.88761746,351.75473721390887,15:28:04,-1
16715637.083218567,264.9330908421299,15:41:23,-1
9035100.98511515,158.4137654258564,16:23:12,-1
23940112.814325515,332.04474301442383,16:00:18,-1
69990913.78213675,259.5330448551585,15:52:28,-1
2872351.827937222,11.39548473951212,16:21:00,-1
62309589.88229968,42.522001653859085,16:05:33,-1
46884928.39068914,154.0697150954414,15:49:08,-1
27028976.47936489,161.72261360130284,16:23:07,-1
47824030.5476229,321.33774261013684,15:36:27,-1
40628220.97623656,134.2086305232303,15:48:58,-1
9708744.293357056,62.89633329086792,15:37:29,-1
71419869.36397958,320.65423079150315,15:57:47,-1
30906291.73077399,213.361150671912,16:11:43,-1
80606683.34740832,0.7091538130143737,15:31:22,-1
12673839.298477592,90.91531794470691,16:24:21,-1
36110848.66737174,339.55077635839064,15:49:57,-1
21293037.887961708,265.7416594055687,15:32:25,-1
77396396.51761864,137.16958550197768,15:36:57,-1
69443486.86478844,12.317471726453135,16:13:19,-1
48292034.05914912,55.56988149938882,15:31:26,-1
17855845.110532466,217.3351870035596,15:36:06,-1
54315249.43160862,283.7492762459375,16:24:42,-1
89980454.97412145,268.11408262660626,16:20:29,-1
88712043.43768555,316.3721068263454,15:40:48,-1
37457730.83777546,44.22022866016637,16:01:55,-1
40605484.79190031,320.02468590898206,15:26:35,-1
81737682.7595442,272.3476914127355,15:57:45,-1
59782020.86269719,14.94401590328307,15:35:30,-1
69322730.97547154,314.4070318403643,15:37:29,-1
39566231.31972712,120.9741562904061,15:58:11,-1
65991418.83662934,108.85167490242338,16:20:08,-1
43724326.66860168,350.3944655498819,16:04:40,-1
2427304.58947284,90.659228335841,15:34:56,-1
15398804.28219306,249.6611438268492,15:49:25,-1
28118513.18366974,301.6959903378855,15:48:09,-1
25934853.989409328,122.15320347280478,15:43:13,-1
55060583.70072357,300.22958758013203,15:30:50,-1
28073032.51963364,193.80207092030207,16:09:19,-1
69371624.23556921,91.3581861131924,16:18:39,-1
13680429.390509885,195.29976088796167,15:26:57,-1
6402210.165039682,90.50184824101292,16:17:38,-1
50485747.52037725,358.4466531357592,16:18:51,-1
45758203.93809002,189.95762736454324,16:24:41,-1
32567717.675853275,97.53420164158042,15:39:32,-1
282346.0524639436,292.08799384357974,16:20:12,-1
89534217.82993038,22.860941822755983,16:00:36,-1
86556405.84950645,326.49596669494167,15:42:41,-1
79373927.05960982,246.91440865682935,15:40:43,-1
12334418.693844374,111.59319436037732,15:40:52,-1
5012560.522195579,316.1411354749441,15:55:29,-1
10261815.091324754,279.45810836406264,15:52:08,-1
19725059.600996766,189.1926872816579,15:58:20,-1
63263500.43617767,23.72246149344647,16:06:10,-1
83811274.8951986,167.70006272026234,15:32:23,-1
52322530.78932788,322.8937325651601,15:59:53,-1
23068118.17661624,349.2951227438943,16:24:45,-1
6190596.14256551,310.9429881575899,15:53:16,-1
1266081.728709831,323.8831100361123,15:45:56,-1
25649508.039823115,46.89732073361798,15:42:09,-1
51849562.67258469,1.6973373901194888,15:38:21,-1
29254541.803976502,249.4839173398944,15:45:10,-1
36126138.54313035,349.16727578410087,16:09:26,-1
79596976.2412831,272.08942439916325,16:00:38,-1
81394910.14229405,256.11337204978,15:52:18,-1
44372810.77735878,291.8464559055247,15:58:01,-1
44697034.79685012,265.1301621927791,16:05:36,-1
71547423.14718121,300.0196972516269,16:18:07,-1
26297997.81838131,176.2790117134164,15:56:29,-1
89949777.9944323,139.2765490689886,15:44:57,-1
58368972.945969015,113.75611697097126,16:01:40,-1
51503025.34630677,23.519651970643075,16:20:40,-1
28241634.147984263,276.8839241239278,15:32:05,-1
17413222.266232986,341.3330098472207,16:23:01,-1
27292009.084599152,79.57464027975222,15:59:51,-1
88137441.72234176,221.9267572939312,16:05:42,-1
40696999.53896529,62.73566845912257,15:26:32,-1
72245971.72359398,22.969930526633146,15:37:33,-1
49011126.45312732,281.0959999329499,15:47:43,-1
86362181.02806205,17.44963457606474,16:22:29,-1
5927290.537933663,321.9536532020935,15:55:28,-1
9319099.773475608,210.57631132191972,15:36:16,-1
62890358.86416483,258.1012916211774,15:40:39,-1
82367368.06752978,307.9786485142259,16:09:29,-1
38343388.33268042,338.7714607434961,16:23:08,-1
48633294.1038468,357.2342689146288,16:03:35,-1
82721992.3436094,308.84138274779684,16:00:49,-1
77890554.58597068,221.1950127240941,15:25:33,-1
54426959.52244084,252.9433990038767,15:25:43,-1
81026910.7811895,17.79077468855003,16:25:21,-1
60645831.44662511,193.72840957548493,15:26:38,-1
33779385.71862291,117.85621183764754,15:49:41,-1
76964682.07522692,277.8062306264831,16:13:26,-1
36188980.1022075,263.45452704052946,16:02:04,-1
5289238.612066921,2.8894783726465567,16:05:14,-1
24859409.37753896,273.4613990041119,15:33:59,-1
58027343.60041636,67.0949866637181,15:53:06,-1
85007606.57977109,221.2921130551665,15:37:08,-1
42012364.06790382,285.07400539180367,15:57:18,-1
8123182.295634723,148.30756459822794,16:17:11,-1
14880894.085700294,53.76491572320329,16:03:08,-1
42539442.15951155,179.12271927400292,15:45:26,-1
2907079.4763723896,299.9845820215,15:41:21,-1
43534352.10978314,118.46237911441716,16:01:59,-1
71790716.48142472,323.0998938857132,15:45:46,-1
61137565.27894024,93.42600200018516,15:51:33,-1
74522932.80481878,61.994996955711606,15:43:57,-1
38567750.83661199,270.9103803592234,16:18:47,-1
35564956.017051905,358.4704940674175,16:19:10,-1
22167954.312171686,356.2595103080137,15:47:17,-1
78099852.46673188,160.84390237885574,15:48:56,-1
81075559.7656724,47.11417539746749,15:47:28,-1
81108218.09841365,284.6199180233869,16:12:30,-1
55259087.65902878,9.5908122597212,16:15:46,-1
41383576.46695253,72.73590815549029,16:11:29,-1
10227324.236212973,123.9565330190672,16:17:04,-1
41737371.20602267,309.5485873725758,15:59:57,-1
62965997.33755013,32.62463543401946,15:29:52,-1
52395794.29809413,275.6853131018959,16:19:17,-1
65848442.37482804,338.01661830098266,16:08:05,-1
61532546.38702726,138.6796309925216,16:00:41,-1
54098006.81065635,130.9712057734219,15:58:21,-1
37292787.02438905,27.70615776729956,16:17:48,-1
21924193.66550238,213.05140231621684,15:55:54,-1
82652718.28884038,250.7678643144472,15:41:09,-1
51143671.43430857,5.078088817019832,15:34:03,-1
19774255.28656908,318.23105055961065,16:07:56,-1
55125649.12642099,137.54249734125122,15:50:20,-1
36163495.98131436,311.16200969400614,15:56:42,-1
86851088.36745647,122.94034508698972,15:47:05,-1
89865912.84807555,129.9582145845811,15:57:31,-1
64297823.62721601,15.723922210949931,16:21:57,-1
13195824.468994388,5.631327969467423,16:25:02,-1
54857184.18954245,329.99484557048623,15:42:09,-1
51470537.50673299,62.77977371920196,16:20:27,-1
38013172.74480938,168.2876918456138,16:05:29,-1
55553946.46129976,282.611430756525,16:08:36,-1
24469734.68446984,302.42313260780423,15:35:47,-1
49592672.15112419,136.30118112616333,15:50:00,-1
20967289.0951111,195.3481629689943,15:53:55,-1
18316.835038278536,319.436267855687,15:40:35,-1
41731238.2660471,153.81583328226228,16:21:13,-1
87990879.17485051,28.788246855541995,16:09:29,-1
16479432.58098268,165.81089401309157,16:19:09,-1
9571524.785243822,259.4250704273276,16:15:45,-1
36179423.21404171,85.86424800529055,15:58:21,-1
88482640.68787526,204.61805300124365,15:54:32,-1
75468055.4901261,99.99182717723312,16:05:00,-1
73947473.4537718,57.810313183519625,15:32:54,-1
5597499.211089514,32.62008391116505,16:13:15,-1
52574304.19200092,332.74649022912274,16:00:58,-1
10120662.513029449,279.5713133145734,16:09:53,-1
18173635.11525857,205.07770601708785,15:45:58,-1
2821663.931580177,214.14675718293117,16:04:34,-1
70664656.74269304,18.760764376183623,16:06:54,-1
80203647.3236196,90.48224499886685,15:56:01,-1
46779305.96223357,151.55047269094842,16:20:17,-1
25743793.359335408,198.29681969806927,16:15:34,-1
51260505.96736726,214.26126546758505,15:49:16,-1
84694707.20363097,128.90531909421733,15:44:23,-1
5791660.436095219,162.33159599938995,15:32:06,-1
12564681.284438102,66.57588213485542,16:25:20,-1
70796449.71038845,99.53154754305449,16:15:24,-1
61872691.51806119,310.0214219188541,15:32:15,-1
44564692.04264636,355.3402240330377,16:05:53,-1
25189678.33468198,95.88458027452651,15:27:24,-1
6755770.068450006,357.52122744424884,15:38:23,-1
46049770.18433453,171.38253959666804,16:19:11,-1
59968549.03224288,169.67856194842508,16:05:49,-1
50435875.33174539,298.3529649243063,16:06:38,-1
17888523.236209936,315.1872864523927,15:56:56,-1
32686892.163414866,267.3941129649401,16:01:51,-1
23049492.822997816,299.2867192344019,15:32:33,-1
39813879.6319084,319.3153185606288,16:11:12,-1
14123250.408938795,286.09606878306107,15:26:09,-1
16253627.195775384,324.3705433687448,15:38:24,-1
2957496.1896218807,175.55653163192002,16:20:53,-1
30183974.517810587,327.0318195424334,16:15:07,-1
50545873.67699064,177.03177253622948,15:55:49,-1
24980892.836663622,149.58244847000438,15:27:07,-1
87080049.50579725,276.39907243989813,15:31:27,-1
88739851.87454449,77.60820726406631,15:28:55,-1
57909859.77065488,252.415824770278,16:21:39,-1
33372492.984517653,159.2498421455421,16:02:28,-1
60353565.88658467,189.87694585684577,15:33:55,-1
58937989.48592078,37.64727469482524,15:50:09,-1
10373501.82622578,261.72841374538154,15:39:45,-1
24010151.85330397,189.4976846964125,15:50:17,-1
62755593.565905534,102.3533780063694,15:27:16,-1
48909567.7324222,206.9320245462681,15:43:33,-1
35422899.43924646,155.96776204057,15:42:36,-1
50854137.7957004,82.30593174203068,15:40:52,-1
72441577.63781221,91.25942480319888,15:53:49,-1
63711050.02488159,199.111164525187,16:04:31,-1
42394207.97548811,124.862718457429,15:53:00,-1
84573644.86916916,157.22433349895712,15:29:21,-1
58397369.31131482,137.38840549248118,16:14:05,-1
82522279.97002564,10.598182319581396,16:04:12,-1
60467791.46400082,335.9158362005545,15:26:33,-1
89225599.88197082,261.426408818988,16:05:33,-1
33207872.472092364,357.78676891570075,15:43:16,-1
45271282.64636935,116.55742616863172,16:01:30,-1
33518238.141886096,348.1748740999194,16:19:00,-1
56194538.320224665,111.83234725544948,15:50:15,-1
62951274.00930582,247.14491600893712,15:56:18,-1
18637186.80795624,79.50184942974698,16:04:06,-1
77723889.8907019,239.20780770072085,16:01:20,-1
39513287.11682817,310.40034206208065,15:44:50,-1
28638682.556200303,44.211698692260434,15:43:58,-1
78978776.96988773,33.0098948777357,15:58:52,-1
19310787.873233523,226.11957869520197,16:02:33,-1
43777036.66320048,41.81192735866831,16:19:44,-1
48918632.14778865,338.6241675402456,15:32:28,-1
75723208.25356865,124.14772224641476,15:29:47,-1
402579.5686296679,173.94835929339996,16:20:39,-1
5990417.607055099,263.58554121240263,15:44:23,-1
80143477.94887553,53.53142929198174,16:10:57,-1
43012840.48570061,172.34718745917635,16:18:38,-1
67150713.9878997,32.48448729124913,16:12:51,-1
86039656.3920184,109.42594440228446,16:15:48,-1
48884692.76183233,55.43182244601432,15:52:33,-1
14391822.838278018,204.7129433113033,16:18:52,-1
40362379.82109951,168.00196260624233,15:53:26,-1
89928835.8006636,211.4108652256512,16:17:27,-1
84128323.220709,234.57783529039224,15:41:43,-1
17325705.685624123,274.24882790393605,15:50:30,-1
82934816.35188565,189.83689739266893,16:04:55,-1
76899455.39381287,6.412362233698956,16:02:05,-1
84564980.48275863,122.21113371294342,16:09:53,-1
6229528.783252268,18.01740525141751,16:00:50,-1
1945559.2659565688,117.43125543136878,16:19:00,-1
48673013.0731286,5.842509533950655,16:21:51,-1
73655741.29249956,203.357839208848,15:30:29,-1
25267753.104693003,61.40055730554392,16:03:53,-1
20629922.533562683,25.963274002439604,16:07:03,-1
45607043.56630975,11.813297986122349,15:26:08,-1
73535827.84340268,229.72191039120452,15:25:44,-1
50937692.30986405,170.99411806599653,15:54:36,-1
21998411.437408064,139.53637243884623,15:55:17,-1
65595969.256139,145.2997240449527,15:37:53,-1
68037894.16079406,110.33923927841236,15:29:44,-1
80703694.41920677,158.79286874875228,15:56:54,-1
63798060.146329656,187.43378829505417,15:55:17,-1
57920282.69155572,91.74532894888142,15:45:33,-1
60738468.2785517,37.59367273646833,15:50:09,-1
30251894.564105656,45.42879210640136,15:33:40,-1
34848653.63289126,6.321808014913222,16:04:27,-1
17029385.741149854,136.45171617416028,15:30:26,-1
74686379.46014541,177.02921164142802,15:29:40,-1
88081638.99035768,216.41565263799416,15:54:30,-1
1048579.1231467882,91.94347477135182,16:07:26,-1
32821373.763404183,184.9737707523008,16:01:51,-1
64126518.86023012,48.898151479423,16:21:54,-1
61443783.176400974,260.54328097238573,15:51:19,-1
82847874.48986447,338.0068920667912,15:53:58,-1
83278947.61376546,248.36700399266329,16:15:39,-1
71425851.21746266,143.8117505580508,16:15:23,-1
80796041.32135366,351.56258720440417,16:04:17,-1
61767889.3703872,26.524894085997666,15:42:08,-1
32883746.570228096,304.7701951973688,16:07:17,-1
60108726.00872535,139.63882714594322,15:57:43,-1
47454988.22026616,353.62298364394286,15:48:52,-1
60739073.49002615,226.01533955804075,15:40:59,-1
28817112.714125708,250.5471455391253,16:07:14,-1
40669076.81526687,70.24951989909843,15:41:26,-1
73018308.2492436,46.38313131093292,16:02:27,-1
15580427.844947811,117.70345896047826,15:30:25,-1
67780429.06117372,231.9147982577276,15:36:27,-1
52697300.97924474,313.8609029998113,16:16:07,-1
8580548.660299502,146.12878557558287,15:54:07,-1
67225817.05806215,324.47618260715006,15:47:37,-1
39159084.01120366,355.1946934873556,15:50:26,-1
26086043.532832637,158.6936567037638,15:33:14,-1
6259832.071541215,90.6432899331649,16:23:40,-1
49092224.35789783,99.64772228851464,15:38:29,-1
38598000.31437258,203.47037211827947,15:53:07,-1
69535845.93925092,183.09610193963275,15:54:05,-1
72527798.84936321,155.22298548964596,15:45:31,-1
54495239.08393329,151.54222867550214,16:01:52,-1
53581208.77838662,143.81286367944014,15:55:59,-1
40490380.311944425,191.24125144201028,15:55:38,-1
69477584.06549186,6.852523245496656,15:47:32,-1
13402058.498131257,336.3828733290497,16:01:24,-1
85266993.67033188,269.3643007633032,16:14:50,-1
55421052.20261729,247.4684665669191,16:06:06,-1
36753357.9459492,258.33587361205,15:49:10,-1
39224319.5945168,104.25255836685264,15:28:08,-1
86234370.19449139,248.6166431616541,16:09:34,-1
73553270.29006441,64.60192215707558,16:10:31,-1
73412088.81227104,121.67512790666018,16:06:21,-1
2911328.576175091,186.97113467313451,16:15:38,-1
69316053.6062958,89.3217929286443,16:01:32,-1
8461620.466274738,176.104814022106,16:03:20,-1
75019133.69773388,288.1513317210666,16:14:37,-1
64460631.93168213,38.12421294891258,15:40:18,-1
56606475.04978063,231.54834659652005,15:41:09,-1
11512487.646581538,51.01782527676538,15:48:22,-1
31172377.40937633,71.3570930148019,16:06:14,-1
60957853.59643605,211.1098230372639,16:16:34,-1
59817998.36013139,227.09350609658765,15:37:47,-1
34014531.66688907,65.20161324514127,15:54:44,-1
77446366.24343957,63.614353454818975,16:06:18,-1
9499253.825916488,358.86277524220867,16:16:22,-1
12845490.470697988,176.8173704019863,16:11:49,-1
10157655.52365298,234.80063629135304,16:16:46,-1
68496860.3010773,44.59149948282278,16:20:24,-1
1338124.9684452745,185.39312329892084,16:03:31,-1
62471083.02252992,245.9873755656204,15:36:27,-1
76795504.3301022,55.62078589083064,15:30:33,-1
21606952.82622252,294.4044380868713,16:13:41,-1
45551297.9677367,64.69598476598641,16:08:11,-1
79345851.67976226,202.76208263611613,15:39:16,-1
13901258.374825053,55.30675813426917,15:52:13,-1
3424540.1862648926,203.49310280699933,16:05:45,-1
63341712.9029918,235.99361982907843,15:47:54,-1
12679799.732556704,1.8649060466612788,15:42:18,-1
89096227.98847254,100.7096789360772,15:50:15,-1
24954136.54056824,67.8747855942977,15:43:25,-1
2803720.3759801355,238.1559141889473,15:44:07,-1
84108496.85276082,129.00058809581236,15:26:20,-1
72805109.46946582,151.6863952468357,16:02:36,-1
36865911.646756686,103.80750416898296,16:14:12,-1
2338078.052059237,199.3097161228632,15:28:09,-1
53000257.191217735,247.9218254557571,15:32:41,-1
72707154.97616391,39.2587895523188,16:20:21,-1
66597848.64829567,42.57343046477423,15:28:00,-1
31443747.619171984,70.07534645075776,15:33:30,-1
75133368.51262678,105.8191674916963,15:28:25,-1
1796276.134294435,78.98764463274374,15:29:17,-1
23272364.032842632,341.7899955522992,16:25:29,-1
82987491.56466125,41.862111797509314,15:47:16,-1
45128611.05768156,328.9897242500799,15:39:25,-1
56316795.62735532,162.83496394464285,15:30:33,-1
56095241.91700112,339.33625418056937,15:27:04,-1
83316692.61365245,160.89938132859058,15:36:20,-1
54317503.516724415,212.46981299865976,15:59:36,-1
11110829.496293088,137.06351323771872,15:53:54,-1
13317292.02065803,43.74946064193256,15:56:01,-1
53212347.37023225,261.128898200842,15:28:35,-1
11615364.70309494,341.82583004172704,16:15:06,-1
27290534.487149723,187.71128355504004,15:42:48,-1
70699593.69968158,236.55552768570516,16:10:18,-1
16863316.55453456,0.7986220412108525,15:54:47,-1
81698750.61003017,133.36200887451457,16:21:42,-1
48325786.01223531,13.128948459235463,16:17:47,-1
77255620.34256883,302.42349760328653,15:58:56,-1
76622077.54106152,55.694472265220085,16:14:08,-1
40880622.50982092,299.13022675270247,16:20:36,-1
56068813.13484128,42.79282225273634,15:41:35,-1
2975002.402605324,217.37153285644985,16:17:13,-1
5798298.76113069,256.3675315769257,15:34:43,-1
61027778.08460055,248.7016151793081,15:51:14,-1
32023773.02552129,252.0449023303934,15:56:15,-1
49650132.29402809,78.79388350834313,16:03:10,-1
84001106.73287155,117.57973211275988,16:20:39,-1
50480265.88108949,125.8970642918203,16:21:40,-1
3293662.15953692,242.4683354265991,15:47:27,-1
44490681.5974255,107.8648069824364,15:45:29,-1
47225112.28156737,309.9851851354488,15:52:33,-1
15869242.434530787,256.75701067225384,16:21:03,-1
38142735.90384313,127.74890331034716,15:25:46,-1
88654918.57393776,160.25374142658,15:42:59,-1
54187987.96704749,63.502613444046986,15:27:00,-1
67854841.16771948,307.1653794559732,15:46:26,-1
51192106.39771922,20.940496107707887,15:51:07,-1
25955874.91146252,253.23619666999,15:50:56,-1
88553683.1976859,246.39180482446525,15:27:45,-1
43350797.47429432,304.758602716184,16:20:28,-1
53967918.62106632,57.83039443185554,15:38:44,-1
83228481.84742364,134.70594630275906,15:40:39,-1
5528896.861208003,234.7588901440282,15:30:38,-1
85757098.65128067,263.01641173187966,15:53:34,-1
2354396.864773635,220.79940232253728,16:13:02,-1
77745496.39301687,219.4287671662733,15:37:43,-1
6064864.215796487,258.8308916502609,15:28:44,-1
71477535.1633898,21.22855536739921,15:32:19,-1
78496244.25072457,131.96635215413812,16:17:43,-1
73612635.45732461,177.30417972092553,15:39:49,-1
87411903.11356615,153.0498928859616,16:06:09,-1
8371852.459346752,261.92280842186847,16:20:04,-1
19786464.69981237,197.853707209248,15:46:47,-1
23765891.408220127,93.49485468613304,15:56:53,-1
2265131.1057731104,251.75015247416485,16:12:28,-1
10395319.636749243,240.42665522484236,16:14:03,-1
57210010.6346495,52.52027028886128,15:58:13,-1
49963410.00334898,322.6867207103241,16:02:47,-1
45008354.967847385,30.087457959965374,15:32:56,-1
4454465.204073814,107.3815207232649,15:47:26,-1
19690488.019637465,233.22974921611683,16:25:11,-1
26053000.334657717,269.04817982556574,15:29:09,-1
58506568.21739822,201.04218731206325,15:49:38,-1
13547602.894278426,300.3287636048209,16:05:35,-1
7554746.463040581,80.83302015145428,16:08:23,-1
57394309.06374016,250.5701282032892,16:02:28,-1
59590104.66113952,250.86706835039905,15:48:15,-1
9341888.635405108,236.9961067747655,16:09:24,-1
366680.9644100562,195.1012344454381,15:37:58,-1
21838395.90493473,57.871793831157234,15:25:39,-1
80454534.03712198,190.1565853158853,15:44:54,-1
43994244.59599631,163.186642054881,16:07:36,-1
88731391.14130233,131.67721641661996,16:13:34,-1
74474472.2813738,20.842550699368,15:53:07,-1
26122347.09588444,331.6167870831451,16:21:44,-1
50070342.26674298,161.2909251685626,15:43:12,-1
46587634.33022759,103.92430751554784,16:22:00,-1
5981724.408245761,271.37167619875714,15:41:49,-1
2507259.167104822,227.8701927363644,16:04:41,-1
11984306.449941186,6.474146042560731,15:33:51,-1
47054604.9591522,193.3663004088328,15:33:23,-1
36212451.400102064,141.2860269434325,15:57:22,-1
5287651.432305511,140.5319608941266,15:55:26,-1
66639601.4065284,85.93218513134802,15:52:15,-1
76057042.18315093,234.7187831601825,15:44:45,-1
47811641.086668216,153.1338590847685,15:35:17,-1
11210367.499732964,276.71197881829784,16:04:07,-1
53384648.00933763,239.61933099213357,16:23:49,-1
37491381.38307048,231.68393846974777,15:54:31,-1
49506156.412845634,45.354007207480855,16:14:28,-1
11525455.635598024,271.91806981498894,15:46:12,-1
65947499.02826556,116.87185876832812,15:56:43,-1
23674104.71841319,35.755989935379134,16:25:27,-1
13802827.732794084,25.707789114030945,15:42:02,-1
38298770.75241953,230.7817708597537,15:33:46,-1
28703526.779481508,179.23445926316032,15:58:14,-1
10326418.976285324,359.64902271118456,15:38:23,-1
32828330.59177941,212.1212985732269,16:23:21,-1
61892062.15221754,61.26598764347984,15:52:17,-1
13048364.571907336,3.0475730078298024,15:51:38,-1
85875338.67010422,126.58593049301366,15:58:02,-1
48268955.50453006,249.21646045829945,15:55:20,-1
45457272.92411186,116.19477350245762,15:52:45,-1
50699802.422234885,201.746054477218,15:48:55,-1
56876512.49683247,288.3891661945571,16:22:07,-1
27180485.2261818,244.85173209701924,15:58:22,-1
20272876.186305396,235.5093858712465,16:13:46,-1
75232227.66458338,8.290918471715315,15:59:49,-1
54129926.948073626,147.0782329224662,15:53:08,-1
48298097.96677303,170.8530209813492,16:14:34,-1
76791125.33564413,99.89339734983902,15:48:04,-1
18171544.22419049,264.3019891744773,15:26:51,-1
58383263.3644561,276.4657422818263,16:03:06,-1
65371066.276785,243.2498633571683,15:38:17,-1
7786412.770971066,178.93857080390566,16:17:24,-1
43110129.80409221,260.2466024752366,15:45:26,-1
45211457.30851856,205.82611520365052,15:39:41,-1
14707044.842428155,151.82333284033982,16:21:03,-1
88497825.08306457,189.17831305710013,16:04:07,-1
64391896.54505797,119.62233587691274,16:16:41,-1
65054739.404316925,191.49669184116968,16:01:46,-1
68656097.32547306,326.62628061742487,16:12:08,-1
66730924.1199021,50.16654914632249,15:25:35,-1
15731624.685929967,228.1264200331404,16:21:13,-1
74852144.02720428,143.67659932689003,16:21:54,-1
26336892.05668926,212.6209283485453,15:52:56,-1
24171701.840596627,168.716409197213,16:17:02,-1
61517074.42848022,97.13998959861246,15:34:42,-1
39542280.78710976,127.35938729484876,15:39:48,-1
47136305.821080126,17.50719826866795,16:06:43,-1
44593043.98885829,212.7969424506731,15:50:28,-1
88241628.00106582,46.4448792191414,16:11:47,-1
87265581.75186479,254.46786678442567,16:24:14,-1
15281587.144086633,160.6641786311447,15:39:55,-1
85013119.2009002,125.63328012466948,15:55:40,-1
14560345.00020381,11.475931837631052,15:43:58,-1
76148977.63534863,13.956594444755122,15:52:57,-1
40763794.23562141,234.74888555567637,16:20:55,-1
27506446.096371,233.02434735597848,15:53:57,-1
48445385.95464147,96.31149626195848,16:13:59,-1
39924625.777665846,105.06903558171452,16:01:32,-1
9229704.210519852,246.55152369662545,16:01:13,-1
782663.7476390366,328.1000381275541,15:59:18,-1
85449496.02029571,252.30939493165567,16:05:41,-1
13340544.906696675,344.7563865166289,15:29:55,-1
58624359.40202692,327.55227238618625,16:14:37,-1
54769829.19229548,181.83906209067385,16:16:01,-1
51625352.99655821,322.815470721171,16:18:55,-1
65751895.37375423,276.39972854702256,15:47:12,-1
61620646.95175953,279.3282745133393,15:57:35,-1
13955136.110985374,232.2765095982992,16:14:30,-1
37564789.5418938,192.20572297047173,15:29:03,-1
59938274.01041583,224.6977805946476,15:46:20,-1
3911517.45814854,293.69375382931867,15:58:10,-1
72498807.79904428,100.48918080254766,16:03:34,-1
49096293.32310785,4.238021802615819,15:58:27,-1
45384420.39144698,308.61787061895694,16:24:50,-1
67958605.02010182,325.1018208593244,16:23:22,-1
48932740.07258277,349.83695450329554,16:21:11,-1
56076407.40683648,117.41515705200868,15:43:50,-1
33742068.29363299,136.5146638781017,15:52:38,-1
86203001.0475849,102.00140856599285,15:40:49,-1
39535899.31500372,282.52290054927863,15:26:36,-1
19078005.66760659,289.7251167214347,16:02:52,-1
85242610.93931074,324.5637272736428,15:59:47,-1
47813363.77535384,76.19259703742114,15:54:17,-1
78281426.876645,291.1818312027337,15:45:10,-1
41622127.87088427,61.56727031271911,16:23:01,-1
77242877.52504374,169.3782728891361,16:19:26,-1
53001629.35490327,294.0762185386865,15:34:22,-1
7368708.755419834,191.73178373005783,16:19:26,-1
24720406.85356316,88.46673916244764,15:28:33,-1
6374854.261684366,291.2253773527444,15:52:03,-1
66498959.47622138,81.56010238460738,15:53:20,-1
6745248.162730882,223.35120266716504,16:19:06,-1
45690642.25926152,259.93216806402023,15:40:20,-1
63995491.69500862,6.372830816084107,15:30:24,-1
65808374.54241542,52.5039624680949,15:32:20,-1
134694.26740294427,153.71728556553546,16:08:52,-1
19685527.162041813,327.41848265476324,16:00:15,-1
63440708.13677578,179.6638988522459,16:18:54,-1
54582496.23992808,209.4665253613385,16:11:00,-1
32372499.83893717,129.4324969210105,16:19:15,-1
12815176.649775185,116.8114456714672,15:41:55,-1
17512930.182505354,187.5103218424298,16:09:17,-1
46426168.26817161,312.0022448014791,16:00:38,-1
57349146.321530856,256.97541603433604,16:15:37,-1
83104034.05000389,4.655475145510577,15:47:56,-1
79207320.24503025,163.48599032702754,15:25:39,-1
82252530.13246556,296.05727476242754,16:14:08,-1
64143478.71464391,134.99517826035276,15:37:21,-1
41062295.1757227,50.66633024858115,15:43:52,-1
84481148.66026613,4.565042004671551,15:53:19,-1
3940907.557490381,293.6069022265184,16:08:10,-1
63894204.64973522,135.11103278365476,15:37:45,-1
26770739.738235205,122.51801748611312,16:04:50,-1
86746810.47917706,255.15096570999117,16:21:38,-1
16116945.019140208,50.04746009618776,16:02:40,-1
86603261.84764746,22.943642687135974,15:41:02,-1
85819815.64718267,287.9027798907877,15:39:56,-1
12784604.94295352,175.39541946810283,15:42:11,-1
60306375.56537849,170.08025438000843,15:27:42,-1
37764645.297054,86.43620604337535,15:33:36,-1
15360460.11421232,250.23423595335208,15:42:46,-1
87747224.6641742,38.034699670098384,16:24:48,-1
87800235.2253661,110.46641836762495,16:03:50,-1
49522518.56532283,10.844839631414294,16:24:16,-1
22056684.040785734,42.80916658628808,16:12:28,-1
7623629.297338995,341.8642276874737,15:48:52,-1
19319097.00807483,38.96487787419952,16:15:41,-1
56298130.042981006,308.943978624708,15:49:23,-1
42532686.37588469,290.710910888021,16:16:56,-1
37378219.66436644,216.22434624459808,15:38:04,-1
28516809.92112684,138.1451612399441,15:36:38,-1
76797107.9620318,28.973685578006805,15:31:17,-1
77443987.57221954,259.77140281400983,16:10:48,-1
156717.6332931114,180.4998139994856,16:14:17,-1
76795627.16801725,322.2107974224636,16:21:34,-1
34523726.17069513,106.45326653619898,15:42:39,-1
54469632.869333945,269.528032457614,16:05:03,-1
32940972.211167317,219.82796820900109,16:00:51,-1
54130287.45052642,278.7609547604651,15:58:03,-1
71750116.21580581,155.54157294038498,16:00:02,-1
80425984.95800526,148.85380784394366,15:51:02,-1
43897917.84102088,57.36425041520164,15:32:05,-1
83100037.03684235,325.0796045227764,16:06:30,-1
43381773.64757814,339.65165465733816,15:51:41,-1
57652151.03657977,213.01160721731495,16:19:04,-1
70414095.76333572,50.51266584218093,15:41:11,-1
50069564.80257526,359.2371162309059,16:21:40,-1
4480326.757430075,347.08418668636943,16:02:31,-1
7625862.639800946,179.78320480536988,15:52:54,-1
66993089.692074016,68.08980270283946,16:19:11,-1
30831066.71090785,222.3220408732502,16:14:03,-1
60250585.43851197,152.3317753882928,16:01:38,-1
31969832.970755536,72.47705047607587,16:02:52,-1
43623133.50669704,216.7799974065107,15:34:50,-1
1126252.9442838274,332.84691015417445,15:37:56,-1
48752019.44637035,298.10980473692234,15:27:45,-1
4952425.35392796,43.74570481681824,16:20:09,-1
30694517.09859418,83.00999976683656,15:34:01,-1
41953880.37023998,263.7345553464562,15:46:49,-1
59865607.330047645,38.50874672267289,15:57:43,-1
64239761.41368424,73.11763671890455,16:01:13,-1
55318850.91014863,243.89620772449857,15:34:36,-1
84525599.91284874,310.16051296779506,15:56:25,-1
42193723.771720015,94.80969501198106,15:39:43,-1
61663068.59950804,84.41140969298526,15:52:02,-1
74555672.60240231,44.98441445210353,15:42:11,-1
73612046.04281501,212.32110559708568,15:53:20,-1
7458449.994223132,354.322578729242,15:58:11,-1
76661335.2851035,235.05230294639867,15:46:00,-1
82774103.02834211,314.0199341005975,15:41:38,-1
78057267.55611967,348.8478500009308,15:42:32,-1
18566710.74514617,139.47925683238265,16:24:56,-1
89583712.08936061,151.89659523910862,15:53:17,-1
74743104.57604715,291.5419290413624,16:18:57,-1
53056675.1735132,270.5893085056836,15:53:01,-1
628450.0155755159,193.8953956127829,15:49:49,-1
26444410.253663715,191.02452575828977,16:07:22,-1
50411628.76142415,296.80845616836075,16:06:59,-1
4116962.178380249,228.8260719937099,15:34:46,-1
27240923.918228623,103.65972258258388,16:18:18,-1
68988268.63780236,168.34823929918932,15:34:06,-1
46572236.43983509,186.24856709938376,16:11:03,-1
644946.6072770186,89.07170434732474,15:57:18,-1
19395067.770681567,253.92703121664823,15:57:05,-1
7658860.788110263,148.84809396500577,16:22:17,-1
67864784.97097081,41.69720185139362,16:24:39,-1
69168522.14439884,181.7465035024924,16:18:08,-1
66886654.491421305,33.913838241209675,16:20:11,-1
36842526.91055037,7.891010975934178,15:32:01,-1
41748916.18237852,332.58105614919367,16:16:01,-1
15850836.621326623,158.18639682562383,16:18:17,-1
78120400.61919712,144.379772928502,15:34:46,-1
17885549.31754239,279.44985554520514,16:24:21,-1
30374208.322433397,144.09134108567866,15:41:03,-1
19885222.94348695,45.36637837661664,16:24:02,-1
13597348.159085806,140.1345791752497,16:00:40,-1
63696047.66639014,175.38464150678348,16:10:34,-1
24688128.150692,334.60069389646804,15:50:52,-1
22669990.8617358,221.35584344714815,15:38:02,-1
67769044.64421919,265.63690207354045,15:38:21,-1
43469321.2470574,243.74550580886813,15:50:24,-1
48572420.95126757,90.47394966922168,15:47:10,-1
82259849.08063816,319.4482900761887,15:25:45,-1
21774635.536400456,332.74888197952765,15:57:55,-1
6745008.905083468,248.2748154619169,15:40:47,-1
78020033.97025946,180.03451597069304,15:44:34,-1
66083654.49853957,135.46463351249974,15:44:14,-1
2790484.497262465,187.0848408154468,16:08:15,-1
35795533.87687761,135.78052025800167,15:31:19,-1
19612008.14344253,153.72723962465986,15:54:17,-1
32671755.454372928,195.79752580765089,15:34:37,-1
50952138.4871594,255.30484660611805,16:08:06,-1
63606471.35054085,297.154450298189,15:34:24,-1
70715574.77546367,38.04319958555531,15:28:05,-1
54614630.98299,289.11132270702115,15:50:18,-1
9880453.234999225,164.55719894475763,15:38:36,-1
70966602.93409126,74.51171191833829,15:30:07,-1
31732640.11197614,314.0695084740904,15:44:06,-1
61821914.218264826,1.375805507865424,16:14:01,-1
22104714.848036904,15.6159363738735,16:00:55,-1
67400711.76833723,161.79342618114228,15:28:25,-1
70593328.56887102,52.951576611777575,16:07:54,-1
10050554.886566972,283.58589023360344,16:19:56,-1
66838065.886914834,323.75961374090696,16:07:07,-1
36941455.68044219,284.58385482146457,15:26:26,-1
49903912.423095725,209.88601214105225,15:59:54,-1
19952909.37074359,99.09119569660012,15:43:09,-1
23517408.30239543,50.52726755213728,15:39:40,-1
84781598.19384381,56.66343900237192,15:51:14,-1
88243763.94319828,274.3206572920573,15:57:36,-1
49049928.96621533,153.45889826152083,15:28:29,-1
20559994.025015187,203.1674137563081,16:23:33,-1
1505764.6950811304,19.090238789938784,15:43:22,-1
35925122.408198096,283.39411905352256,16:21:54,-1
1251994.958213146,113.6814399601327,16:02:26,-1
7714161.004870846,341.169554190491,15:36:48,-1
18473518.37526366,40.74268178460793,16:16:40,-1
60438186.97772161,121.55338212798952,16:00:39,-1
19168837.843576208,353.1917191661726,15:51:27,-1
5195375.452894622,266.13266602914786,16:20:07,-1
34826266.04827702,172.9187844820241,15:50:57,-1
70431244.13972203,55.151071023229335,16:16:07,-1
26058150.313459724,206.67420709104752,15:59:08,-1
42605310.60289248,344.1467313326045,15:59:25,-1
45808923.01734638,117.59834583572096,16:01:58,-1
67339208.97136675,126.33291064741692,15:46:45,-1
63083590.912344165,259.5541578273657,15:55:17,-1
17083817.594723016,84.55993558337813,15:27:05,-1
75598988.16883372,333.9066066817581,16:07:57,-1
51800394.57536954,338.4088283238429,16:19:20,-1
61282524.867523305,195.27080613831893,16:25:06,-1
60156504.59745922,314.55086305954524,16:19:12,-1
51444572.90165743,87.75251221580235,15:42:20,-1
20088129.22123114,77.11928864665296,15:25:56,-1
36710319.56196614,2.9595936825747016,16:12:14,-1
63419215.754869565,49.22688157873952,15:25:29,-1
21868738.21955018,20.06442757102409,15:27:18,-1
35955086.61154358,46.6887434435049,16:08:43,-1
19193962.25066085,14.518381894135462,15:55:21,-1
41946913.40803012,338.8037322919169,16:05:24,-1
79106756.73155153,6.149209710862311,16:12:55,-1
7763306.512062955,148.6014053941277,16:06:15,-1
73020726.14553438,35.52444875447909,15:35:59,-1
33404464.40523346,245.8048397728975,16:02:29,-1
62438406.51810344,240.2047722701929,16:03:09,-1
78007466.1124378,173.3853396943663,15:29:22,-1
63734928.4966776,83.1142654511446,15:37:32,-1
34618892.05210898,92.90581672858224,16:07:54,-1
11345853.969661418,30.794094638260606,15:42:46,-1
78685240.8942331,248.24773981092196,15:50:04,-1
19882396.03398396,83.08153954750975,15:44:06,-1
70337081.69528434,93.48591978199356,15:50:56,-1
46757253.92144713,118.51909408538994,15:56:22,-1
37391326.15766357,107.03789272903144,16:16:41,-1
28429767.680410977,237.74688063054936,16:13:13,-1
86750486.9423148,35.430654514235705,15:53:45,-1
30254034.236011505,42.8892338745566,16:22:18,-1
50648057.59496411,56.82654913677667,16:01:55,-1
12664460.5409808,333.7585473487204,15:48:23,-1
24090844.38128034,259.048708154516,16:09:44,-1
85298411.24919379,58.9838544749169,16:10:21,-1
67592391.98785116,326.65640386239085,16:12:28,-1
76323154.60064182,295.13459176527806,16:19:01,-1
71065965.84486793,284.79584620853785,16:11:23,-1
7090918.845922261,233.3987682264212,15:42:45,-1
76302414.99692474,253.93073820556583,15:35:53,-1
80923195.02409841,157.9873442986566,15:46:44,-1
55923009.64180546,18.11851430104646,16:06:19,-1
31356118.374046344,267.61752625408286,15:48:35,-1
328957.16831504315,183.91763017915537,15:54:22,-1
81415253.86228926,171.91239642291478,16:21:21,-1
29592012.95140977,150.88225389579873,15:29:54,-1
85583145.72719769,126.7781564763409,16:17:35,-1
17968705.440204747,344.0178222204462,15:33:36,-1
64377365.13748561,251.16379729824368,15:29:59,-1
9704974.732102431,115.35355063451246,15:36:55,-1
20892904.17489464,158.69740045858737,16:13:35,-1
21605640.954135586,298.8826149086125,16:19:27,-1
3287933.7413367094,133.16198278261467,15:35:08,-1
3183562.045217737,3.4477767485520383,16:15:25,-1
17350327.811186556,46.75264307018071,15:33:37,-1
33694219.52715815,3.128900315899261,15:27:00,-1
14319788.833669957,93.99648051039529,16:24:34,-1
2903104.166229638,240.43007714703188,15:44:36,-1
74189689.36188203,150.7090267355474,15:34:38,-1
21833380.341487527,150.58552733420535,16:22:54,-1
12699968.878735196,217.38538938672443,16:16:59,-1
16752484.765550986,206.4557540484845,15:49:23,-1
23048506.755267743,198.91437915218316,15:59:50,-1
82971555.29248399,269.9124078711828,16:15:14,-1
3475462.310250625,9.784539939408091,16:00:03,-1
56618592.85778794,127.39782560567222,15:57:50,-1
77248166.43995999,249.3530815556329,16:07:39,-1
14392978.799488986,316.522629932108,15:47:31,-1
38071134.95496714,197.12986922880205,16:05:28,-1
76183503.15942137,14.673685579335425,16:07:04,-1
75446142.91098517,114.1977200006195,16:02:58,-1
70578282.55590184,168.85857122941056,16:22:28,-1
20482134.252529625,78.55235901421693,16:19:20,-1
25231458.19446884,195.00972426492896,15:33:03,-1
47776368.90946402,113.6010170928408,16:20:22,-1
60876453.48833139,54.68529998067856,15:27:32,-1
30885918.89822737,29.49869365011331,15:35:21,-1
36838333.64740741,174.3754234891348,15:42:48,-1
23338371.2250638,177.1627495214652,15:43:33,-1
28463810.77769349,143.64219832195403,15:41:11,-1
4935629.732212152,264.1478680121984,16:05:41,-1
54485971.07795182,317.6929768155319,16:01:00,-1
49211338.21810493,270.0662880381968,16:03:05,-1
60577057.45633903,203.51174554380515,16:19:04,-1
53208982.51962658,185.99041655809663,16:09:53,-1
51565817.11839727,226.7409132087533,15:27:04,-1
55469265.45049938,292.5452913954406,16:12:24,-1
3557796.832871797,359.7223434028193,16:03:55,-1
67557805.78071988,131.88104882553716,15:46:40,-1
77206408.86397098,196.80774339849785,16:20:24,-1
58953108.84312505,168.45618060887654,16:07:46,-1
33152727.45879641,331.59874833698706,15:52:50,-1
16422745.508301703,232.9564289577458,15:35:04,-1
74749582.70731483,281.0627203775848,16:05:17,-1
71188010.30628502,323.4119471669515,16:07:17,-1
41163344.36363266,328.66025124422856,16:20:24,-1
78963180.14935532,247.99665767418617,16:16:10,-1
53345840.21640395,299.5991559373838,16:05:17,-1
12902344.497626385,161.39120185815318,15:33:59,-1
63872211.24281215,257.7320473607257,15:51:02,-1
69442997.24795051,314.93154625070827,15:30:49,-1
31847026.21039471,340.7268286400234,16:15:11,-1
18400007.28080665,287.072403785551,15:42:48,-1
60912313.138233565,208.36549581929603,15:27:02,-1
46829030.45539472,29.189135127634657,16:22:11,-1
23929742.012595236,186.30241822634903,16:15:19,-1
23380687.75113839,191.25493137294904,16:08:22,-1
59446585.176357895,123.92478391696264,15:57:38,-1
39493211.29812169,58.29609626984567,16:22:05,-1
70076115.30359043,286.5181453270957,15:26:13,-1
42011433.76724558,266.4275667339988,15:39:47,-1
54299110.36861847,147.02873573679275,16:08:19,-1
72352992.17377675,296.74419697691064,16:06:53,-1
54350399.1734583,224.3031864931281,16:14:06,-1
9340195.349113576,356.57922763525823,16:17:50,-1
72919163.67723395,351.4271119497362,16:17:43,-1
23833954.583195403,187.46367060987893,16:06:48,-1
6541472.769899261,171.80271856850726,16:13:28,-1
51321584.63796751,337.0400491445601,15:51:00,-1
51138327.25466073,296.49698495182804,15:26:03,-1
31161963.84727574,118.3117694329929,15:57:25,-1
27435371.02686692,232.68846105383145,16:22:45,-1
13864374.820045331,322.34375193978576,15:43:07,-1
43735296.851719454,332.2646548338104,16:06:28,-1
87128232.44807597,144.25768499214766,15:43:13,-1
85708699.51741537,56.04951304925193,15:40:54,-1
51696774.3787957,148.47615301341744,15:32:16,-1
70881250.05846933,187.52384701041092,15:53:54,-1
33221417.344126277,143.07245718411593,15:38:51,-1
89285571.65606497,119.20103614601844,15:48:30,-1
38791341.85238049,267.4349684505451,16:23:20,-1
59337980.73766098,268.358601149926,15:32:23,-1
39105120.47021373,271.8316291864432,15:40:15,-1
44956437.212479584,197.86042291680363,16:17:44,-1
18608555.7521746,289.56789849049784,16:18:08,-1
40662754.18704988,67.52944698910025,16:11:43,-1
11358037.305431034,125.53970929767728,16:08:13,-1
78017661.274762,345.78364334033984,16:15:51,-1
22679271.22286472,84.47526228264906,15:34:48,-1
38652480.17252223,120.05413757391544,15:50:43,-1
57047832.943892665,138.27199288323328,16:15:00,-1
67222062.61900847,70.91645748669673,16:19:50,-1
23091311.02910981,51.99291049211215,15:56:06,-1
16671660.046071414,283.7264259983269,15:28:10,-1
39748197.86858425,212.24835343269427,16:09:11,-1
75192357.66977826,171.62154356711258,15:49:55,-1
75971219.28677176,214.76719928757672,16:16:44,-1
17101513.743280537,261.9227845969607,16:23:36,-1
86962355.34944816,48.94672058433803,16:03:29,-1
73099990.3710624,44.13810924638105,15:34:40,-1
11103432.031069038,10.97911918426404,15:48:29,-1
12695824.574408568,330.91744348246,16:00:00,-1
38047219.461214535,13.609226934081551,15:51:16,-1
38576314.34928328,126.67240979984982,15:43:52,-1
64135839.8476182,161.8230342746673,16:07:33,-1
43829062.57761571,292.78499996530786,15:25:49,-1
62121877.48195058,357.1237396393687,15:42:57,-1
47801518.5706243,271.8407411610991,15:38:08,-1
20788276.27744564,342.3098507935161,15:52:43,-1
36989357.47240162,338.4720595056355,16:02:29,-1
83441012.7580923,56.85840060239964,16:07:21,-1
20864652.98389788,138.07212244645197,15:59:48,-1
74090909.28023393,314.8356774412124,15:45:28,-1
77496755.4967447,106.79896619017208,16:16:44,-1
59702056.99761073,341.0461603492527,16:07:25,-1
27474716.86569577,51.434994936143816,16:05:02,-1
11728348.040822804,341.62026190681297,16:03:18,-1
20007932.27162379,91.97745539119109,16:01:19,-1
8129039.005332032,19.338352533067965,16:04:51,-1
24028453.926943302,285.2867143468808,15:40:58,-1
91157.9850921667,18.882689290751475,16:21:03,-1
80618485.41257781,18.848112828918065,15:47:17,-1
64201161.97143032,210.9178122987069,15:39:57,-1
14687857.837491278,76.76945494910257,16:01:00,-1
29181470.27592129,152.2493861033198,16:17:43,-1
49084631.86264626,48.465572440015386,15:29:14,-1
17018795.613912463,110.28481512149776,15:31:25,-1
24256650.103321865,185.43320190810564,15:41:28,-1
56068026.82812091,318.450354358038,16:13:42,-1
88984013.61814609,117.8351425188726,15:30:53,-1
78797489.30030957,75.7000125456374,15:39:13,-1
15489396.390451375,292.78916975207375,16:17:29,-1
27272436.335254364,119.86587814230208,16:11:01,-1
46574501.53241935,193.09127996425465,15:42:52,-1
17060318.592245966,177.25540636548087,15:38:45,-1
66027131.68905447,5.190256288380786,15:33:56,-1
48762161.48241444,305.02790223452064,15:35:53,-1
39717906.43607574,55.21322075438813,15:56:21,-1
84023305.83557977,132.3023159836432,15:31:31,-1
83448895.37379496,261.4672718409426,16:07:17,-1
789917.2139545903,331.4212469583671,16:11:43,-1
35112061.5045461,166.68054176517367,15:57:31,-1
10551756.070847796,119.40089401986474,15:27:28,-1
62608443.174423456,333.6589420462314,15:31:51,-1
59742037.78872808,17.009745865671142,15:41:40,-1
22116242.14959813,352.86773221030523,15:26:24,-1
7041581.238065623,295.40152334690225,16:19:24,-1
33464815.471731693,24.807543692990517,16:10:37,-1
37535754.10436882,312.57107202640753,15:56:52,-1
60311024.87786614,242.3671216937521,16:13:26,-1
18473389.67425258,140.33499177673184,15:52:59,-1
12798904.648054237,63.83467843596781,15:50:02,-1
57898410.418498,247.3309492480928,15:26:25,-1
23341116.392598823,237.80190366547745,16:11:22,-1
47500562.57209205,1.3481371555873656,15:59:15,-1
37671061.45876523,47.904119037362165,16:14:20,-1
75303742.49954593,30.19638038155815,15:55:40,-1
14174170.9296938,243.62956687940837,15:26:16,-1
23457641.017427992,57.38533642590226,16:10:33,-1
41420509.863505445,298.055556620974,16:19:15,-1
56515874.18982723,135.13474207883914,16:00:25,-1
68291009.98656829,39.83977233748041,15:48:11,-1
75655706.36771111,195.41694651329755,15:32:07,-1
1158164.4153069523,199.21470357669696,15:34:26,-1
88957418.65880266,131.3472316575523,15:49:10,-1
38836916.13995923,30.870164422493616,15:51:50,-1
49899461.84848272,133.40676438894704,16:23:40,-1
9810101.480420385,85.73642121443777,15:37:45,-1
69693838.1880974,345.7657993229709,15:28:17,-1
8017603.020165144,198.26206760961009,16:03:09,-1
20735226.364235543,283.3005680857466,15:40:23,-1
20686505.63846485,200.49544138328972,16:07:51,-1
33171530.28326416,357.25514347151835,16:18:13,-1
80339614.26130095,141.3985496801367,16:15:52,-1
55273675.42366231,318.0659928101068,16:21:30,-1
15583248.956286898,308.6771621940396,15:52:38,-1
52158590.89849932,180.1494016322271,15:38:53,-1
44315025.88277534,14.184758112386424,16:17:57,-1
84958315.93179195,8.798908849274603,15:51:00,-1
12134332.617682142,77.35909174417402,15:49:25,-1
68724533.27067706,214.53122784367585,15:41:59,-1
32687497.335265964,51.467974260821656,16:13:49,-1
40163187.33693282,96.64467531040164,16:19:27,-1
54384973.88588299,60.46391428586216,16:11:13,-1
17405861.665424787,71.01030987426319,15:48:07,-1
15120599.913629236,170.00583500870508,16:09:18,-1
23335668.74133507,65.38865289626868,15:32:31,-1
70964140.11664954,329.49967598832853,15:34:52,-1
63533154.47396537,151.8778250921553,15:50:34,-1
51981410.16971061,165.40524158177365,15:48:18,-1
35179317.43376159,322.23052444395995,16:15:50,-1
35165123.52341082,67.89502768317175,16:10:06,-1
23181505.611539222,235.90987004311376,15:52:58,-1
607730.8602645198,279.970323035034,15:41:17,-1
294311.9750677963,242.5265197742758,16:12:57,-1
50764729.52670237,190.8901641927824,16:18:50,-1
71842979.67463823,170.4657062499472,16:21:12,-1
36599953.07753302,129.68556841521644,16:25:19,-1
72679440.66035439,347.0825846823884,15:37:39,-1
67153298.28845896,312.37679042560035,15:29:27,-1
55616579.38924779,171.1035561092768,15:55:51,-1
21057898.298995644,1.9197374689497293,16:24:38,-1
4208952.826101395,86.52226710722965,16:15:57,-1
63552591.04919348,346.274809067673,15:39:12,-1
88872595.33022627,145.2840771762926,15:52:59,-1
59611120.09363709,300.71053172566883,15:47:44,-1
10046547.92468917,353.63326069584804,15:39:26,-1
87544468.48254086,333.2140542386173,16:17:29,-1
41310438.50626974,337.4418270559541,15:42:59,-1
68502168.77954076,52.03937304747738,16:21:03,-1
23544805.78805736,29.29916088877652,15:35:46,-1
50459200.06043474,189.19676557554325,16:16:25,-1
57265193.877473496,172.7009663876063,15:46:28,-1
36853923.02558267,269.7733294066924,16:05:33,-1
77769316.36585605,241.94230921644967,16:14:33,-1
51475075.06690714,257.6452835432506,15:31:39,-1
60237446.98355496,31.456817312012788,16:13:14,-1
2664984.515385345,238.25726607234557,15:53:35,-1
73847758.36207557,168.1177689490325,15:50:42,-1
81155402.546939,187.99552151985588,16:03:58,-1
6779023.831567964,323.7922119965993,16:02:27,-1
16982033.98543843,129.44076688145336,16:08:21,-1
20084732.26218241,305.0578453162588,16:11:51,-1
50307261.32878436,330.3645797951468,15:48:06,-1
55851447.86305098,142.1364770606345,16:14:45,-1
73343831.77913694,245.5594667304336,15:26:26,-1
14130731.388330158,268.7982578644524,16:10:38,-1
66896877.57615226,184.4709223611604,16:17:54,-1
19642636.91651958,157.52455320987403,16:15:57,-1
70299988.76398623,320.4416382855141,16:01:25,-1
80834808.21740593,342.9814650074593,16:03:55,-1
35534830.6879744,127.65908863478562,16:06:23,-1
15750442.743332958,193.0113625940754,15:34:59,-1
77708218.82023883,249.7560004688358,15:43:46,-1
5587897.290074348,123.56195508629388,15:42:45,-1
10634072.998008316,153.91124987180862,16:05:54,-1
66267697.41919632,92.46262060791172,16:15:15,-1
11456131.996116888,240.70520845416385,15:36:53,-1
74879598.07047898,6.437278056274329,16:01:29,-1
39526851.24297501,352.7473663584112,16:04:42,-1
31556859.207356576,202.68853501667692,15:52:50,-1
72872018.95092529,112.2529396086149,15:48:09,-1
28398678.02519211,355.9269645591184,15:50:41,-1
77608207.00500476,354.05334607849096,15:50:48,-1
36720219.70605798,182.1477565517192,15:47:59,-1
36878225.0690481,313.5466496516709,15:43:40,-1
2937807.0759228054,148.7388177492882,15:46:57,-1
30677956.88647648,271.23221804524064,16:02:47,-1
2202862.881863434,4.153559164582226,15:53:47,-1
57598029.12073003,263.4625631587569,16:03:36,-1
51012813.07068275,182.12613709147988,15:38:03,-1
42808155.42062771,272.30025006207524,16:04:31,-1
12492503.345251491,85.02101829538668,16:19:01,-1
40072536.53667009,183.25032298394137,15:46:28,-1
828219.7217444032,109.55737509758352,16:04:45,-1
78298423.25800258,174.34521570668895,16:08:55,-1
31725566.02838341,196.1713767644835,16:18:27,-1
27773104.717368998,149.443212602087,16:18:22,-1
47497602.17234186,201.69256346266332,15:43:07,-1
42338273.81726603,142.5320587936174,16:03:22,-1
2361357.772787577,218.7502798104092,16:23:35,-1
1870385.0641832375,185.8389917793036,15:32:16,-1
49331647.31784674,290.3818641013507,16:25:17,-1
8347743.221054656,136.01666131761334,15:41:31,-1
23678812.72612734,57.22627189157645,15:39:45,-1
3090884.270657924,81.96696891831171,15:52:35,-1
75487411.0560616,151.98188724502106,15:39:29,-1
14399479.26771758,41.399412987070136,15:57:44,-1
86352495.98517667,129.34658595807804,16:08:55,-1
47074600.03381742,266.22393196987065,16:10:46,-1
34729981.629535034,261.9057278385385,15:35:32,-1
28899916.729833696,142.10972985735864,15:53:01,-1
57988785.0516386,52.34242472159999,15:56:26,-1
55592709.93385294,90.39980582966724,15:54:27,-1
34265168.12168442,332.90424580530487,15:27:38,-1
28616497.343471445,22.86711750705369,15:43:43,-1
851713.2315056132,132.27189775608818,15:58:59,-1
34055650.57692451,261.3961412971084,16:11:43,-1
31572145.855640262,302.99331880189186,16:06:01,-1
4156904.653699282,229.48238521445265,16:16:16,-1
57934598.99740036,130.84726387041448,15:28:54,-1
70867025.00597268,160.0065579208402,15:52:56,-1
87295593.00580539,205.06572114642344,16:07:17,-1
34043640.62107113,68.53062711661327,16:00:49,-1
736596.6760250281,146.76820221546038,15:30:19,-1
21439236.69738406,19.530517630033803,15:44:04,-1
2166738.707813336,244.4675971412732,16:09:51,-1
12095516.795130072,97.93131669863212,15:54:10,-1
11233335.92694844,55.06256887673289,16:19:23,-1
55248854.24908568,179.36047087484687,15:45:34,-1
6219617.498588214,114.71888673023946,16:08:48,-1
3092046.3062619334,119.1168123706841,15:50:39,-1
83240951.83506732,196.0548649203865,16:03:00,-1
56654642.2515675,176.967833396013,16:13:41,-1
47384217.29939813,144.07160701348172,16:22:20,-1
10214574.791439077,186.628665322974,15:56:01,-1
49532273.09013525,56.21917441498261,16:15:38,-1
85457294.75455524,334.8652258042816,16:23:10,-1
72945435.39559518,137.2736280507723,16:04:37,-1
26960899.76504476,153.58280868884964,16:21:43,-1
85703671.40789567,37.7197216344507,16:07:16,-1
29057416.93213437,242.6502344998293,15:36:43,-1
39205339.26349603,233.25182848720667,15:43:18,-1
89128818.51975255,300.301225679417,15:36:47,-1
29501362.955018897,357.462017359218,15:55:35,-1
69979756.20639366,292.2358927350764,15:35:08,-1
53578043.09506713,14.213375665141022,16:01:42,-1
31920691.97494144,228.22208486315816,15:32:28,-1
57113195.919994265,193.11417377415276,16:09:37,-1
17550601.413998313,117.72792382013402,15:46:59,-1
31339320.89862458,183.6764791782987,15:38:57,-1
28617642.30325088,143.64123277485214,15:51:38,-1
45522300.87342383,228.88709142644356,16:06:39,-1
82315023.91811731,92.78834088507688,16:07:48,-1
42757885.40310014,218.96853576030844,15:31:36,-1
63959298.480041206,337.4232711519485,15:54:18,-1
15650783.108068705,231.1663352787728,15:47:53,-1
12814804.18248941,303.4930670183781,15:56:26,-1
70401714.73987703,246.74899274204088,15:48:03,-1
78646611.50721571,338.51863814848247,15:36:36,-1
85138818.0712697,165.31982500106733,15:46:14,-1
60862417.318396926,353.06105560747966,16:12:34,-1
25651987.213747226,138.67953287838267,15:31:31,-1
66154343.30952715,140.10279081019956,16:10:09,-1
63643894.78620324,97.3734131131647,16:11:55,-1
51605953.70264033,137.9238066702671,16:01:26,-1
88981499.3097371,85.32204910541043,16:08:40,-1
45888881.64704798,52.84373442856786,16:09:41,-1
8175631.162778027,69.5700428177271,16:06:46,-1
11526433.621141978,29.9864014449809,15:57:41,-1
55424642.623212986,59.11014946865468,16:16:58,-1
12949466.058617324,328.4849838723957,15:42:05,-1
71122023.44138935,153.68557516914402,16:15:56,-1
80656580.90358853,126.57505099790406,15:32:11,-1
52247798.60916007,226.45010890842087,15:38:25,-1
26205430.80599318,358.2678421954174,15:50:36,-1
9830537.202976694,117.27269739302908,16:12:28,-1
24801097.773511413,81.50134078755613,16:06:02,-1
42251329.05256361,79.8511679454315,16:17:44,-1
42451839.32546027,289.193449927118,15:49:56,-1
25910674.24555468,37.5838747216275,16:01:21,-1
81711202.98339406,186.93339219367417,16:24:04,-1
46169392.769405015,41.7397611183785,15:48:35,-1
89282900.2452079,157.1865496288966,16:19:00,-1
25394086.867794394,333.6311168970521,15:27:36,-1
85102856.08200216,133.9699568575227,16:03:23,-1
37921649.503929965,318.05076350717906,15:49:11,-1
24819116.215115093,110.78654637259967,16:03:11,-1
55703120.227695405,317.33356332304777,16:08:13,-1
62039629.87004767,249.44110409666797,15:27:34,-1
987731.0769198328,205.57822045027316,15:30:29,-1
10547798.477931673,146.367716318887,16:12:36,-1
8450868.65566207,85.96987918718183,16:17:44,-1
89110594.9220523,8.807667182104426,16:09:17,-1
44694439.55835133,200.29909029029776,16:18:21,-1
57501258.85670097,179.58357409700963,15:31:33,-1
4885479.101100315,152.3722358678427,16:02:15,-1
46004958.51555637,212.4925280346109,16:20:45,-1
37332451.00052216,259.13028844012325,15:28:40,-1
84055177.1198858,139.5410281618071,16:06:26,-1
694922.3679302162,96.81540692979392,15:27:00,-1
30413970.476735894,41.51357154485482,16:19:01,-1
51108696.5681881,210.6356136116144,16:04:26,-1
71546841.7698672,175.0915840532011,16:00:23,-1
4463216.845337978,261.21967652045305,16:22:53,-1
51113152.73371656,306.9418237578811,16:13:02,-1
46690502.731867,205.30581831932636,15:30:49,-1
27523245.17900245,111.26686008232866,15:50:03,-1
5001160.875585985,350.631723450159,16:16:25,-1
40694647.75732475,101.90884058911575,16:11:31,-1
9505615.403740669,220.97339116033908,15:45:10,-1
30489003.72096644,80.88322325435558,15:47:57,-1
58180542.13363979,269.74007486335705,16:12:08,-1
59196262.18510752,123.16976043519,15:45:09,-1
25132042.872164343,182.8545465539804,15:50:30,-1
82442990.2763704,136.16475536471114,16:02:04,-1
169616.9975400249,346.72368669194026,15:49:49,-1
3927170.768511891,179.23432626237957,16:17:04,-1
75311275.37386239,288.78448329481625,15:55:37,-1
26390269.23024494,230.3489951168695,15:30:46,-1
20056327.454465203,34.3047777206916,16:08:24,-1
23250005.245059144,270.51596883274624,15:50:44,-1
81470539.74844924,103.1356105036316,15:37:28,-1
70234173.98669578,60.0662268753839,15:36:22,-1
32987319.754985057,283.72413552391515,16:04:31,-1
23228704.63507921,128.4951017269913,16:19:45,-1
16263305.407168929,78.26872925848292,15:56:33,-1
50026408.84465349,171.5137552954627,15:49:12,-1
81865704.13890286,50.14652565196166,15:33:35,-1
88446037.9411946,281.13819138390244,15:43:29,-1
44076588.38070025,183.1206702690942,15:40:29,-1
78725281.4663674,344.54660592574913,16:04:38,-1
84970792.7546744,73.41025117668173,15:40:15,-1
55714240.35159429,319.9588197459753,15:58:06,-1
46184391.671188064,24.50783986306633,15:41:03,-1
66382633.15004221,133.24426441800745,16:18:55,-1
49488615.43706665,234.3885561141343,15:40:23,-1
42010996.74467839,297.80100677308826,15:44:19,-1
87783142.55458753,127.75522042012724,15:43:17,-1
82446468.99152781,256.30036227875195,15:48:47,-1
88184020.19908762,238.5856302895085,15:41:40,-1
80320309.57446699,36.06423059887469,16:03:59,-1
17991299.510928277,320.01499705747494,16:13:06,-1
50249477.49566687,243.28625131828903,16:16:48,-1
62158452.9037472,148.5749039174084,16:16:58,-1
43905480.08368159,133.84447050325787,15:52:31,-1
47112479.50143657,89.7957025349478,16:24:52,-1
11665340.694419129,214.37223767866277,15:41:33,-1
67772929.385096,228.04889510621985,16:23:47,-1
85894053.74464609,133.8424751828492,16:17:33,-1
53897900.83184981,178.14403830485065,15:41:05,-1
43003340.13490343,189.91671925325488,15:32:38,-1
71681253.4882338,266.3643820472137,15:48:44,-1
45142480.11683082,185.74152206242013,15:36:02,-1
5730474.469231809,254.461453306221,15:28:12,-1
51994388.0935004,75.04365620982509,15:28:39,-1
71065517.0680385,86.32662362009695,16:19:44,-1
85068420.75801656,338.12575257447014,16:08:10,-1
89450225.67512795,210.64133212926023,15:56:32,-1
42192521.06559586,124.88339061098402,15:27:46,-1
77844991.39920394,202.0132339834763,15:31:28,-1
69894666.26874575,218.77575400936536,16:14:25,-1
29618386.76602138,83.66055120892437,15:57:44,-1
19165573.452204198,19.185282068944822,15:40:41,-1
44867916.00718327,201.60623046500427,16:01:23,-1
47443771.98193777,4.434057949495394,15:32:20,-1
30019608.657871705,324.73418358682414,15:45:46,-1
21175891.33314234,330.4444834281257,15:36:08,-1
15593684.35944149,335.1440831101074,15:38:30,-1
66558213.597376056,338.2848058439912,15:26:29,-1
20435249.94699288,329.7501523040952,15:46:52,-1
58208368.71858298,316.9868771847302,15:42:16,-1
55903493.25483999,77.29780312568268,16:06:56,-1
18466371.18415069,127.24897689908556,15:33:44,-1
33024962.65204222,15.809094263913764,15:33:51,-1
68936333.68175411,202.72193992155763,16:02:05,-1
24706150.470267635,38.61643898681616,16:00:38,-1
50487356.69526916,229.1298459640612,15:46:49,-1
45476482.10775712,226.60175830518975,15:58:08,-1
32409127.500461064,310.7855579419253,16:25:06,-1
64509251.84368689,155.47138238374404,15:30:34,-1
65460658.933234766,244.5243755668476,15:39:39,-1
64066669.638140574,63.55480267844237,15:32:33,-1
76737902.7862254,20.606395790405397,15:35:27,-1
37698437.18052402,203.45463105946413,16:12:54,-1
74121017.69920434,76.76721073080465,15:27:16,-1
13607918.123007083,2.2798182033928205,15:31:34,-1
83306386.13289352,193.43456235970152,15:42:16,-1
54518941.40383678,285.51765947016304,15:43:22,-1
54055345.21125413,77.45074599300573,15:40:19,-1
75577525.0934428,128.1484008943662,16:10:10,-1
53008684.9735416,94.179307967129,16:20:54,-1
33173364.299651068,71.4889812570042,15:46:05,-1
65240830.49825598,34.74554109077379,15:51:14,-1
44492784.94024677,345.94025422377166,16:23:28,-1
59437144.501567714,106.48799682599248,15:46:32,-1
40233207.9810499,327.99312838257686,15:54:06,-1
19652724.748740718,65.16280655695985,15:54:56,-1
41848011.85679636,120.1613067649758,15:59:13,-1
71057135.71171488,90.76737470199208,15:29:57,-1
66049508.0033217,186.90633185509023,16:14:08,-1
75075904.21487424,203.56432792358143,16:03:51,-1
75063479.43463878,246.20550575404056,16:15:29,-1
68728376.82400796,337.0869210824005,15:55:27,-1
20545519.587741982,16.646645301360845,15:46:08,-1
25120743.187720705,223.54254589735453,15:25:52,-1
13530607.940877449,128.41711237970114,15:26:12,-1
77391263.23197886,330.3164849742211,15:35:58,-1
60572261.6677047,142.8401234811128,16:09:37,-1
17318181.2045078,182.9543739029404,16:02:05,-1
19340863.8825579,80.51160426815422,15:26:41,-1
51430937.22057995,297.18344540084786,16:16:59,-1
62777315.218642674,150.6953853187307,15:49:25,-1
52683904.80679692,26.89530572105181,15:27:49,-1
70307501.82417467,257.87061115273946,15:36:35,-1
33640599.544456705,23.26786066484498,16:05:06,-1
87981060.38398893,109.6976817660796,15:59:46,-1
79997358.54680078,49.99341777232124,15:42:39,-1
43010247.64542059,162.41534513604813,15:56:04,-1
82600881.77148916,349.8487775181754,16:09:08,-1
89817619.88446917,338.54168831911807,15:49:26,-1
81839824.72400026,40.35355456203127,16:05:30,-1
81514067.97757024,272.83289630489253,16:21:53,-1
85525341.10807925,74.33553741700139,15:27:49,-1
81127665.79238327,295.0794106663386,15:51:09,-1
51516293.23735048,122.86840585143132,15:28:22,-1
12283944.41177736,246.34910315289176,15:43:17,-1
81658159.97131237,93.3108241954396,15:57:06,-1
33097699.240718976,354.8085771566958,15:46:10,-1
69538180.6599337,323.8497002010292,15:38:08,-1
20886039.93976717,128.19985013726367,16:19:02,-1
63243281.78345102,165.54823010406756,15:51:54,-1
6211097.938605242,281.2647890459738,16:07:40,-1
89663126.06502199,295.8140453246195,15:32:12,-1
57648528.81010576,2.049072499027296,16:09:46,-1
78024561.78858672,139.26924698158777,15:31:26,-1
86550054.62367651,203.12142307018132,16:21:07,-1
35226868.22570429,347.4147895126044,16:02:00,-1
83882570.84855358,205.49085225421643,15:29:55,-1
29485081.06520593,140.52279072259935,16:14:56,-1
17550107.600799073,233.6512298300169,15:27:40,-1
20806696.96799003,304.2098259946502,16:15:30,-1
17473742.131351553,207.3956970687601,15:46:31,-1
34777589.93602687,301.6151027084804,16:07:42,-1
60073261.99373388,7.1291988575625975,15:44:24,-1
21934502.01551782,210.0554780040999,16:19:51,-1
88824580.32353455,6.242057902507754,16:08:32,-1
11174457.433683451,239.74042003661984,15:33:51,-1
62835534.03436908,200.3249153856228,15:40:38,-1
32745281.84224038,134.11733335156362,16:12:14,-1
55241049.36500732,265.2976669406345,15:52:20,-1
28741704.636575077,314.0064410142913,16:21:48,-1
20924942.49879716,322.1153687214168,15:57:30,-1
47263149.88532227,209.55355409575512,15:55:34,-1
68732009.78714581,137.5229567767642,15:42:53,-1
80828053.31803095,162.58938198337304,15:56:17,-1
14820880.636029042,169.46845600638216,15:58:53,-1
89971079.68939994,212.36737363445732,15:49:35,-1
4335226.445419442,47.88526038540112,15:32:03,-1
64859846.90479819,232.8133365087763,15:27:03,-1
291492.7265814532,103.6665149244422,16:16:26,-1
25623119.93129299,341.0498201931092,16:19:15,-1
47944976.382141,295.16044846663226,15:35:02,-1
50088297.96743856,199.45626701625395,16:20:45,-1
28266088.305053197,98.18259345407492,15:36:42,-1
1621753.823098318,50.76241691600038,16:15:38,-1
82288070.6499158,123.10712229391734,16:15:52,-1
71043018.32281715,40.63311683046595,15:27:36,-1
13022585.472136209,274.2836440821514,16:11:13,-1
32187542.91613904,139.50705041987226,15:54:28,-1
17650987.398588415,198.6235077403917,15:55:59,-1
83938990.92995632,354.82982561006463,15:53:35,-1
14146451.41912131,227.42155899960133,15:59:30,-1
51404913.16840529,343.9925381694756,15:27:18,-1
8744338.923931306,249.5203263035179,15:55:57,-1
6668168.844588805,25.89949997564549,16:00:00,-1
24154562.80889692,103.5805088582335,16:00:05,-1
34466565.61454844,97.88004027254424,16:16:13,-1
72953327.25242998,259.281654473373,15:40:21,-1
51187571.89567232,159.85320794758402,15:29:53,-1
84708251.13838664,199.83890977753197,15:39:34,-1
75728063.70818481,57.79439595987657,15:53:29,-1
43120959.38443748,294.40165160953285,16:07:18,-1
65210981.43247486,184.9805595291051,16:21:52,-1
36121885.072081126,318.6941451209132,16:19:20,-1
34189849.11069161,52.10509370982952,15:30:08,-1
27591742.39840963,249.27024609259956,15:59:40,-1
20269684.836271573,288.7267386882675,15:41:44,-1
69061940.75448453,206.1037378592464,15:49:41,-1
71183896.53680813,150.69600815301888,15:53:58,-1
17698438.50731566,347.854318319876,16:14:59,-1
89528035.5932249,281.5809963834937,15:33:41,-1
77195928.47635137,299.16570767963685,16:14:30,-1
25702330.31047407,75.60163414106401,15:34:23,-1
67854258.17708443,59.56600358893241,16:18:16,-1
1528077.658657509,181.25932378813528,16:19:20,-1
50489815.228075385,209.4225576022688,16:21:41,-1
64907996.74051621,119.46311583986268,15:51:04,-1
65385414.224382974,65.18612484664025,16:09:27,-1
5355849.493227857,224.99141078785584,15:53:21,-1
12002535.82863837,12.439488982604644,16:01:59,-1
51895900.55659398,255.43330660023813,16:15:11,-1
88964792.74516892,48.10905975667032,15:29:48,-1
2346864.144756344,260.8160610463225,15:41:33,-1
46637074.72402183,304.0695597090114,15:33:06,-1
11433246.747798627,205.57374398287908,15:58:50,-1
73215250.67993128,104.27514464150543,15:33:05,-1
47436779.26252625,135.76936741269944,15:39:35,-1
48878906.78816987,13.182797128033808,15:25:33,-1
43607699.244586416,209.94559873240195,15:31:53,-1
10126056.484516922,61.71044053206215,15:54:26,-1
18216968.236961786,337.8331207767511,16:14:40,-1
13996071.927104756,106.06014984543243,16:13:25,-1
59025044.89601418,227.25578584447757,16:08:19,-1
41273483.28102544,200.322842840933,15:29:50,-1
20193008.9049479,291.608088123254,15:48:10,-1
6003894.807857661,172.20928398441418,15:34:25,-1
61969145.89469277,311.58342181055446,15:33:30,-1
16587875.105524726,50.28797477618427,16:04:48,-1
36181356.29203054,167.2083266128315,16:09:36,-1
73172171.20285627,314.167765926439,15:29:43,-1
68897937.20689292,235.52912498076168,15:36:23,-1
1871022.5077126103,113.45631675584838,16:08:33,-1
82797366.68957272,167.23340192242273,15:55:17,-1
41734167.50918991,253.247480712059,15:47:33,-1
41785094.64389477,196.3971445336844,16:21:04,-1
12737927.006777847,278.6979915820538,16:22:00,-1
10237748.746072562,241.68103720972772,16:01:57,-1
41663299.611866176,132.5604505762554,15:28:35,-1
2330508.25101444,324.03055091751673,16:02:52,-1
9824595.48287922,293.22788055002803,16:06:09,-1
58455021.645362966,116.33924897013416,16:01:53,-1
14052646.87840335,165.2973717480552,15:44:35,-1
28183034.542194556,337.47773054807107,15:32:35,-1
75401033.14690435,244.1986060659777,16:21:33,-1
45040996.3214757,109.74392907515904,15:55:11,-1
35018346.058265015,86.37397948450564,16:13:35,-1
13981696.381591205,54.57032158614018,15:33:55,-1
54867582.908070505,345.4099899824635,15:38:50,-1
52814456.63361077,15.058239374554546,15:52:22,-1
27360324.34020912,41.182994733716846,15:35:32,-1
74455118.17866588,198.46397386928865,15:56:31,-1
72856439.94293156,125.27203617778108,15:37:38,-1
21369541.08852433,269.6097076581702,15:25:43,-1
35007427.45617448,226.5867672323585,15:49:19,-1
73468051.33538087,354.5668955372996,15:52:25,-1
80614592.14286533,174.1000889837283,16:02:41,-1
27337682.10652568,241.91137038923364,15:49:42,-1
69040984.45435145,202.10363881254543,15:38:52,-1
50027118.08323069,56.38088241772194,15:54:50,-1
77092752.51656234,292.2701309226113,16:21:49,-1
53207820.13133831,142.9123155091344,15:48:22,-1
46336745.351374514,55.52285138511176,16:19:59,-1
88301393.26077442,286.3548557014678,15:41:37,-1
5908333.08529534,23.88842676613145,16:22:11,-1
12410746.43718071,141.5890584525797,15:58:51,-1
13657615.113062376,186.81514426269015,15:43:08,-1
38003339.1330483,93.11036077018208,16:19:40,-1
20771716.76210057,227.63439821447767,16:19:31,-1
60758740.41988242,255.39699984888335,15:29:19,-1
52806086.25439147,213.51951477177505,16:24:00,-1
62719276.904620364,246.5809528372528,15:43:16,-1
21503626.26441634,83.71127165491725,16:04:59,-1
8892667.797137117,226.0119122120711,16:07:15,-1
80526391.46689855,274.8406349564122,15:51:56,-1
14149191.641147338,169.9665279434996,15:55:38,-1
76397520.4957168,109.04609040894628,15:28:23,-1
34245999.59306216,23.18271612141492,16:02:39,-1
84291499.71505915,154.9238709220247,15:53:21,-1
3363053.7739535524,134.69666662816073,15:50:54,-1
64290842.1669509,288.2434733273668,16:05:55,-1
20649193.301068373,197.85222095358816,16:20:00,-1
60317291.50108042,144.17484737340308,15:59:35,-1
57244246.30738048,319.3394915029127,15:27:33,-1
82800350.7694323,320.1338890090516,15:34:49,-1
29381510.50044135,62.11611588101449,15:38:18,-1
34090252.7971996,190.61171032020164,15:41:24,-1
87940852.73433015,336.7504381923463,16:22:18,-1
60990369.5508892,82.5563885101188,15:31:03,-1
47817179.03494275,248.1399150418151,15:44:11,-1
16228352.626725398,267.7789104453868,15:35:44,-1
30774937.320595343,310.66053372831334,15:38:51,-1
65182419.6832631,1.5918492227758518,16:12:49,-1
50091397.42666385,39.99282052409787,16:07:12,-1
34774378.96781878,70.05200213794475,15:37:45,-1
84627442.86363767,230.957575056048,16:14:04,-1
2128884.46858327,280.8392241718431,15:44:27,-1
59822392.32377278,87.27035838625073,16:03:52,-1
41453602.42922101,303.381683678744,16:03:34,-1
56784130.22354288,63.68964948375967,15:32:56,-1
44212979.413992,26.500654190326497,15:54:37,-1
30972284.753950503,151.0650585509592,15:32:22,-1
17054573.726461034,353.6346644870839,15:34:31,-1
15254346.422674198,302.44352576490087,15:47:46,-1
33644514.04310112,311.8205171474772,15:34:09,-1
64091656.97266012,358.3428011066774,16:20:02,-1
70249.75159211746,319.28767527092515,15:54:30,-1
7091272.689252522,247.06353884358865,15:41:26,-1
56202053.489418745,70.63264034062878,15:51:56,-1
841916.8706050762,180.55454750381364,16:19:37,-1
51285698.536208525,118.45806423776256,16:10:29,-1
25220704.512376007,200.68346264266663,15:48:36,-1
53433085.938636325,255.54704155412117,16:21:07,-1
85696449.48984139,169.44308443264535,15:28:36,-1
45139757.90482163,59.83999172251828,15:37:54,-1
64792329.90661595,164.5796022878314,15:54:37,-1
25186574.101801444,88.56082647178525,16:09:27,-1
20272941.17046888,348.77874944869666,15:53:54,-1
66126738.9493286,29.133192371650814,15:38:54,-1
53140943.159283206,209.7672058348351,15:34:09,-1
36521469.077372655,125.27401789315056,15:52:52,-1
80693717.54904442,238.38868339215296,15:55:18,-1
18435390.00348277,63.04929978429093,15:33:45,-1
63810587.446366735,155.89404398044806,15:37:47,-1
24329481.35409025,81.839000498915,15:35:25,-1
10257607.690244772,238.64829312888824,16:09:50,-1
45977161.415912375,358.8911653754944,15:50:43,-1
7545269.64571625,131.9276815538946,16:22:03,-1
42337169.653238095,109.03317567478044,15:29:05,-1
21398117.3932682,303.9204612093626,15:58:26,-1
6313289.140871455,266.1584571684168,15:48:33,-1
63493322.11562996,358.37370963053235,15:52:19,-1
36901707.532692686,120.50674164973547,15:45:24,-1
22238556.915607657,179.21006674148612,16:06:37,-1
36357226.583762765,128.59020731451665,15:59:28,-1
77847359.85964975,173.15930736075197,15:30:55,-1
32616594.288383078,217.10009293043043,15:47:46,-1
5544921.724426585,62.47837020853694,15:57:32,-1
10102327.767309148,252.62963240274564,16:04:40,-1
38247845.51425885,103.8671258344186,15:41:54,-1
28561939.58220922,244.77439601631224,15:41:52,-1
49239659.36264619,43.678087175024494,16:06:24,-1
83820332.38163185,81.14583773858504,15:33:20,-1
66318460.86631232,251.69025672097263,16:02:38,-1
73968688.54908867,182.95427063448275,15:30:29,-1
15133395.772358624,209.97682502772216,15:27:12,-1
1639164.2925585862,93.2217711549666,16:08:07,-1
44738837.47231641,41.73980877134032,15:32:49,-1
65763266.90142084,292.7284246849624,15:41:49,-1
19574233.579372864,325.7611906464439,15:46:53,-1
5698784.038710188,348.2679299118934,15:31:51,-1
27332847.09931356,313.15531226735726,15:28:47,-1
78144865.35076779,272.4067033897291,15:36:33,-1
6070763.23724295,144.85483631454028,16:04:33,-1
88261014.32987887,232.8678634945608,15:54:59,-1
20018120.09750187,50.341238980638494,15:51:40,-1
77561495.57951652,21.88983949775059,15:45:44,-1
25679257.765656486,179.52071415483823,16:18:04,-1
85988449.0448904,1.7356487755439831,16:24:30,-1
55810924.79616638,0.3972437650005078,15:30:35,-1
32246225.851788152,106.529350071276,16:08:16,-1
32625171.503820755,30.428807089584584,15:53:40,-1
83397521.20967993,278.33894629977647,15:29:34,-1
25051214.07228654,202.005554667621,15:43:15,-1
29273011.88037486,212.04373482531605,16:23:51,-1
74189947.65727383,60.37453204117836,16:18:47,-1
48271707.85105547,7.508818385803671,15:47:21,-1
14899501.29278747,165.13666288641903,15:52:24,-1
83780867.8802083,11.199007507991894,16:16:40,-1
49908213.70865986,200.01057938682143,16:08:29,-1
88711144.73829567,138.95998873136975,16:15:50,-1
79087591.1145431,200.402074581405,15:32:39,-1
2641896.643622805,222.1978824510037,16:15:30,-1
57366818.13675735,72.76130969992452,15:27:29,-1
7924405.975078988,273.32378885980467,15:47:19,-1
9905977.617242206,34.21855722480952,15:57:04,-1
1540273.0969000035,119.71201369155716,15:32:35,-1
24087948.133170683,325.9152873648003,16:16:02,-1
17948169.712458827,252.29070233684365,15:49:38,-1
37639540.16841514,41.39514291658085,15:54:11,-1
25917849.29140522,35.45057594718137,16:07:14,-1
68967543.83246693,279.65045846208534,15:39:06,-1
3245210.7118967944,81.48990325792637,15:35:42,-1
5287765.085002891,14.297160698146088,15:50:20,-1
44229201.4982467,188.7340095139502,15:30:25,-1
48894926.242988415,240.00508196941797,15:41:34,-1
23718209.78460159,274.99608502300924,15:46:54,-1
56086605.3894605,81.57032717854234,15:28:02,-1
24599547.78234743,109.00076987635669,16:04:32,-1
4888001.276112182,336.7847159677833,16:22:04,-1
62755092.303460345,4.919370668854741,15:32:16,-1
80805232.39258991,60.7114226356273,16:20:19,-1
26607850.010658804,297.14023386256866,16:12:22,-1
17837607.90512724,127.88613691728165,16:23:12,-1
28647000.466466963,313.54883740483467,15:33:54,-1
27145422.13497301,31.96109477718537,16:06:51,-1
21333551.874684848,98.44068969000595,16:14:03,-1
82691807.09702174,163.502618721191,15:50:35,-1
140046.81665864555,59.10421063279504,16:00:18,-1
53748936.92905259,194.87256510108028,15:46:34,-1
5856751.613875898,73.8597839443479,15:40:23,-1
51655287.49762782,272.67116015013124,15:55:01,-1
65270723.29985684,352.07672243573927,16:08:50,-1
5493419.682148684,175.31071608707157,15:41:12,-1
21170864.18398074,29.099116252044777,15:47:49,-1
9270732.443284413,359.46953963132074,15:50:10,-1
53834364.38168381,264.6748343554391,16:06:19,-1
43171881.88469117,334.53701920608563,16:14:17,-1
27810700.819711834,289.0222905971469,15:54:02,-1
25953432.55190811,214.62762444695124,16:05:37,-1
3146545.635919217,103.51892226074575,15:55:15,-1
19170238.26663762,355.4843974665825,16:02:29,-1
61509543.36164881,257.0986295029003,16:25:20,-1
77487533.7366942,185.82861107050536,15:53:59,-1
85088931.11795169,347.99531463085964,15:39:24,-1
39377829.571958825,13.096001845501776,15:38:25,-1
10977524.321935004,6.876997828776128,16:19:41,-1
79697522.98662809,261.6321239470082,16:20:03,-1
48735344.69097361,120.06954053630042,15:36:32,-1
19512998.894876927,265.3182773267192,16:00:50,-1
57395267.035890445,163.62963478867724,15:56:04,-1
65734361.71643476,299.1514429250648,15:28:32,-1
68080782.78929314,59.63485631263615,16:24:30,-1
72335527.79567961,246.0280116827105,15:59:40,-1
69838547.99840821,334.348780629034,15:31:01,-1
32099229.07777565,341.1893000803641,16:01:29,-1
66167004.21366724,52.85493733432074,15:32:27,-1
89188905.64265251,239.04890517639308,16:11:23,-1
36853111.13258593,173.84898592166977,16:01:09,-1
13254206.214605656,289.31790108220827,15:58:17,-1
59341234.49837224,221.86477555012183,15:41:02,-1
8803459.111390252,68.35231943757614,15:58:48,-1
80598427.02125837,217.53841657166407,15:29:39,-1
59517708.62033573,330.641207244318,16:14:06,-1
59310972.6602535,109.0542128308992,16:00:28,-1
27144554.845460664,103.07729288144648,16:01:45,-1
62769385.61474986,358.7761657527131,16:08:38,-1
9321400.50754882,59.102568785279495,16:05:09,-1
49644263.72587474,15.952075760932916,15:50:33,-1
51951718.718188,144.92929244916297,16:23:03,-1
86272828.6371847,210.79628470539535,15:35:59,-1
6594120.482520497,233.07589617400103,15:46:22,-1
44672026.89363587,109.80529550724891,16:24:29,-1
71393328.69984466,157.3117837505488,15:36:07,-1
14429152.63851986,148.6011602737369,16:25:20,-1
6238682.141073494,348.7721143766786,16:13:46,-1
24640313.95100703,142.34545656128432,16:14:49,-1
64526015.28432943,307.003902872574,15:39:50,-1
29434643.955667373,80.72894840646366,15:50:50,-1
16261125.426874075,346.80618100309295,16:08:44,-1
54084721.608026855,326.23173828959443,15:45:01,-1
6193745.493746023,254.00281530313896,16:06:08,-1
37148705.58573533,62.03944693399177,15:28:28,-1
27545444.69410858,107.64556567934072,15:35:10,-1
46753273.84258589,75.92787362763256,15:28:55,-1
80780675.92944108,312.0214449298649,15:44:30,-1
25796233.201352764,349.65724865870243,15:48:19,-1
29045419.210202392,301.30441300371166,15:27:38,-1
75105868.04652485,89.68517776609833,16:09:36,-1
78110848.4188806,160.05384644594432,15:54:33,-1
36620933.87771207,283.6081387222364,16:06:04,-1
50389705.27973522,168.2174088160449,15:48:26,-1
86775084.34300388,305.9591983405259,16:07:03,-1
75678539.9806566,128.68217494516406,16:10:50,-1
25379150.4444118,129.23188641296528,16:20:57,-1
72117301.10812777,308.2698578026141,15:46:44,-1
67334993.90462585,346.8719694273763,15:28:02,-1
37791313.04743436,314.30971148802354,15:52:59,-1
59358685.16482767,32.41931691024272,15:42:59,-1
41032859.80395927,276.4491661302386,15:53:01,-1
16235147.986194815,202.30227168190808,15:43:21,-1
80461399.94717082,293.0282119134776,15:27:24,-1
57571856.90051293,340.28124832201894,16:06:25,-1
58957752.06551313,108.55898529839982,16:12:34,-1
2220144.9728869083,94.09743387096002,15:28:31,-1
9666679.938822096,352.1712479981107,16:15:55,-1
15432575.458145326,137.92699522385163,16:22:21,-1
59562702.535951294,132.0678632397559,16:10:51,-1
72939383.6068339,167.63623102054586,15:55:49,-1
10791658.567362418,131.52266499398084,16:01:22,-1
31402367.4175468,337.88534262576474,16:09:29,-1
17820921.60055672,124.436780746042,15:44:41,-1
86900514.2855474,124.72739877973387,15:28:26,-1
52753008.07450012,228.8664317885927,15:32:38,-1
69501879.02257557,142.78650751517046,16:21:57,-1
65514387.10174368,337.70980299756343,16:21:02,-1
25683997.379867133,291.951402138322,16:08:09,-1
23285416.964639317,320.7064495352987,16:17:21,-1
67330966.47028674,144.57039506181565,16:01:05,-1
75719328.92111796,243.9851706792043,15:45:54,-1
26521993.69050252,351.65490946762503,16:08:17,-1
31216828.594914656,345.3096554486394,16:01:14,-1
21182057.040681068,129.30319831771283,16:09:53,-1
21652635.90988096,92.38348915382127,16:02:49,-1
51292710.80238208,4.370431197608631,15:26:36,-1
43892660.25188752,278.106508021279,15:27:55,-1
21695541.205048807,261.7856967531151,15:56:16,-1
27012487.609738905,157.27514339273756,15:36:13,-1
77893999.27946775,240.3639019963652,15:57:10,-1
84049662.86502846,184.1268153071543,16:09:59,-1
89527156.81450735,260.61311938845216,16:10:05,-1
66673309.19049045,88.88034803034068,16:24:03,-1
22515940.68797284,265.909148271402,15:30:36,-1
75658992.05683297,350.01005951263426,15:39:03,-1
78630652.84870556,228.33268955275415,15:27:20,-1
73728520.24816678,65.59061247145232,15:49:43,-1
21242679.72366709,19.321798055099443,15:49:20,-1
28177461.34420356,120.68964883537848,16:14:34,-1
3986070.553744588,159.93155628313033,16:24:47,-1
781650.2513288207,319.7088230752932,15:51:14,-1
85229311.66655524,304.50514017773514,15:52:40,-1
54318926.63799857,57.48222778345741,15:27:48,-1
35761900.434916764,179.51138205408327,16:21:40,-1
78256214.75701068,338.3406479982244,15:55:11,-1
84797134.58485463,213.1848740534316,16:10:43,-1
69866625.51474161,207.5075315146468,15:29:37,-1
83982389.50965758,265.7191093288354,16:23:28,-1
35269781.08394819,21.65764944524166,15:43:38,-1
66915616.34415607,154.47384622716035,15:45:44,-1
70617520.0134088,290.45830107807126,15:45:23,-1
31356650.361206315,117.8845702279412,16:19:36,-1
18063538.24137221,122.44528262276609,16:14:52,-1
88046744.73539184,322.06774486396773,16:14:52,-1
14248609.805035103,74.09886264670185,16:08:36,-1
49337445.66901786,294.5025772233671,15:59:44,-1
52432423.71825016,112.25456155112624,15:32:05,-1
80370605.57669234,297.6325124537988,16:13:06,-1
73507079.60804583,258.5530443048602,15:41:47,-1
21616889.29666873,27.23771771173594,16:03:55,-1
72670062.96077967,282.39689488144234,16:14:01,-1
78247905.30143633,22.919141323082385,15:44:11,-1
35701608.37993069,231.11751574411616,16:12:33,-1
395999.93327598943,171.39772350838052,16:10:53,-1
83288362.19563492,73.95811770338953,15:28:21,-1
70818714.6669213,124.8018644186544,16:25:01,-1
24603968.298842564,203.0339598375027,15:35:26,-1
63530493.95371807,309.9834470015745,15:26:51,-1
65234042.33843065,348.4376795002419,15:42:27,-1
85905978.18238643,15.816734997009352,15:49:57,-1
81080325.11798428,168.71040942684994,15:40:38,-1
17658277.485015314,23.35801031533533,15:57:32,-1
53071611.24531838,109.89901694418056,16:11:01,-1
25095735.23294442,309.9678714909674,16:05:59,-1
86236448.4386569,144.6090861537384,15:47:43,-1
76368135.32763077,274.6619424291212,15:56:14,-1
75426811.47693203,124.66507859972056,15:38:06,-1
71026857.75836647,1.435134851303892,16:11:17,-1
74714194.42385821,4.840995939056199,15:39:27,-1
28537452.07397451,299.85535518038085,15:58:18,-1
25487316.57223308,315.0487654186557,15:58:35,-1
89617316.96696694,46.68598017022396,15:51:31,-1
27978861.136403468,30.00465275065345,16:01:00,-1
73644124.276979,305.0442114454955,16:06:44,-1
71722224.98194288,334.0181910521965,15:46:50,-1
20045394.476338606,113.66955462025813,15:39:35,-1
82766440.58125019,113.90150377868312,16:21:20,-1
20465046.499900457,77.74020326345888,15:31:05,-1
16852005.54387378,0.0103869004618539,16:04:22,-1
83943898.21208169,174.84834498680058,16:10:38,-1
18666004.81991953,278.6575400776912,15:52:03,-1
6113816.947692253,150.58257869389334,15:55:00,-1
14043009.876815217,330.7664713643355,15:52:19,-1
40985266.85628495,123.1982784958635,15:39:30,-1
69557954.46320696,122.60407930002025,15:37:19,-1
31855263.37952256,215.6163066203836,15:55:45,-1
74273465.178139,70.21101234736135,16:07:16,-1
77515406.35693957,107.1786858954766,15:48:26,-1
5852639.426184582,119.33412119531975,15:40:24,-1
65916381.73194027,6.73887103273104,15:49:22,-1
75134262.81829225,240.27454675969395,16:00:15,-1
52162029.62866547,218.8791166773832,15:31:55,-1
5684320.347035776,75.34975045131931,15:43:49,-1
43463083.386345625,309.4235088923273,16:24:52,-1
50959059.003661126,142.94223024491916,16:12:37,-1
44964193.08008419,25.971469776629554,16:17:56,-1
76036766.85682373,111.59739862187214,15:43:46,-1
4641704.4676489625,339.0309771848181,15:40:37,-1
88237681.6359062,152.5173181517628,15:26:06,-1
62436643.06073126,31.97310930245376,15:56:17,-1
4926774.429992282,154.43881483314996,15:53:34,-1
73596766.27224334,185.2811158923584,15:37:35,-1
88265723.62578376,331.3237934581395,16:05:22,-1
43636269.47928797,237.98874061233727,15:33:00,-1
69860351.17154056,80.35722068550984,15:39:25,-1
42995416.161193386,103.38339634215156,15:41:41,-1
37386294.51832626,198.98536016106695,15:46:21,-1
66792021.22514416,169.2087299382763,16:19:43,-1
73897155.76517235,322.0137536592346,15:40:39,-1
79976819.60282464,175.13334072113932,16:22:32,-1
40031574.91531096,110.82341963487306,16:01:14,-1
89641865.30484493,243.18418441699285,16:23:03,-1
82867394.67608622,195.15178813420027,15:54:18,-1
75466973.05080266,23.22610226686665,15:49:19,-1
5359636.461587844,124.02310504892742,15:26:26,-1
7604521.007202167,305.810709836586,15:35:48,-1
55703822.59547227,55.49624653354351,16:14:40,-1
41027503.3223462,227.74321694165965,16:14:53,-1
54221248.33863021,239.9395843213296,15:28:04,-1
2174457.549581219,78.99134873101708,15:34:13,-1
54129152.65512671,256.6448563718436,16:15:13,-1
2556491.4446938634,254.74819596223048,15:55:26,-1
55044308.77019907,331.8200603191414,16:09:45,-1
69366919.003537,77.87937974795621,15:30:33,-1
39403496.75957449,170.54385869033504,16:01:19,-1
21681889.643656407,171.43252521089576,15:47:45,-1
8794628.68710125,342.56239947157235,16:02:06,-1
69427853.13140728,227.44783510118103,15:34:59,-1
58309797.60035142,166.7882607572585,15:52:51,-1
29847408.75106817,137.13785551240932,16:15:08,-1
86781111.36815585,159.23456807920596,16:13:46,-1
13750234.751276078,130.76935003398285,15:25:43,-1
41570571.8474951,195.78589477320256,15:48:20,-1
52719701.377407454,352.84665059397423,15:35:21,-1
83993180.96513997,133.6843038647114,16:13:59,-1
30448911.44148654,305.97042363198807,15:48:16,-1
42968115.563212514,234.4810163175028,15:32:37,-1
13090245.824073866,125.69091135713748,16:07:00,-1
62302181.66477297,216.40062158519763,15:40:14,-1
4322261.33927899,91.70671596840047,15:39:06,-1
79905632.0821209,163.70260284477035,15:27:08,-1
33769297.10608437,187.4377283652896,15:49:48,-1
77136277.03867269,314.7914902831764,16:07:11,-1
61179775.85394034,205.42495075785945,16:16:20,-1
52861932.21265224,123.6793462073245,16:12:52,-1
58777800.99393534,65.89388373607082,15:52:55,-1
23200249.524725556,148.57963842998424,16:03:27,-1
80008839.74570434,14.688481974508845,16:02:33,-1
72245673.37159178,141.80450730312168,16:09:03,-1
70354695.52255434,66.24153324868044,15:47:32,-1
81847203.41563874,49.75037618208398,16:22:06,-1
13942301.541043151,53.50303487598309,15:43:34,-1
69714775.78088434,344.4537745634004,16:25:09,-1
85369710.48514253,14.17680139720682,16:07:57,-1
59986590.46073554,330.4474366082903,16:20:22,-1
74865179.34350836,290.6890766904372,16:01:25,-1
32520989.282664828,346.4503579842575,16:19:37,-1
60171499.89340293,85.0386228826683,15:54:23,-1
57934800.27411791,14.514376266652276,16:22:48,-1
67430164.61453442,153.27668146025366,15:31:35,-1
54154110.88017244,186.26491197458813,16:07:22,-1
45402572.39807873,342.3264771917708,15:33:48,-1
3735396.748983804,4.737597310709112,15:33:55,-1
2742697.420538204,131.6905116252901,15:30:09,-1
56083836.39827247,1.6737092047774338,15:50:52,-1
49887476.219112106,311.3838064894616,15:58:45,-1
34828812.54728188,76.85663687073897,15:39:12,-1
13689910.720852954,205.0875465035849,16:04:10,-1
27313250.735468607,9.259586021731447,15:57:01,-1
57068517.86343174,211.0796297907507,16:18:51,-1
86244377.11469188,194.209077185898,15:28:05,-1
8837992.00708594,220.90516822048872,16:05:22,-1
77671574.8303186,105.68221241934488,16:11:37,-1
46505652.05973785,6.565429334660786,16:24:50,-1
33531555.211853307,312.4340680402854,15:31:51,-1
60551448.97295429,37.198171860654114,15:32:34,-1
72765236.57030462,328.69881328523115,16:19:21,-1
1223621.4825127996,106.4185123410772,16:11:35,-1
86912075.61014794,176.30219167049515,16:15:49,-1
3964434.797131555,301.88408401276604,15:52:27,-1
51682244.77520423,309.5512845847594,15:30:40,-1
59033723.82013071,249.35780740923647,15:44:59,-1
26864685.80174167,261.1879237865287,16:18:04,-1
73725738.56347308,47.52464929416778,16:12:10,-1
22786389.52803407,239.6183180997488,16:04:43,-1
32019666.228476956,260.59517578961425,15:39:21,-1
84805635.86411123,281.2010779616481,15:53:45,-1
3337476.6717541674,149.87322983946925,16:17:52,-1
65954596.99046279,54.78859405029401,15:35:21,-1
58994212.41362277,358.6871563222313,15:45:48,-1
46446824.40674516,167.27090822113243,16:01:51,-1
44197072.01799888,306.7997487130162,16:10:27,-1
77438941.96433707,148.32749695021994,15:44:27,-1
64272107.19965875,144.60635203070927,15:30:00,-1
6296813.121850172,148.91588188526174,15:27:21,-1
76050607.46126732,44.23277562747477,15:41:47,-1
25486871.701539725,341.8350885011948,16:08:08,-1
89943414.054329,69.60295579011947,15:58:20,-1
50310379.73246548,40.77887292874605,15:31:54,-1
8831755.352994768,332.82048831793054,15:31:11,-1
45330858.72534409,326.217440193343,16:20:59,-1
10268817.473898731,296.024144293923,16:00:09,-1
18130198.44146621,82.37895402789039,15:43:53,-1
38823658.26379061,151.30976236718826,15:33:36,-1
68915428.39982285,49.27666960761088,15:55:13,-1
22030723.60923652,292.2672211173956,15:36:37,-1
68671032.52701363,271.50624865169533,15:49:09,-1
61105514.54144022,255.90261283324915,15:28:37,-1
36771454.160542175,273.9412781631208,15:45:39,-1
51304864.33004838,162.6520942109032,15:27:29,-1
77826232.53120483,200.2467939510481,16:06:50,-1
18026371.133639764,134.85595907956298,16:23:59,-1
41662146.87093395,108.81365425472237,15:44:49,-1
20294619.72201068,349.2727100876673,15:29:37,-1
66266222.47171207,119.67435235256828,15:28:32,-1
86556598.55767511,205.33604314854455,15:31:00,-1
18616417.816815216,83.55642465324871,16:13:13,-1
74646109.87056129,268.1708091213353,16:09:51,-1
54730530.853035495,106.49133710213042,15:50:52,-1
23909873.88265561,86.07131403110716,16:21:37,-1
65548395.50106162,309.4813059274384,16:25:16,-1
31357991.66787647,343.49238000953244,16:03:24,-1
74436203.72640477,128.5518107301326,16:09:17,-1
42827524.35163294,267.22003588498234,16:10:01,-1
76914912.07724424,66.01476535981558,16:01:21,-1
77141428.58417358,51.228102391271136,15:44:46,-1
8385715.322884202,194.9407400718869,16:18:13,-1
52454099.46970058,216.21259881503556,15:35:33,-1
23321595.621263687,174.06680647286893,16:22:36,-1
59112854.46454332,342.637109134636,16:18:29,-1
68105365.36486392,8.738251528419983,15:55:41,-1
75745295.66110666,175.34578900992597,15:45:03,-1
43370801.99308994,93.7088895560602,15:30:32,-1
73468359.83355343,154.10618967791393,15:31:22,-1
51538465.75787545,298.11392948836715,16:16:00,-1
23788057.458523583,256.70668495580435,16:16:52,-1
35282836.965952985,112.62819658196612,15:47:58,-1
43086285.428811565,291.03017631410665,16:08:47,-1
17938864.181783617,64.31477841980141,16:13:08,-1
9761510.952235064,213.71950923756464,16:08:12,-1
73610834.14477105,52.84623810690256,15:42:11,-1
8607146.389495894,301.1545427674776,15:54:47,-1
38106861.560771234,330.4041108357097,15:32:59,-1
52368131.00836456,192.28410443699124,15:41:45,-1
37223094.980376825,54.37448323316207,15:27:13,-1
14029610.28981051,174.67250483871678,16:18:17,-1
60317494.796036616,192.25355935243803,15:35:19,-1
68844537.24154852,59.79092287339,15:50:05,-1
86697919.82751219,327.3357196484596,15:55:22,-1
17757928.436995156,47.39438577291176,16:17:18,-1
6631998.634709321,358.61149147548434,15:37:37,-1
17083757.120168924,107.91581426510848,16:05:40,-1
2857083.623733021,267.0037565401019,16:17:34,-1
3519757.232722209,275.41773098396305,15:54:56,-1
6028430.651610728,167.00649474256363,15:48:46,-1
68078511.98851965,323.2483200131784,16:13:40,-1
58504006.61743528,251.7915609975433,15:26:04,-1
51232977.6540185,83.52201189418685,15:26:02,-1
16729569.453191103,254.7826586834868,15:48:11,-1
88853979.0165693,270.0073855342115,15:56:53,-1
58195719.34829229,349.0005873256125,15:53:48,-1
83486318.4083933,202.65024875366785,16:01:00,-1
21336602.42883707,61.45918926148843,15:35:31,-1
28653828.327221066,140.07763899935472,15:26:55,-1
28551937.66042602,249.3328825447257,16:12:23,-1
54037968.09876357,298.33822880239813,15:39:41,-1
47303717.89578252,283.24884960330934,15:25:51,-1
36422182.57177492,158.73041347096526,15:54:45,-1
52333660.992768586,84.72677218204969,15:55:13,-1
84349519.04825306,275.6700412172528,16:21:01,-1
80111038.04018886,36.78314654856289,16:10:07,-1
53919535.45694691,276.2187295019243,15:26:21,-1
38834361.567724735,298.47468643326283,15:46:53,-1
64623015.54964408,155.62160205735137,16:11:33,-1
64351053.78742188,269.6027727614397,15:55:02,-1
14551938.774328915,183.7694136579379,15:46:45,-1
64107977.34820066,224.87008298386831,16:18:07,-1
85055901.84378828,41.08673668484015,15:35:34,-1
65577005.13532765,202.35393690878035,15:31:20,-1
61581280.57407816,62.55122014314458,16:21:45,-1
65169507.53286729,110.62837810179089,15:41:02,-1
66654612.010374896,351.47436109545146,15:42:22,-1
24670587.43374618,303.49187856714804,15:52:25,-1
76955798.9490034,345.09905815750324,15:29:38,-1
55882879.99715394,234.7447656303592,16:02:33,-1
84705002.00770694,348.9199507376927,15:57:19,-1
55603460.29277047,188.20918808200437,16:01:42,-1
50349640.30323785,115.735085812496,16:08:55,-1
41526602.41758454,258.87885202951657,15:31:18,-1
52206706.13819163,107.80705110960018,15:28:10,-1
87161289.98734047,241.7901198776295,16:22:34,-1
2022914.5035155225,4.018333481733012,15:34:01,-1
6356564.438131773,270.964099329869,16:05:15,-1
54973729.52727748,192.3605374549416,15:31:41,-1
61752710.39930336,72.67369251006485,16:00:02,-1
26225795.45021687,227.8321452860484,16:23:18,-1
48513351.04164658,303.94130877393377,15:39:06,-1
40616307.4725141,108.35355339640554,15:46:10,-1
55321625.21170075,11.206905843200762,15:38:17,-1
50155049.42748206,77.60917631990648,15:49:33,-1
18186958.942122605,274.8417160584733,15:51:50,-1
69268274.90527707,146.73087409052215,16:01:28,-1
18525583.21801981,184.29212703888103,15:51:19,-1
37635838.271106765,155.6360008079746,15:58:06,-1
64626238.154804505,248.44728145979576,16:05:08,-1
3653843.946115609,47.158181460301655,15:47:20,-1
81901060.9568573,182.76231121137175,16:24:27,-1
83789150.5095464,27.747378389925515,15:48:57,-1
46400022.26384714,212.4247850746792,15:31:10,-1
43488593.20906727,231.78448964228068,16:12:40,-1
315349.3390050128,199.0349321895025,16:24:26,-1
13249681.072592914,242.20151873720144,15:40:28,-1
29406214.027641,154.91189088698377,16:19:19,-1
23513883.52983132,120.05114587963128,16:17:38,-1
29314459.46599178,93.81692356009428,16:06:17,-1
51430212.52763359,16.62713405825707,16:05:44,-1
38875753.99087,167.53170103997024,15:31:41,-1
66641164.99151839,68.60083117885907,15:38:03,-1
82785420.64996941,357.86020905616954,15:39:23,-1
82809609.50221632,69.07118516305619,16:05:24,-1
69850031.34503569,140.24712423023252,16:22:49,-1
1893638.2788358885,339.5649997437238,15:41:07,-1
83924671.9805264,259.4424334426346,15:52:35,-1
75270733.7617097,251.75756502537217,16:00:07,-1
5174458.498940341,324.02979189020755,15:55:28,-1
2334782.056098257,183.53084075906935,16:25:03,-1
39224493.11880703,139.00664477194994,16:04:55,-1
15313585.879688635,44.64584730665559,15:45:28,-1
21246994.743675604,258.497817592494,16:20:42,-1
20476407.76976817,304.7996895387252,15:26:13,-1
60962851.34082872,81.58521162740558,15:55:52,-1
47969307.54051048,51.378226659650025,15:43:28,-1
52847862.50933426,234.84074397439144,16:21:40,-1
37521396.95806206,305.9295514942369,16:11:13,-1
82715898.58595493,100.13289282551337,16:24:18,-1
56905937.85840751,358.8533546101619,15:37:34,-1
46596376.08651105,326.6045201148641,15:28:01,-1
17987931.634925447,41.0781863603691,16:18:09,-1
63189327.99869625,354.00355335509346,15:42:04,-1
69166916.95521747,282.23161725218654,15:41:17,-1
6390539.388952524,29.22881584643724,15:33:03,-1
75268613.00693172,71.32076037355425,16:13:57,-1
22761958.52959952,109.8738287941618,15:56:07,-1
54731529.31563074,184.8587810246829,16:15:31,-1
78894925.04945661,310.4163785722169,16:19:38,-1
29716744.28909827,284.9509925818349,15:30:07,-1
75568969.10677414,210.1550421386191,15:40:09,-1
73536892.53882001,332.3172391900921,16:05:03,-1
41005855.539904326,279.49301107809816,15:34:21,-1
30405260.48136978,186.09274062154637,15:35:48,-1
57493500.94082979,71.49501390734459,15:26:20,-1
11560095.720759103,109.00782929310544,15:45:24,-1
46347699.43504338,243.2095839335336,16:06:11,-1
66144306.37260206,98.86323641544443,15:57:19,-1
50943506.944445975,255.7170216012826,15:59:11,-1
15239330.929998009,130.54722830076636,16:19:46,-1
47651515.15326009,237.9437219260816,15:46:52,-1
75771387.14578892,199.0192411479616,15:38:31,-1
17802375.845147476,115.60861789639986,16:13:01,-1
84026764.00403088,93.63047332013512,15:28:03,-1
16531517.798090251,347.4044077801884,15:43:08,-1
25574405.064407557,317.86936736119145,15:58:17,-1
1585960.9936303876,289.4314855370769,16:11:54,-1
77688918.25061631,301.7864037256007,16:24:57,-1
79448272.77170022,76.76109022832892,16:06:35,-1
2294778.446971048,260.1400165204208,16:19:57,-1
88933118.64116216,209.8698840278497,15:29:50,-1
81087583.1469513,313.0918774279149,16:15:34,-1
33397632.57754641,76.32561342086001,15:37:54,-1
320962.5671685449,64.27387694891065,16:12:50,-1
61331839.63219444,326.02830924679085,15:57:40,-1
19078259.973524813,287.84364913445063,16:00:35,-1
81202617.49522792,25.189589108732346,15:36:28,-1
55461316.029664345,336.6599514635447,15:59:28,-1
16429898.194882829,184.87140794396456,15:29:13,-1
51350425.47886921,135.60941589514005,15:55:51,-1
66012470.857157536,153.07513989547243,15:49:30,-1
66971982.77442213,93.70244904900524,15:56:15,-1
40530998.90434876,39.02245318297004,15:59:29,-1
33723635.65671156,145.27905224562235,16:20:35,-1
42962999.81965106,99.30810071879364,15:44:06,-1
72727440.69640765,214.2820933924498,16:05:10,-1
83192251.02975185,21.552323100863248,16:05:17,-1
59018222.89626342,237.65049969776356,15:48:34,-1
80005706.48287223,139.6142326679396,15:45:53,-1
20797188.518219057,13.810443406633237,15:50:59,-1
34122154.68685624,351.0579738483148,15:59:52,-1
5352856.902459714,241.6680527538379,16:24:57,-1
23360775.62033543,6.871205048809381,15:58:30,-1
59218466.48711246,155.7628365080277,16:01:10,-1
34196654.976398684,260.3857724991538,16:14:42,-1
24107227.110500496,84.29862208411727,15:38:52,-1
70622325.93993248,137.12050806932382,16:10:17,-1
59384192.40721348,332.2917037417215,15:48:14,-1
83094724.23792076,239.9915635654064,15:29:30,-1
29140478.8448017,195.7772207443368,15:26:46,-1
12754798.256673343,104.47807416939123,15:30:43,-1
21872894.95125481,238.35608383499056,16:07:42,-1
65322914.19223814,279.66122894778124,16:19:04,-1
80656846.28727688,253.3614150482112,15:59:01,-1
27339460.48681841,337.15621676934245,15:30:56,-1
75437896.57805721,93.27881433307354,15:25:35,-1
62139504.27038261,263.6931198928902,16:17:02,-1
77810955.3676685,139.04266836365005,16:09:30,-1
77424871.43872342,300.24013801424985,15:37:51,-1
8703729.057677358,168.47784680565888,15:25:41,-1
87139036.39097054,234.5790945800449,15:53:28,-1
30672904.06942831,312.93077765246846,16:12:10,-1
17279246.586094033,74.11680248750739,16:21:53,-1
49934505.39896236,78.62530928334172,15:49:18,-1
58158731.0587308,203.22388289292456,15:54:28,-1
77200340.87406944,346.8423569074055,15:26:54,-1
4608479.105153796,154.87087261822634,16:06:31,-1
66820228.77874734,156.02097953939892,15:29:42,-1
87031538.98245731,190.7629720568671,15:47:30,-1
65659183.96942457,69.49789746025041,16:01:10,-1
68839302.54289593,72.65387915157928,15:28:18,-1
83966609.68321843,194.81051907765527,16:24:34,-1
654187.8657504638,67.73451457609414,15:46:43,-1
74655504.77586015,142.37400320936433,15:46:33,-1
79376473.01616408,178.92519936489208,16:24:47,-1
66908323.01224862,309.65815746084706,16:08:56,-1
53983068.921370745,55.58262166160225,15:37:40,-1
37339345.95496019,357.0597103742358,15:28:55,-1
66931894.58730756,353.6011505999989,15:47:12,-1
21265547.355561007,60.38056397642264,15:59:53,-1
87935223.42490897,51.77317570893373,15:54:25,-1
21605234.12437437,55.90387504663728,15:37:21,-1
74448151.09923716,274.4519262409622,15:33:28,-1
58827407.53124696,20.66099375676937,15:52:03,-1
61185376.09447376,84.22331539642379,15:46:35,-1
33105661.14318516,64.37769961348523,15:39:01,-1
89362710.14673819,73.20398832756598,16:19:33,-1
21999525.222154938,182.41369335072412,15:36:59,-1
72207170.07220377,220.1194084433922,15:34:15,-1
60573851.33448146,335.405999624902,16:16:30,-1
31333859.296925254,162.89389620053575,16:18:14,-1
82858238.21852362,55.85372033937974,16:23:21,-1
79813640.57036436,23.637614215210107,16:02:37,-1
35212569.84045883,284.2897019278835,15:32:25,-1
4719834.988582023,7.983209141264207,15:46:45,-1
64016709.80586526,289.41614984479617,15:49:31,-1
21271863.318823945,224.84277969765316,15:44:26,-1
36855756.56055956,128.8600287682295,15:30:43,-1
54838320.73765501,114.26270596242384,15:26:28,-1
52964090.59721894,213.85086821958976,15:43:43,-1
38619019.16248662,305.3236896199376,15:28:07,-1
35740098.59219511,33.373905514583925,16:22:56,-1
16662310.308950167,261.36544492442056,16:09:31,-1
89928764.80285178,268.05955737693995,16:16:49,-1
4607045.668942427,313.4937215956223,15:58:28,-1
79815152.32985455,44.691042924796335,16:19:11,-1
72702904.52172403,247.03581619701228,16:03:59,-1
1002318.32342273,294.9017440660476,15:29:17,-1
3545368.071881185,14.21171501968927,15:41:30,-1
14334856.334330251,359.10531026768234,16:14:01,-1
26359406.617545243,113.97435500570292,16:12:36,-1
27008334.06208624,283.1240924901425,15:48:37,-1
9202357.036620297,194.88956812902447,16:22:44,-1
25612636.989353053,11.700063143180554,15:27:44,-1
35447058.88439516,0.59832452625463,15:45:18,-1
68610235.56160276,236.70321123523595,16:18:43,-1
10178827.763891945,343.68558888801385,15:43:51,-1
15442753.491726669,310.41401264576723,16:21:35,-1
39943209.06120638,355.1020960405962,15:55:13,-1
75811270.11084493,68.1084514616762,15:57:17,-1
48995171.79283672,276.846667084271,16:09:55,-1
49122573.887821,127.7053388611142,15:59:21,-1
83943565.53499478,125.0948349738669,15:33:13,-1
84763366.30369686,118.60772958894326,15:53:40,-1
58728666.90849962,217.2621777627297,15:33:59,-1
2538193.297051486,17.269589242928873,15:53:00,-1
86722859.1258898,28.922090145055208,15:25:54,-1
41974631.62792416,109.73113818956053,15:46:48,-1
47633886.39675115,169.27676197332437,15:58:50,-1
59214223.81620083,275.76683862547554,16:08:27,-1
68967667.47404477,340.5028115044605,15:58:18,-1
60786101.23775269,275.0914831604452,15:26:56,-1
46300977.582684994,40.55627593036846,15:35:14,-1
36570648.24669118,53.77806482965368,15:43:19,-1
37697346.34449433,341.3186881530899,15:31:15,-1
68065280.99821097,160.58316799171672,16:03:59,-1
48745844.7663298,127.66137939486728,15:42:47,-1
83545241.18468286,138.13328488408993,16:19:10,-1
23498106.07011422,347.9820341213816,16:15:32,-1
43532825.99681434,73.26015587904192,15:55:54,-1
58026466.89278367,57.28178799854993,15:32:54,-1
77921066.16375476,195.18372180176857,16:22:52,-1
72781388.85089007,60.16941516114999,15:38:33,-1
36557899.1526198,7.47488439244592,16:17:04,-1
32547925.458781745,212.46591116470785,16:17:37,-1
85731184.18942168,120.19803139654896,15:37:55,-1
89130599.86101222,115.47081086230988,16:03:25,-1
58593249.6994549,92.78457567954388,16:11:36,-1
852760.7697591648,299.3890810642304,15:26:59,-1
32577288.419241905,169.58076235222748,15:29:11,-1
67566778.14541341,169.1620107028888,15:39:22,-1
4652851.167139958,4.939544930151665,15:59:37,-1
71035242.42560953,249.44484339196208,15:34:36,-1
80050867.25789069,206.89565204605188,15:36:34,-1
61557428.273760766,246.4352631759822,15:38:18,-1
24912183.599231977,146.3615813019934,15:52:02,-1
2570057.8686195333,277.7545096951574,15:38:05,-1
41119132.80823824,250.4496118253244,16:00:23,-1
24697591.504796788,15.226675628137423,15:34:58,-1
39561656.58672384,248.96640635243529,16:02:12,-1
89916298.99599989,275.8364534143731,15:52:13,-1
45892165.92445368,140.9056531119361,15:46:54,-1
77911278.22653589,92.05039667540856,16:22:46,-1
31768877.371348385,34.61618205500579,16:11:31,-1
2905499.366512435,234.8989795852825,15:48:36,-1
13372235.580432434,64.5512829658244,16:05:48,-1
54913224.18635717,351.8749349052825,16:25:01,-1
66164897.20902044,116.7930485459341,16:22:39,-1
28530084.120811976,214.71355217344632,16:06:35,-1
87140229.35441113,6.675017296838206,16:06:04,-1
22483122.96320584,356.80780854346506,16:11:22,-1
17271523.03900433,57.46044439606752,15:55:51,-1
45813626.9316739,327.50211266770225,16:23:15,-1
15069916.810434036,264.01272383882,15:43:21,-1
18187995.14188389,285.6421086397572,15:56:08,-1
27552847.9214744,121.93606193079977,15:27:39,-1
66078002.32535037,206.184210604158,15:40:56,-1
10775059.868925665,77.02452523858355,16:03:31,-1
64499907.03842632,35.8863613378851,15:56:12,-1
28736758.21312996,314.8033352014162,15:43:37,-1
56022765.65578613,188.5163524024221,16:18:16,-1
34735734.67636909,107.059819033832,16:00:27,-1
71586186.13716061,231.21576602532156,15:43:24,-1
61259167.554030456,63.15835831006575,16:15:52,-1
15778073.34267058,201.56032220096463,15:33:23,-1
38500935.33385637,283.74447407096125,15:56:27,-1
12952550.723699735,261.65197873691767,16:15:48,-1
27773417.900519934,157.30195084088135,15:34:22,-1
84413160.39489143,187.36034945594028,16:15:24,-1
79153301.86628579,250.40887027972528,16:21:56,-1
65408182.707992025,15.787351792967224,16:08:04,-1
25108421.81205671,129.34536312534752,15:35:27,-1
70883956.93975294,260.1388118209978,16:00:20,-1
66588993.89943097,345.1293387590175,16:21:32,-1
63369225.452401824,303.3402107773232,16:24:44,-1
64710898.16881334,291.1723654333297,16:07:07,-1
60387487.77205553,337.34755963857447,15:35:46,-1
23760340.468462057,6.0824118583054165,16:06:03,-1
77978608.327246,77.73646410097848,16:04:00,-1
35793747.68075584,174.35266002051665,16:14:02,-1
50459293.61389504,261.3806771451435,15:42:01,-1
16665464.927819028,107.92814052877036,16:04:54,-1
17578036.75291794,225.6293774591457,15:43:26,-1
70348126.58432975,222.03463766839408,16:21:39,-1
35475260.07585786,163.95774049567032,16:20:03,-1
85814178.38432328,354.4488141926996,15:33:34,-1
5942079.7412415845,338.8212403058644,16:13:49,-1
27517610.560280327,94.90500232207242,15:45:44,-1
78940592.43771513,270.50435786877404,16:05:16,-1
50854914.645078,274.94996818058854,15:58:43,-1
65186565.5046204,351.2238208576664,16:12:31,-1
61008672.48505225,300.230695197482,16:13:59,-1
17146029.60271497,188.48587837692745,15:44:26,-1
65569246.11566643,173.9128705621409,16:02:51,-1
31367641.873330887,32.62226508096962,15:30:29,-1
51853557.214916274,291.6478000692088,15:58:57,-1
26863627.885025475,183.6869152199245,16:05:37,-1
49143221.20777028,327.82579619620003,15:57:45,-1
15859202.473699143,271.85909260180256,15:40:21,-1
86207569.64205256,62.4818224240916,16:01:33,-1
79706546.06404914,274.7306488701265,16:05:24,-1
61832744.99378877,73.53529685323744,15:32:43,-1
80343918.68249092,335.0861659488632,16:10:06,-1
18341918.732823588,328.7229114850437,15:28:26,-1
56616797.308181,133.65818699583153,16:10:12,-1
5312015.489809203,311.22486152919106,16:00:58,-1
38704354.71856098,296.8547461460851,16:09:41,-1
88607222.53327629,140.0949959436182,16:15:57,-1
47479326.226210944,265.35881740990175,16:08:55,-1
64170864.14908633,277.35317335917654,16:02:06,-1
52818223.47541975,253.28699901584667,15:27:38,-1
83646288.44511192,241.49480921375743,15:53:42,-1
14916295.724966004,211.70637776605236,15:33:36,-1
57074203.58303206,353.2707535655776,15:47:21,-1
67872785.64384782,109.41756558697548,16:12:20,-1
62662417.501891874,226.8829072692893,16:12:15,-1
19078306.846999016,186.78249384152195,16:23:59,-1
53322867.36558563,270.5367601486,16:07:31,-1
65164712.75511772,95.60004881177416,15:35:59,-1
81220700.80112909,337.6935404154503,15:26:02,-1
52078600.22056546,353.65229268042106,16:06:19,-1
17813863.35604137,129.91911555094194,15:56:42,-1
83407855.77370985,179.48441603986814,15:31:45,-1
89069306.11276819,169.79864057576032,15:26:56,-1
69637480.18872282,327.27920070972067,16:07:30,-1
22054468.46703269,205.89231999759505,15:28:55,-1
9933888.14516266,43.22416461138536,16:09:28,-1
24481818.39419134,184.60337313316123,16:04:25,-1
48380190.2780361,296.85239636610885,15:30:14,-1
79096860.66159916,2.418162025283004,16:22:03,-1
80027081.35304664,35.654322611913784,15:48:04,-1
23829250.41449323,353.6487411802152,15:28:10,-1
45133963.46126896,315.5488336173076,15:56:48,-1
53660104.43352071,110.75199081785468,15:30:20,-1
65199432.92347231,233.74510120925632,15:49:08,-1
63967994.75649589,350.84181654219907,15:26:37,-1
59691167.72330227,339.36097697534024,15:51:26,-1
81190356.33124146,359.91100605555886,16:01:17,-1
73883713.05330826,285.48618439703495,16:05:22,-1
80596061.08896479,336.43209058097824,15:29:42,-1
14889518.013182376,209.3980322413519,15:33:01,-1
29098281.65226637,266.0810810426254,16:09:43,-1
40647191.50056745,247.50059171654345,16:19:02,-1
26485347.08530986,186.53127212372013,15:34:18,-1
8523874.595776161,303.8106098891592,15:39:57,-1
70750181.64386918,266.6755788046518,15:54:15,-1
25559596.216572296,354.53518820939,16:09:14,-1
39620986.35849869,314.52325543213965,16:10:23,-1
54556608.7494216,118.67450794567296,15:53:04,-1
35774689.91126952,319.91159470743685,16:07:45,-1
1016572.4734769376,25.397555995249235,15:38:40,-1
73752036.18578452,184.8009373239952,15:41:40,-1
67020424.10120199,8.346285389454389,15:49:55,-1
50730884.33771698,133.85370607833497,16:22:49,-1
52776988.74258072,108.3489298895844,15:33:17,-1
10652064.71936818,237.8440262003544,16:08:32,-1
54876596.796747655,317.7580090159821,15:37:35,-1
50333731.872388616,158.81289315825404,16:20:41,-1
37738008.2327395,12.826307918603508,15:36:00,-1
20046373.87493832,29.09023298265122,16:13:08,-1
68486838.1103034,24.95947115440337,15:38:10,-1
47788419.0844617,357.93045032040186,16:24:32,-1
64718421.27281728,33.241108189742306,15:33:29,-1
49842559.30407728,116.41440077407934,15:42:02,-1
87118763.44653186,77.90439719328184,15:30:26,-1
38294305.5899446,2.4115595903260045,16:13:38,-1
46734143.5148895,320.44724783158006,16:22:16,-1
77154794.08177209,291.5800478149181,16:09:19,-1
86648523.94700871,42.96127109125536,15:26:42,-1
26882700.612658657,211.1590822713949,15:44:50,-1
42686594.88646512,189.21757732128697,16:04:19,-1
87676828.19551253,206.48434460577744,16:09:52,-1
39379897.11519394,49.93158441574165,15:29:13,-1
32317436.740936767,44.1067559979292,15:29:43,-1
17990498.474278696,74.26171101041567,16:00:54,-1
33777084.90336504,39.54044778401635,16:12:01,-1
74334282.9514094,39.423868606277935,16:00:59,-1
12738339.606359065,94.23709187890802,15:28:51,-1
17813023.87071656,46.15509827166826,15:29:54,-1
54271938.16283404,243.4983901612493,15:31:04,-1
83805140.33464928,346.03374608874304,16:05:45,-1
23355553.994941104,351.890560790132,15:45:48,-1
23194035.590241905,173.6686099313766,15:41:54,-1
25357113.59616844,261.0620342766643,16:14:36,-1
72585759.42749377,124.79261947576212,16:15:22,-1
31046673.04546504,314.2841942865033,16:18:57,-1
81461026.26428634,314.845123679217,15:33:06,-1
31629637.692658957,169.29211251264186,15:34:29,-1
72412839.92292143,134.0957820673349,15:51:46,-1
62901229.085588366,58.702954569509,16:17:03,-1
39742743.94186372,203.48267982363933,16:17:32,-1
19802650.092528805,216.8859813826714,16:12:17,-1
42641344.877177134,168.63562350334809,15:25:35,-1
39686722.0124919,281.39753610281514,15:40:59,-1
17142643.313375328,135.90965035935517,15:59:14,-1
44109872.12062227,314.96422609689495,15:51:10,-1
39193734.83413034,132.86524821302098,16:20:50,-1
40889196.22991415,185.44319139640925,15:47:26,-1
8286279.382823311,355.028939482259,15:36:56,-1
84102502.38377824,168.84839788057772,16:17:47,-1
78426821.32098493,276.0939040868506,15:58:21,-1
41136724.139753446,248.54817227464792,15:43:40,-1
65943940.92506059,220.96278785839564,15:28:03,-1
53968129.01818654,259.68085727805874,16:04:27,-1
13767922.846127003,273.8917360691816,15:54:53,-1
43470126.47430494,238.9937775387536,15:40:10,-1
48474427.81578879,262.74934458033016,15:59:01,-1
85685639.00467034,263.5079922649886,16:18:40,-1
68521636.55522877,325.9347265255936,15:34:03,-1
17484091.661527086,172.8726793488126,16:04:00,-1
36065231.64358827,337.3354207740336,16:20:07,-1
84265428.9337101,42.18558572419881,15:40:15,-1
88027040.8957092,305.34255362340053,16:15:03,-1
88083809.7493273,137.72379440766525,16:03:07,-1
53672885.87055742,269.35284584224854,15:49:24,-1
60539685.484389424,43.57888043678807,16:00:30,-1
32703812.38739021,269.9495128680622,16:04:21,-1
62068816.85660824,270.70561680010235,16:13:44,-1
80858916.7588184,7.095972824969539,15:28:41,-1
67589661.86016932,300.48307408553296,15:48:19,-1
46883967.55108079,341.47669230343104,15:45:34,-1
82966670.81420381,42.93012512553384,15:35:27,-1
66104650.966318816,73.91353954640265,15:54:19,-1
60679204.4367416,169.46093648553904,15:38:20,-1
57352674.6394148,246.1495564691432,15:29:56,-1
70697987.85909896,196.8389604725682,16:15:28,-1
32397183.80648988,356.9391510273142,15:32:54,-1
56325612.65251725,270.5641858530076,16:08:50,-1
12819810.80218546,21.32623442932909,16:10:29,-1
42894420.05986472,100.7911617467685,15:27:26,-1
20811433.673461422,13.406472340366754,15:28:14,-1
15205751.79215638,236.7494276014273,15:50:35,-1
16950116.55937282,302.18575246998785,16:10:34,-1
66032937.517826885,100.98355303881333,15:39:05,-1
78810645.03014201,220.7765196289089,16:13:30,-1
55227910.48902111,124.44514876997158,15:28:54,-1
47859997.17421538,104.99149024602114,15:41:12,-1
85359244.0506674,152.8292811486744,15:56:36,-1
27651023.246190805,230.7568749316451,16:08:54,-1
89726698.50461341,129.54564622021294,15:32:58,-1
36626496.52551729,234.6871747499288,16:03:55,-1
74521503.44539021,175.12971114183816,15:55:22,-1
62018838.17003059,298.0780967620876,16:16:22,-1
82149670.73283453,106.26172390502622,15:57:47,-1
69509941.40424679,256.3964640555559,16:12:01,-1
47759554.425689615,140.7015077801593,15:52:01,-1
52358701.19605315,312.01755414011046,16:13:47,-1
76683448.85798676,197.1747314048836,15:39:07,-1
23697578.29636821,230.146475613328,15:59:05,-1
46740000.69510772,222.72073215858495,15:45:14,-1
33794481.60320146,356.1648662578907,15:45:00,-1
7912872.360043581,156.63380114981877,15:52:20,-1
50535420.34811198,4.84253692928466,15:56:26,-1
1224672.4880519812,359.6824182603464,15:41:47,-1
2888907.0476761376,107.85703933598404,15:34:10,-1
36738713.780323446,64.63400615717738,15:40:48,-1
30753056.197311644,6.213316020191511,15:35:57,-1
54959337.13833448,146.7914941669203,15:39:31,-1
23728783.16019007,154.9920653290872,16:16:53,-1
9569546.049605474,295.7916560585776,15:55:20,-1
58749187.33389385,170.65677983350963,15:45:00,-1
80153757.8302687,288.98521275423343,15:36:06,-1
53721417.81819209,216.07744414813695,16:13:03,-1
27339639.526798997,191.9492507228046,15:46:45,-1
23301362.32625622,345.8140052832355,15:28:10,-1
54187708.20252531,254.38659625430017,15:29:42,-1
37449949.73042852,0.0626362254396184,15:27:04,-1
11959085.63865644,193.3377378822656,16:16:30,-1
13850309.94613068,87.5351329793879,16:20:50,-1
28216494.360715665,189.21712530781923,16:09:54,-1
57523153.502893,238.98567774049167,15:38:39,-1
46926869.33000256,75.64727236690456,15:59:24,-1
34762971.568828896,81.53027430445862,16:18:27,-1
10775335.85173676,225.5848835848653,16:01:46,-1
13436543.13243533,196.34221169629603,15:59:32,-1
28737625.92640294,12.249325465304375,15:31:06,-1
70943019.52496421,328.81657394886224,16:05:38,-1
83231369.28597187,71.14389425700769,15:26:30,-1
43863004.247951046,262.83056684592145,15:29:36,-1
89659518.64060414,73.57160716953113,15:35:46,-1
49499591.78146989,15.075554331428036,16:01:11,-1
86306919.43001813,193.280983176415,15:33:24,-1
55759208.23057983,86.48818370739588,16:03:33,-1
16048720.00279138,141.9716317729314,16:05:42,-1
33100949.828342788,46.785505541275306,16:12:52,-1
60954419.380507536,215.9558672454568,16:09:47,-1
37394668.54163592,101.83349280295614,15:54:47,-1
17736780.444984857,255.2377120970465,15:28:04,-1
25236168.09696122,305.1725412714965,15:56:23,-1
9916778.755017333,50.09839014148439,15:51:35,-1
24792964.475291163,58.56961559726973,16:10:59,-1
84273214.87720603,138.27501857838251,15:50:47,-1
81365383.2928196,164.7879733487945,16:13:11,-1
29126984.9718923,265.741516509804,15:59:42,-1
83297717.04208705,45.82111187369725,15:50:08,-1
37906051.06216091,289.42835240966895,15:53:07,-1
18835359.793216933,226.78469097558337,15:27:55,-1
88733264.01017082,86.86835441159745,16:16:03,-1
49661239.0427807,136.18754457025722,16:06:36,-1
58354990.767380446,9.134289235073576,15:33:39,-1
39880993.51313077,180.2999371402236,15:58:16,-1
51616951.93672306,76.01155377745685,16:22:22,-1
29885709.75104991,335.8220467602771,15:58:10,-1
1891982.5374093752,3.1798857909785694,15:26:43,-1
57473857.20448788,61.59557376371746,15:37:23,-1
1932035.8602430432,205.5986627449962,16:23:13,-1
73153827.63440779,75.3918303447158,15:34:38,-1
47444315.945388205,224.28896585322445,15:49:55,-1
69479099.76883307,213.3804779547112,16:04:23,-1
41830810.81580619,12.040986896906857,15:37:57,-1
75521745.89336522,300.50497558967,15:37:43,-1
57866552.042533405,281.08932842976094,15:39:39,-1
87687515.41315551,195.70990472192705,15:49:22,-1
42128868.89757192,134.56830631557511,15:52:33,-1
62610579.35976861,63.92809684381615,15:43:17,-1
84410758.3105792,15.402236036357522,15:43:33,-1
56815103.26807264,25.41559462493652,15:57:20,-1
8809807.808483023,102.30667605498267,15:50:36,-1
85876236.69060054,224.08086696164116,16:04:04,-1
60651811.30675899,22.12259319850388,16:20:07,-1
17401393.41544301,131.0458294184537,16:11:34,-1
54203708.496535406,294.7236866792213,15:40:11,-1
30829164.60716009,166.53709712970934,16:22:18,-1
64969300.34619442,59.614385670921855,15:40:41,-1
19306660.766619936,118.13765801272444,16:05:38,-1
22115839.754658964,68.67859604786427,16:08:31,-1
84449289.89696024,210.4333178892384,16:22:59,-1
3729271.2681386056,10.665764585390406,15:46:02,-1
52384756.0942958,129.42362306637293,15:50:23,-1
48405368.206679486,70.85505898418621,16:17:44,-1
43470178.07625183,323.5718136761789,16:07:20,-1
61483024.68124039,294.6013630344154,15:30:39,-1
75698522.63402987,150.09484023791904,15:32:33,-1
35533050.92662851,96.52451460056535,15:55:44,-1
63107445.86311981,34.15712108637392,15:27:27,-1
33913526.32195015,328.9642926873628,15:31:23,-1
68444069.45805703,260.4904617610826,15:46:36,-1
70754566.63682964,167.96731763394632,15:33:50,-1
21632341.0459697,314.68131548556096,15:54:44,-1
66237916.837206,302.622706632706,15:43:38,-1
4445754.427125547,338.39816988304466,15:38:27,-1
9226006.615482444,132.08174314922258,15:43:18,-1
41914292.51560056,112.33145858089765,15:25:57,-1
71511631.39999145,303.6985849737161,15:55:01,-1
12998416.94497402,79.09118435719874,16:11:51,-1
54713994.93918076,4.436645666272612,16:19:21,-1
35562716.81906253,304.5834988823539,15:52:18,-1
42495906.42857464,207.19644335145367,15:55:12,-1
23467956.28865956,306.6752610702978,16:24:51,-1
34798426.82574803,153.1640008960294,16:24:34,-1
78860013.4974062,76.40508258825179,15:33:09,-1
6909146.533153065,297.50245708709514,15:28:29,-1
81729545.84139435,348.8480726618056,15:51:28,-1
78348724.47131827,55.97113777663691,15:51:16,-1
8855978.00528945,270.7071260011897,15:33:19,-1
82944002.99396573,318.6239863591944,15:25:46,-1
7578845.531170006,131.17007189656096,15:52:04,-1
379470.2462319983,187.13672024984004,16:19:24,-1
72338209.0651441,337.6360813099593,15:37:27,-1
14286354.117097942,123.0261335213346,15:39:15,-1
8592018.806857461,315.3615074854082,15:55:24,-1
33126750.044325143,50.11674561495568,15:29:51,-1
72869273.71090381,165.99124180407895,15:56:14,-1
83867353.3939777,51.55198813087571,15:53:30,-1
75380962.74031614,172.98694219444914,15:36:54,-1
6974824.728590568,355.45034860851257,15:38:44,-1
19463197.18243614,191.9866913280936,15:58:43,-1
76035898.27976373,281.51760486919096,16:13:00,-1
41065548.60054589,136.82715409013196,15:26:28,-1
49636039.92591659,41.41738381630992,15:58:09,-1
50539618.73483318,296.005600998308,15:33:19,-1
44154423.64918298,345.2408366987421,15:28:09,-1
9097108.555355689,256.5279375088392,16:22:33,-1
8760057.711901186,172.01949962336712,15:53:29,-1
88322469.90161633,242.1957176697589,15:45:33,-1
53622023.85941861,18.44830834931795,16:06:15,-1
89394945.9074175,200.5949279164596,15:39:05,-1
49041304.53264348,25.81904550327639,16:01:38,-1
8445282.54211103,340.2083034091488,16:02:26,-1
40618770.37237775,87.33829530436819,15:48:40,-1
39089496.01896394,132.44362099770566,15:49:19,-1
69063975.48058999,92.97857855639084,16:08:30,-1
30857333.634497996,15.734359754038838,15:40:36,-1
39186423.94267345,153.79328147432295,15:50:35,-1
32185130.79116628,118.59623407602436,15:38:43,-1
69911586.17789386,20.74269728987707,15:48:31,-1
64606221.27193543,178.08199084180637,16:15:15,-1
13919706.859444885,92.01392847488458,15:53:21,-1
48243472.22287043,76.6144180979833,16:16:41,-1
41953709.62901004,299.027016204331,15:50:16,-1
27169703.5075687,227.2406863651479,16:08:58,-1
25894591.138579197,212.61794139539217,16:11:37,-1
10558767.34028358,91.61512603327996,15:35:01,-1
72135353.51729275,248.53367255687053,16:10:10,-1
19816772.630837813,48.612920299727904,15:29:52,-1
38239133.58253711,299.45415800436723,15:36:41,-1
31199412.21579845,351.7879590188974,15:52:09,-1
21926328.337679457,202.45013792199197,15:31:44,-1
16286658.604833446,209.66444346341177,15:33:29,-1
43993880.96293008,39.24227313229531,15:28:27,-1
26429043.14309075,300.2082405823875,15:46:54,-1
38541593.839133486,149.44456370357415,15:57:56,-1
56941594.312636,324.24926718361365,16:09:19,-1
33318749.1204409,20.76788153149692,15:47:33,-1
25814095.779013462,25.63432130356878,15:57:56,-1
58289738.59972677,153.84284371811503,16:02:42,-1
12759254.869511943,157.61877557066003,16:15:53,-1
43230230.106058985,95.60336135527147,15:54:27,-1
75281483.97488564,318.2877761252997,15:27:31,-1
5887513.1717237495,27.89313517437553,15:37:47,-1
5203150.958257272,106.32968738706248,15:46:00,-1
66132266.61421767,7.294778031758762,16:19:02,-1
89196010.87088044,187.71187988977664,16:05:05,-1
17981322.8507457,131.03423310442471,16:23:37,-1
18302544.646446947,228.2615139531337,15:50:58,-1
26135277.544762928,36.08231701404195,16:20:22,-1
29385107.550296675,304.3898410411884,16:17:24,-1
52653689.38089435,305.0367242924912,15:58:08,-1
15098053.773721429,340.2000382738833,15:34:16,-1
2233653.017193838,335.14383918035674,15:33:42,-1
54358306.99033475,154.1632640948877,15:37:17,-1
63104042.54729106,71.09568128203792,16:16:30,-1
24073902.447952863,312.89702783226096,15:56:50,-1
69826958.4870229,162.5737662386802,15:34:12,-1
4672314.9916921705,144.70004255920853,16:02:02,-1
70317129.42467822,173.12522179395845,15:36:33,-1
71997557.5883998,241.03227534477165,15:43:57,-1
76590128.31183165,183.60113857209475,16:21:48,-1
70935875.09242055,63.7508176615805,16:13:32,-1
11058650.101999702,226.82215912375284,15:28:39,-1
18399685.72322472,333.4744182549574,15:43:40,-1
48151905.97009525,273.9415376412044,16:07:53,-1
81265725.24933448,68.41740898707242,15:40:53,-1
6007826.9159747865,240.81662847393648,15:35:11,-1
17237941.052531,142.3603108618412,15:53:21,-1
15533728.763834408,73.10489924992407,15:29:56,-1
19514417.8523768,334.55998010624376,15:57:47,-1
49549184.35943068,76.31095074788234,16:22:11,-1
58893019.22177876,175.9732961538154,15:59:29,-1
21848001.732588965,9.099718109758436,15:54:26,-1
87644996.52738902,168.48297300264167,15:56:17,-1
10902796.07974076,308.2579863879525,16:25:16,-1
21105012.18902946,334.8721441358462,15:36:54,-1
22632458.233544733,252.55254205161012,16:01:31,-1
50997108.63763018,346.07720094240307,15:44:34,-1
2018296.6779617893,244.32662487671175,15:40:27,-1
18870210.3638224,255.40502882109675,15:34:07,-1
47288785.62780544,176.30762904533245,16:15:21,-1
28764426.645737235,104.0680257246542,15:56:27,-1
42990364.81623292,77.59337919520154,16:16:54,-1
3811239.3113460266,202.65054365654,15:28:51,-1
17277272.180547852,62.362000104135056,16:10:58,-1
74847908.04865964,264.3853620042363,16:19:58,-1
53405120.064576335,299.7255615244564,16:11:39,-1
36952422.34871446,306.74306542050755,15:33:27,-1
22322326.518401355,353.19397783823,15:38:09,-1
15241585.979272297,312.89957071993564,15:30:05,-1
18719608.14231002,87.85445876914228,15:58:31,-1
20886230.10533565,130.40315929877647,16:07:16,-1
2404159.413529136,302.67980505810726,16:05:04,-1
73300603.19273843,39.48233306164269,15:39:19,-1
51870533.66787555,53.29535788724554,15:36:05,-1
12820546.70694246,139.76257596844553,15:40:45,-1
72911634.75328991,89.78656105212448,15:36:19,-1
3385848.9756077486,166.8510583230815,16:04:28,-1
44170460.73660696,31.35818948816032,15:53:16,-1
65150475.10283446,298.4021215854032,15:51:06,-1
11845825.687628446,117.96555250306118,16:09:34,-1
61711796.02343104,130.28356103831564,15:35:17,-1
8290217.818217888,21.42215977221383,15:59:51,-1
86730085.79266727,305.3588961685262,15:58:29,-1
51359282.71521518,358.1399395579168,15:51:44,-1
70965826.29411025,29.396293341938595,15:49:33,-1
14510469.014390731,249.6164931704179,15:55:27,-1
33061306.181358468,246.7241532505611,15:30:14,-1
50927004.59783472,36.93428031795157,16:18:13,-1
40754558.46878176,309.4277959680577,16:02:10,-1
23717663.76502388,53.36812124304088,16:18:22,-1
73571791.34544201,87.16375830342305,15:47:56,-1
6285505.980527241,254.6481176515169,15:48:11,-1
21344514.664433874,89.54570558788942,15:51:44,-1
71228951.4242433,227.6064886186128,15:31:13,-1
81798924.51387137,258.4783937473692,15:49:10,-1
66976136.27451043,98.02007527883856,16:00:46,-1
27230605.120082743,260.8861977866241,16:06:22,-1
42538756.41417291,122.98613183830297,15:37:56,-1
55725729.91112951,159.524130899927,15:56:14,-1
25037682.42052845,342.6038131768403,16:06:38,-1
10601530.091793748,9.745182547514716,15:53:44,-1
72031975.74715845,311.9856652509714,15:43:50,-1
29113258.128749765,65.9189494412162,15:26:26,-1
38617675.46052731,132.6955043832459,15:31:10,-1
60049143.04324164,125.16242693644412,15:41:05,-1
72702499.5756843,49.39256030745527,15:51:02,-1
88943045.63782911,273.7850942097786,16:23:12,-1
37764979.046361,8.319743370719245,16:16:13,-1
11008286.415401362,102.41194080338376,15:38:24,-1
12039795.519166516,315.3107074368523,16:19:48,-1
54877954.858714975,10.787900047549574,16:19:15,-1
11304434.290695248,162.069608318601,16:07:10,-1
33281597.00389781,136.6324648469699,15:37:52,-1
48960533.22223208,91.94123505052715,15:57:32,-1
45931904.67124356,286.7277285655998,15:53:36,-1
65302617.09768978,342.1964868291541,15:27:41,-1
26419182.31620132,87.55214909165025,15:34:44,-1
67281695.72722836,73.24943496527162,16:05:57,-1
49815675.327852845,77.466527136155,15:52:36,-1
25424466.14761878,244.4810175586824,16:20:15,-1
68247163.6040361,357.20559565865,15:53:26,-1
5230831.382792758,262.2028450400624,15:37:15,-1
36810063.622928776,47.819775516582034,16:22:14,-1
62644842.35219698,75.20178148844064,15:59:50,-1
50934775.43995388,149.52160055480266,16:21:08,-1
76626307.69424693,226.51359684635085,16:23:57,-1
11098978.2657364,9.065310752527663,16:02:26,-1
52805446.24352156,225.54858805288924,16:09:09,-1
9122583.118146598,328.89571556785666,16:11:39,-1
7520720.566090312,89.49153963853531,15:49:52,-1
18534175.828888725,120.64376193922982,15:39:26,-1
60610540.02684963,336.12500913045415,15:41:37,-1
80623177.11395621,241.0786850302591,15:55:05,-1
8233788.610249247,266.1264625788315,15:32:42,-1
22098381.99550542,273.4702767331969,16:03:11,-1
42829747.86894576,263.83965196072097,15:41:57,-1
42470039.93737641,259.1296893871541,15:36:00,-1
39776571.76419364,299.3972440297172,15:42:10,-1
32800.950021438344,95.20027587771928,16:05:39,-1
58591594.563679,6.016297486113906,15:25:42,-1
10519093.068136496,233.1694641353154,16:21:36,-1
85310101.6675896,173.65269451563017,15:55:21,-1
31010963.63805964,334.3911952098188,15:33:46,-1
18110926.913888182,262.2629294960494,15:58:41,-1
64794574.99789773,161.22130509673804,16:21:33,-1
82803140.15290801,187.074860256472,15:35:10,-1
48057986.86119871,58.418727149817975,16:05:34,-1
78629202.77735242,253.58147613612292,15:54:32,-1
40697669.27961214,37.20539038128763,15:48:44,-1
27168459.64159012,196.30173662871857,15:56:57,-1
59958130.1350402,230.19061774520455,16:00:35,-1
42621825.02849754,270.9138624094361,15:30:36,-1
15048503.33274383,40.45490017283003,15:55:18,-1
41888775.32962327,76.40258476125754,15:47:49,-1
29994404.428681344,184.0215870185289,16:04:43,-1
89656805.39821875,218.08308158010783,15:27:25,-1
28698697.73719452,358.51879206365163,16:06:07,-1
51091672.75322631,308.5122434702711,15:36:19,-1
67707040.00374116,35.50683229631722,16:16:29,-1
10743528.787993325,10.084655553605756,16:11:15,-1
71122243.56966588,273.68303338903246,16:19:14,-1
37348829.33002541,162.19446839523854,15:56:19,-1
81594918.7521504,52.05929593014163,15:47:24,-1
20497469.436891302,255.9155297765841,16:13:52,-1
63829888.76530646,318.2693803025612,15:28:08,-1
82529386.0890621,111.64388585487904,16:10:49,-1
39566401.35945827,66.36939168848482,16:20:18,-1
45989441.28770138,292.776753232194,15:44:14,-1
68762559.53056955,160.05813118046865,15:42:48,-1
43415424.20350367,353.09793305506724,15:39:46,-1
89757349.73083918,3.1390972103198944,16:11:21,-1
19277869.71677333,297.96614944478193,16:21:54,-1
77910725.19064383,241.72744045611967,15:58:12,-1
13016694.523108147,98.78405142436836,16:06:07,-1
9507418.6834665,308.4230319748528,16:14:23,-1
43255673.11344524,210.0854254814301,15:55:32,-1
45751995.88875971,284.0024005786897,15:53:03,-1
68128011.38950433,131.49957298651273,16:12:54,-1
24800421.69147326,217.58848383133528,16:19:35,-1
47899183.85957397,109.82202287892716,15:35:13,-1
40566186.777303845,73.02516071026864,16:02:31,-1
15194754.703844275,213.9710868088644,15:48:08,-1
78596389.5358456,148.70890451500904,15:47:44,-1
29606047.50118486,228.6908669210376,15:45:45,-1
24852154.68825162,275.3007018173735,16:07:48,-1
72533663.29955712,252.779911433237,16:17:31,-1
52650667.31634113,322.77402058993323,16:04:39,-1
76171443.06048755,294.26158878578485,15:27:01,-1
19704816.2344068,119.17429125754587,15:52:14,-1
63959234.61831444,31.16823528996862,15:27:32,-1
86435118.68674704,74.23556914359929,15:44:19,-1
54528774.08551804,60.766586179068256,16:00:40,-1
24919999.306485705,340.3971549951939,16:10:00,-1
38845890.61921495,338.0408723339883,16:02:47,-1
87444203.94110219,252.0397490254149,15:56:06,-1
87031906.59977555,44.80734822111488,15:50:23,-1
78049023.65377896,312.3087283903752,16:08:52,-1
74816362.95926854,92.86062226610449,16:22:21,-1
80059714.89652634,243.85826692487404,15:58:28,-1
57501400.01380054,12.423577241830465,15:30:16,-1
84520032.0277016,351.8077001961177,16:19:43,-1
21509096.334236924,265.45626903519,15:49:49,-1
48781909.10436035,73.78145483854185,15:48:49,-1
24241931.352291293,209.7428986209,15:42:17,-1
89096889.15064172,299.8677462601854,16:18:48,-1
9448505.531025551,279.1466148921921,15:58:24,-1
81889812.24654043,77.11198729685101,15:26:49,-1
58037746.45478166,39.51526913527067,15:39:47,-1
79998457.3467864,309.8735683267007,16:07:29,-1
31447650.22341692,19.86256816091466,16:08:31,-1
73127456.80157024,321.40267456281,15:38:30,-1
74887451.0610658,15.275999580006795,16:10:49,-1
19686761.408428416,271.07662257551334,16:20:14,-1
20085665.201453973,167.0624532085696,16:03:06,-1
44333960.40011366,236.24357564278367,16:21:39,-1
21873255.310065366,328.3526341803273,15:51:32,-1
24641665.39700601,47.08111095574396,15:53:31,-1
73120016.58534344,55.79570816018855,16:11:32,-1
82634070.55467923,59.19166063194951,15:47:38,-1
13380135.330648996,311.5401489514328,15:50:44,-1
21663289.19992305,193.8460888153521,16:15:04,-1
45507560.30971424,74.70935212513548,15:36:20,-1
56356471.02375764,290.9122352925726,15:36:52,-1
15477131.619035352,356.87167142760416,16:06:10,-1
32773459.52991736,126.30880471165156,15:54:22,-1
3038122.024109529,153.38999023118788,16:06:27,-1
53953875.17969944,299.0846101360197,15:31:16,-1
67310524.92331344,249.9969187342837,15:25:57,-1
44282062.87721781,45.88891057110034,16:23:41,-1
17425148.2415443,192.45469123186805,15:37:24,-1
18043017.484748445,163.03305840323915,16:01:38,-1
86139304.10941224,331.3139249797547,15:33:07,-1
51693276.68906254,250.01939812220192,15:44:23,-1
77138959.87300745,282.13378902223747,16:12:15,-1
9161124.555268483,87.97561398973761,15:42:03,-1
13541986.717962794,153.15433960343532,15:56:01,-1
51371384.0102412,136.05218386192047,15:28:21,-1
45508105.1768081,142.7487564382942,16:02:01,-1
87504859.8758186,248.81312737551,15:48:27,-1
17501830.59898522,297.4898333820822,15:28:09,-1
87957611.90060088,358.23137099712017,15:52:57,-1
12312732.72081008,70.29641088957014,16:21:06,-1
18918017.983228438,51.83759463743804,15:33:32,-1
26172398.49565173,69.72528126073908,16:09:37,-1
63900484.47542156,212.44982269013065,16:01:39,-1
73471550.85412228,134.1610403884438,15:35:21,-1
57130956.67648031,98.40636908141238,16:16:01,-1
5722332.496886455,51.57609511826066,15:40:09,-1
40933709.48210339,32.739974653877574,15:49:24,-1
54779578.89461222,297.7502116929688,15:36:28,-1
74647231.71254832,243.94234227302016,16:25:14,-1
81588645.6119729,288.0485741416377,15:42:12,-1
84333207.41188939,17.44225370356679,16:21:55,-1
12134114.59483562,235.6685819955069,15:39:46,-1
28822390.91514265,308.63265933747465,15:47:52,-1
21895595.645333763,331.34841077021576,15:28:19,-1
57900457.79814149,217.9889571687506,15:54:46,-1
26479085.961768843,288.4849278777308,15:30:29,-1
29732916.550821096,14.916076643891628,16:06:52,-1
64735011.06879692,55.93495774740763,15:57:31,-1
23757302.384614278,129.24549801759676,16:07:58,-1
37683448.10143333,292.4945339550756,15:40:27,-1
46047514.606264986,353.19012054008124,15:26:00,-1
72742299.00217707,55.43694604904693,15:51:16,-1
33929321.69385046,288.0003995373592,16:24:30,-1
1781250.7973580891,20.226405033044,16:08:09,-1
27531732.28260601,84.72553098745078,16:11:55,-1
86166001.93666247,314.12820539085783,16:25:21,-1
18862194.48317748,94.86716434806056,15:28:26,-1
13746353.291039908,306.46287263025454,15:38:32,-1
85693327.61967161,245.20882494121784,15:34:31,-1
55259390.3571197,159.9257529429638,16:11:09,-1
79488463.80776744,99.6793098503741,16:05:05,-1
22819033.220369704,66.04016473892398,15:34:33,-1
48528863.66962112,69.19028559780793,15:40:27,-1
54204567.81223314,13.113903343455092,15:39:56,-1
2274124.934853233,209.26459878143183,15:54:31,-1
29456241.05579524,21.93656305154361,16:10:29,-1
54992957.48238456,345.5351801912524,15:52:10,-1
27537181.10314943,60.50253840855054,15:25:40,-1
18303240.42541198,169.68024019653654,16:06:11,-1
1650977.1876017177,185.72442862139584,15:27:00,-1
28144726.89028468,352.72372958639863,15:29:38,-1
22963603.3418332,270.2055724415673,15:28:35,-1
45379031.419932045,24.632439099905252,16:24:26,-1
17809772.2642195,233.76693246507347,16:24:52,-1
72899875.37312123,78.97042334182927,15:26:09,-1
18728320.13798035,271.48132833890617,15:47:15,-1
29327357.199263867,221.5392611354595,16:23:56,-1
26497900.91346047,255.3002309091664,16:17:42,-1
87674239.06255507,209.6494866642132,15:39:06,-1
14550255.962372435,255.48118513286155,15:52:29,-1
80682106.5863873,37.40771585501756,16:04:32,-1
24872823.09280774,260.13918322646015,15:53:04,-1
18572995.876244795,96.08550309618516,15:57:53,-1
82881675.05079308,106.44245704675193,15:49:16,-1
67902271.47440526,133.88927006422645,15:35:25,-1
23020023.681532256,233.85218703427464,15:34:06,-1
77402921.17994599,242.7610381411363,15:37:45,-1
79951665.98211251,107.79339274362611,16:23:58,-1
76906314.95818435,304.49076976692555,16:14:45,-1
5327506.860177082,273.02454052705576,15:40:15,-1
2911319.056253876,318.011283365187,15:39:26,-1
48735045.57487621,251.65039475055175,15:46:05,-1
51045935.22073066,336.6323621077554,16:23:14,-1
73445229.59324665,36.48670488835878,15:58:50,-1
41080419.42004224,22.46449387855038,16:07:05,-1
903872.072449386,195.24877517500988,15:26:15,-1
15287554.74493282,9.49093674671098,15:42:57,-1
70975448.2069872,286.4923548127703,15:53:47,-1
26933623.33071488,186.48885282672023,15:56:13,-1
34129359.61710092,16.60823796341866,15:57:59,-1
27749763.29295728,171.38457623074066,15:42:48,-1
38504310.45282928,209.53411969652984,16:08:40,-1
31811220.32281176,26.385865445403773,16:16:47,-1
37595628.45389078,131.95179184518454,16:07:28,-1
45887683.050926894,45.80213858916992,16:09:19,-1
13109016.491329066,84.60904977480389,16:21:28,-1
17083529.68079403,22.87746800775534,16:08:41,-1
19947254.13513923,277.7966259546099,16:14:25,-1
61722329.823495045,248.4791607789715,15:28:48,-1
23769086.38988873,356.5480180730477,15:45:57,-1
6175412.176840205,83.30194313516768,15:53:58,-1
14867332.052841906,195.7464454554299,15:33:06,-1
28464819.47212599,234.9493110789538,15:43:48,-1
38430660.87350284,34.816951855808604,15:43:27,-1
80933704.08540794,114.4809265772642,16:04:46,-1
80093006.1801021,339.4472219203977,16:04:30,-1
54526145.88939612,269.1478010467507,15:49:15,-1
57842843.048201874,320.0028507354386,15:58:31,-1
16841997.362901963,71.24030942554207,15:34:08,-1
75326256.13723788,67.94838914893425,16:12:37,-1
85826711.82171547,3.641696372723957,15:47:22,-1
23002378.71660508,334.2577429560039,15:38:27,-1
54965711.2032628,183.5926006383421,15:56:46,-1
15526160.44502,129.8091698998498,15:27:18,-1
24924214.84651657,115.71662957966235,16:00:23,-1
28987707.76036463,105.80404498243608,15:41:45,-1
24592298.473521423,202.86244073059748,16:01:41,-1
12296165.032718182,289.1978318399745,16:11:37,-1
75343300.83617334,142.32282013763557,15:43:15,-1
42618323.7581421,186.3433320216074,15:39:22,-1
83267505.53587544,352.8026876388195,16:08:55,-1
4742460.251301945,62.036116020955376,15:43:43,-1
85752275.51769318,261.1774929469267,15:40:19,-1
19867823.211200997,301.8618054008799,16:02:49,-1
71488895.0913404,250.0231867015125,15:27:53,-1
74750974.67658244,221.71439785713025,15:30:20,-1
41220144.26916372,283.36714005888365,15:38:17,-1
76025957.35159212,352.83954243589,15:41:33,-1
74330210.2707788,180.41081018158027,15:30:11,-1
51327251.47748139,252.20510993961173,15:45:16,-1
45605493.53525364,301.22315305104047,15:45:24,-1
41358079.35594528,354.097254023773,15:25:41,-1
69233352.35162817,92.31979690901612,15:38:14,-1
4694906.249081159,33.58746430406081,16:23:11,-1
7716321.08886482,165.13494526898097,15:37:39,-1
29733918.82371427,22.292754582766907,15:52:21,-1
57285930.52453289,187.84434345589185,15:40:47,-1
38870402.15468985,282.98387201609125,16:05:26,-1
78001834.87265593,76.33890957424563,16:13:59,-1
66083942.24303235,248.00996801628315,15:46:57,-1
75758406.29042298,306.5080230583182,15:43:06,-1
23821297.50849686,58.88331056723843,15:35:28,-1
6769732.552003816,335.5349884442758,15:50:42,-1
22183017.70904589,202.10853148790403,15:26:42,-1
67035391.249465175,271.61705651771183,15:51:36,-1
85394013.25795506,220.68210961477575,15:59:48,-1
40743974.83427578,184.5996215242625,15:32:22,-1
3315121.250261249,277.5386689116271,15:44:43,-1
30782791.395625666,327.4451644774723,15:33:10,-1
59429057.64991425,268.0743395473056,16:03:00,-1
44839440.69714546,248.49601165777025,15:53:38,-1
23918711.81774397,170.46675344479877,15:28:33,-1
33530213.194185022,348.6046813583767,15:25:39,-1
34666580.80728935,331.2218147760478,15:43:14,-1
64128118.39070863,231.4781027366604,15:42:56,-1
13886145.37060294,32.772985768355895,16:20:47,-1
80697589.88612221,12.8748455043766,15:48:58,-1
64915509.80500072,247.80611327386677,16:12:37,-1
579771.7314798438,49.07635113095891,16:06:47,-1
17725714.71048777,97.98229450030176,16:21:45,-1
78597377.82209744,213.24097981211847,15:38:59,-1
2300249.156595255,280.7537773854145,16:22:37,-1
10784568.760224763,267.80852271231066,15:39:45,-1
86618579.85693333,308.16977655243335,16:06:08,-1
7009326.061989861,21.073018162957343,15:59:51,-1
49351402.45379009,197.24133756992,15:48:47,-1
10874606.493452366,186.27774801212468,16:12:10,-1
1071165.69348659,129.27512010652802,16:20:24,-1
89795298.54204376,108.84319401895404,16:11:08,-1
36782438.00543324,260.85009379525724,15:25:59,-1
23284810.046101425,60.115158920119725,16:23:24,-1
10398654.383395877,126.15524538399896,16:24:12,-1
41390591.35879,206.97830549304905,16:09:07,-1
5687859.394973367,306.14497875776016,16:04:52,-1
62356088.16752148,108.9105356061058,16:16:08,-1
60224085.2426258,325.2036099454962,15:54:31,-1
45030625.24430434,210.0420505134746,15:35:55,-1
18615607.671424165,143.8129260396532,15:26:34,-1
81054643.53737515,0.9032043581122328,15:41:03,-1
7875342.964314271,197.93365306716709,16:21:53,-1
82412873.0199975,299.2052517730153,16:22:32,-1
2117492.6897583827,276.0456095356781,15:42:33,-1
28000262.2202878,102.007586483646,16:24:20,-1
87430923.30276614,140.5661147828379,16:13:12,-1
75847562.43735884,329.7162173944828,16:25:24,-1
63436351.97421415,307.49035050679294,16:08:15,-1
26449671.738235608,62.412983593876106,15:40:17,-1
14114823.752351727,264.83870979638203,15:38:35,-1
18305064.590346392,71.59677859690863,16:23:41,-1
10654204.914944611,156.83268288095476,15:56:58,-1
86800160.64442594,84.7436370063994,15:28:37,-1
58990576.98162863,351.8633129093154,15:34:59,-1
33577275.31085537,359.4105806364061,16:12:23,-1
77620104.48544449,43.71622636000045,15:39:54,-1
37709866.89033076,140.63592040508442,15:38:12,-1
35471168.979752354,262.3314717839053,15:58:56,-1
49473818.14358634,288.66537236481327,16:17:46,-1
25153042.75957399,231.3176221983132,15:33:53,-1
21879.236361136533,222.02114720946884,15:30:38,-1
40467145.131936654,239.03224771801203,15:49:00,-1
32801094.781412337,174.9693767578299,16:13:50,-1
35785036.05774621,160.5464763014082,15:47:53,-1
27155720.06282005,7.946034467692038,15:32:41,-1
33771779.20285618,177.25440629090866,16:15:21,-1
54584514.03266046,246.444112511453,16:19:27,-1
50787085.16942467,249.2164970077052,16:17:43,-1
71939014.60494749,60.37912265292745,15:45:11,-1
2128687.7816075506,155.377178811105,16:16:01,-1
86748212.95999421,352.51195652321644,15:38:20,-1
44926242.79533751,125.70462028845851,15:40:59,-1
20862402.814781595,44.04833371444432,16:05:34,-1
49131950.821707845,192.4096163893597,15:55:39,-1
72657584.71569808,187.06516591413555,16:16:09,-1
88377185.23267514,201.2592793072655,15:40:19,-1
11449414.371016864,41.78400612978887,15:53:59,-1
33049466.39412705,297.7425364144568,15:42:23,-1
35233446.28798211,320.2290086775333,15:49:18,-1
77669216.03738567,293.3287666321118,15:40:50,-1
15358665.080149442,302.40182086359016,15:26:22,-1
79338562.28943507,323.55890957367126,15:27:56,-1
73205623.76887122,0.2893944543050342,16:05:18,-1
44100799.51842209,186.1403780444308,15:26:39,-1
14742422.509497683,237.79573186347235,15:44:40,-1
72289349.97272159,53.99728486958563,15:30:15,-1
46266979.6802503,206.8153972757893,16:04:03,-1
55476392.33292456,325.4698679966592,16:07:00,-1
47608394.3512735,254.8174604635717,16:20:54,-1
38984341.736511655,279.4653485580084,16:06:41,-1
86211757.49710307,285.3722372962493,15:33:21,-1
70732188.96506104,8.825252075948015,15:55:44,-1
29949073.951190226,207.44838629616424,16:22:50,-1
6915379.67908617,159.18611513040088,16:22:51,-1
46000751.65624067,159.00339055199876,15:57:09,-1
81124337.02707095,261.03230735636475,16:03:10,-1
2391637.108068784,207.4876041733996,16:18:26,-1
23794354.19241993,108.9599493413112,15:31:13,-1
62876611.19834703,85.29966951469154,16:01:08,-1
80131688.45760888,246.2308313455856,15:47:51,-1
89202921.66725676,0.5673712091082095,16:18:09,-1
34238803.69333287,190.86256430070824,15:26:41,-1
61773934.83327946,265.27735865174395,15:52:10,-1
77062192.70508498,28.55992025418626,16:09:57,-1
31266520.552412152,21.86821608502989,15:46:34,-1
69995877.11835843,279.7044482308695,15:29:57,-1
6545564.692538465,175.10357710688243,15:41:38,-1
44046713.6907383,340.00217543691247,15:33:51,-1
11914201.061410706,60.672117156606205,15:37:03,-1
35040260.74009015,289.32575606049454,15:34:12,-1
7803269.669381111,289.65417244090816,15:37:16,-1
12258603.443296967,92.8653977335235,15:30:12,-1
75643661.7035068,104.672092826541,15:31:04,-1
77992724.11222352,237.83494448339604,15:48:21,-1
58072374.03459849,227.9299401550024,16:08:14,-1
48726702.80304606,87.45629680965673,15:53:17,-1
15507441.079184365,38.23179390565667,16:14:57,-1
54892262.96054958,26.537842621375344,15:26:20,-1
45342784.94738597,43.7882154261154,16:01:00,-1
69368914.07818805,81.69826351758005,15:45:17,-1
37635678.207714535,226.575057569205,15:52:28,-1
33035643.170031857,174.27950014807345,15:36:47,-1
67343042.50529931,105.79015376448068,15:45:08,-1
75830581.26980083,46.661095715838826,16:02:23,-1
83937294.42293143,356.7684827694816,16:01:10,-1
74505370.30747186,333.1924727575233,16:25:08,-1
4064210.719147255,221.41774039311264,15:59:35,-1
56232831.43277822,47.92483320091587,16:17:12,-1
86756595.11320433,217.029313852732,16:10:31,-1
84232205.67984265,12.758765400753504,16:16:43,-1
76525574.99418369,165.60379697127414,15:45:13,-1
52607920.21061496,111.62696975805171,16:05:13,-1
20035840.98771472,204.1922342136116,15:33:04,-1
5568614.936806007,237.66878754012853,16:22:46,-1
1326023.1554758924,306.65119282180746,15:31:44,-1
51501761.73369382,135.9980682044183,15:49:31,-1
26897579.20160365,343.5796685068025,15:58:54,-1
21845941.432407517,123.95959131979848,16:08:48,-1
46875105.50006651,273.6697755333004,15:33:33,-1
30188271.87588874,153.03781238978746,15:50:53,-1
40799964.98840473,222.9901718705553,15:36:33,-1
15851597.386610623,289.0985835070937,15:30:38,-1
42784623.32339716,169.43320506418254,15:44:13,-1
65352413.17898879,2.259351567739172,16:19:21,-1
36915460.80510477,102.49810774902448,15:48:29,-1
60084156.67436016,355.60040460810967,15:59:26,-1
16888731.64459328,252.6623277947748,16:21:53,-1
40896972.73202774,229.65814832403592,16:16:12,-1
6683746.980228086,163.81830929591172,15:48:04,-1
21263166.026073128,93.02265592534394,15:40:02,-1
63050753.39469035,113.2669384766284,16:19:00,-1
21857173.568372555,7.500000678554626,15:59:26,-1
58434094.25340023,259.97698690621826,16:01:26,-1
38194201.2833824,121.49975993385208,15:30:09,-1
54019444.47004883,164.40339283764183,16:10:42,-1
74654051.75595084,132.13993121451827,15:44:30,-1
14973381.341557682,336.5885807410143,15:55:51,-1
80586160.21328384,286.8387637536036,15:50:24,-1
36151096.01549217,316.9331101572768,16:19:07,-1
86040809.6634528,146.37740681221212,15:34:39,-1
12171743.918947889,245.64321253608435,15:40:27,-1
69533478.04192726,273.2411978407617,15:56:07,-1
1121617.5610346422,8.974358484160954,16:08:47,-1
18831947.151475955,65.94577036463924,16:25:11,-1
7445622.363794616,202.89156163059025,16:15:58,-1
52446573.7014466,180.7866251139974,15:45:56,-1
65221755.13697649,140.0089476044093,16:23:36,-1
87710711.92288683,320.41769913780166,15:48:12,-1
72254027.50870796,140.75054093683914,15:29:01,-1
31068134.267321795,212.45964183876717,15:41:53,-1
77595642.3289846,137.46584578401482,15:27:16,-1
66557966.37697918,309.1452729807203,15:48:12,-1
46209027.57906551,290.3529996245261,16:08:45,-1
7433285.293239399,290.52548055806824,15:27:39,-1
70493152.34308644,15.42222185498122,16:02:05,-1
17576878.23651694,191.21235638785083,15:56:36,-1
79930753.16688824,279.6849669217926,16:14:57,-1
29760906.127118584,261.46870737438866,15:34:55,-1
81591955.85458961,86.87163899439727,15:28:23,-1
14061515.097769769,7.645057250707339,16:04:27,-1
7325165.78456855,204.09999732781063,16:05:38,-1
59203728.428811416,72.63577693966559,15:29:31,-1
71423538.83914584,160.9037959901636,16:13:07,-1
79687971.72728875,286.0839207617449,15:29:18,-1
41955302.96430625,267.18918858832933,16:07:57,-1
74226639.95401578,146.21655592642958,16:13:53,-1
76586875.42220578,141.71103620207242,16:01:27,-1
64854910.96124744,124.74601462248587,16:03:36,-1
69052311.98092617,179.51833457312344,15:47:01,-1
39768551.74717609,225.3569477923576,15:46:47,-1
7298624.985649426,215.0496646006652,16:14:56,-1
26423345.616129063,86.87891117345366,15:56:11,-1
68528250.7320472,179.07244315127386,16:22:48,-1
63265316.73481387,76.8580864900651,15:48:51,-1
22479616.1944572,220.91941748639573,16:17:47,-1
63822562.30805629,61.46447392079943,16:05:19,-1
10595285.128380967,262.6639950659119,15:34:01,-1
5954313.224623046,73.60708098161625,15:50:40,-1
35878524.43243878,162.5814098109426,15:39:49,-1
20848378.504866093,215.6670869726578,16:22:40,-1
29450728.849827584,357.72644304527734,15:54:40,-1
13757575.418949349,267.9289647877935,16:00:59,-1
2119298.1904027374,286.2860265076424,15:45:19,-1
40294633.42468567,154.48751517992503,16:12:23,-1
52376681.18045014,289.89578629604785,15:27:42,-1
26277562.23088097,4.22259893258349,16:05:15,-1
78178212.08404535,92.93869668100515,16:14:17,-1
18398650.2644942,32.03075898758802,15:54:52,-1
53608575.76681379,13.40369146619242,15:40:45,-1
13275609.05312051,257.75330874584364,15:44:18,-1
47733160.64788829,215.00415838296672,15:29:01,-1
77061602.98047516,39.60645777426397,16:20:16,-1
8855498.668016868,309.6704166414561,15:29:11,-1
58303278.97549396,223.18263282647507,16:04:18,-1
41570796.86529224,206.45084240756236,15:47:57,-1
61687824.78441346,177.54972143757425,16:09:53,-1
42271563.0528161,319.7825520462867,15:48:43,-1
40173912.213978566,327.6298284371273,15:48:59,-1
88257781.78700949,92.40021028912172,16:08:35,-1
9622127.437890176,295.14139280235304,16:12:53,-1
82921048.11777104,274.37887652745553,15:34:33,-1
43703382.553847335,205.6765510771352,16:14:42,-1
87777916.241306,233.273309849604,16:25:18,-1
39119276.25608899,27.82305519466234,15:53:53,-1
27796400.660245378,73.62713962268222,16:04:04,-1
28224920.00346279,199.1069830110403,15:40:05,-1
64313706.86139485,264.1762076933324,15:55:54,-1
25275724.58526875,342.3952502315774,16:04:40,-1
45878694.01171942,294.30321996056983,16:14:53,-1
11342382.321477946,244.58125942250427,16:10:08,-1
47075515.959852576,209.3651774918893,15:49:25,-1
61463487.0542445,332.61768607705045,15:52:00,-1
59918125.77320693,182.7445487687854,16:16:52,-1
62853277.78005409,282.6100063453032,15:31:25,-1
76352807.95765418,124.49200575317836,16:09:22,-1
82864661.93905032,169.22492921743927,15:56:30,-1
78051410.26417436,242.29888054417012,16:19:13,-1
43178118.31166688,171.69856516096962,16:22:50,-1
6434899.09095061,195.0485769046677,16:14:34,-1
88448699.05894947,185.2981191707967,16:24:32,-1
22822.26021793323,151.7858100504027,15:38:18,-1
77544029.522299,215.883622069315,16:01:11,-1
37951948.85890129,276.741566433579,15:30:25,-1
85601251.14175887,312.2457369660121,16:11:43,-1
7118304.301534509,272.34028324143594,15:27:24,-1
87617872.07265246,214.26584521929396,15:52:21,-1
20960231.387514573,34.7862679102714,15:30:52,-1
18128286.421759453,41.60365098842601,15:49:06,-1
541212.352083302,84.5572484796769,15:45:28,-1
13630977.583274413,31.098328040445335,16:03:52,-1
41887290.11929394,310.21513538494673,15:43:19,-1
55254516.96429974,311.4550152110571,16:15:09,-1
84470033.22526242,221.0997457081268,15:50:50,-1
17423010.39998658,163.40648158916267,15:48:31,-1
5140457.234097213,260.9150286516096,15:44:21,-1
48286610.472958006,321.248307547039,15:49:53,-1
41246899.223862045,221.5785459137002,16:11:36,-1
57295570.58350439,53.812662522538645,15:55:52,-1
21457077.976774927,144.24942214258868,16:00:07,-1
451055.8703039976,248.76500972674475,16:15:54,-1
82918037.33687362,324.579856006665,16:02:22,-1
5888699.810081249,31.468829839190484,15:46:50,-1
15442064.77351338,98.6966536239378,16:16:27,-1
89237067.7762381,41.54917288689453,15:38:25,-1
52094111.78184458,51.713280040282136,16:21:46,-1
5017517.819522578,100.85437611934924,15:26:38,-1
82186871.86775927,249.9818099962085,15:44:31,-1
66133155.21994101,98.6640355713328,16:12:23,-1
86095705.08104968,8.852760690078284,15:53:33,-1
31567920.688580327,345.29551546336546,16:01:59,-1
12300027.69382277,316.510408548453,16:15:14,-1
50338048.13394511,47.13086884522341,16:12:45,-1
85857436.30945837,282.8110778798804,16:01:52,-1
40353495.81127416,84.80269778817588,15:59:51,-1
64032240.28138068,36.03447215049048,16:02:19,-1
87910805.88322164,356.0347664381991,15:41:25,-1
43538490.89531899,44.65845991128605,15:34:45,-1
40299136.74872794,323.22919301421734,16:05:16,-1
35797701.81974128,146.63880596456028,16:18:20,-1
89647184.76338392,219.8534483014752,15:44:02,-1
43023778.0616254,113.84557387119378,16:24:45,-1
10623618.468848463,217.92136567356695,15:55:27,-1
80713630.40159038,146.61719830081117,15:40:09,-1
41281522.57702801,269.5057128308816,15:43:27,-1
46694689.49367506,14.761183442467235,16:08:28,-1
32194723.148002066,27.455373111157776,15:27:27,-1
45052099.39429886,320.6886265050172,15:56:38,-1
22586319.91321566,294.5747915193462,16:00:03,-1
56881638.30306115,326.07536932487443,16:17:55,-1
1317735.7783171558,173.59370479900994,16:10:30,-1
19305670.53864249,231.94446229233645,16:11:05,-1
72600356.07902886,66.29169874606241,15:41:16,-1
3613521.193211753,196.852600042208,16:11:52,-1
77787356.87248869,15.059065007850716,15:28:17,-1
65790562.29626216,317.5933712506333,16:15:35,-1
22699259.027530376,142.85478084347537,15:53:43,-1
81435415.91415909,296.434350186958,16:06:17,-1
31050779.111735925,200.0415793275319,15:52:20,-1
77551472.06655368,56.49797119288753,16:08:23,-1
78557892.63450998,292.6453527443046,15:51:58,-1
69212368.23862769,97.05562154682218,15:38:50,-1
3696264.896308187,359.71018884772764,15:27:37,-1
33279420.897907525,340.1706744444533,15:52:52,-1
11657242.801336884,302.345237356252,16:16:15,-1
61162175.31747872,143.5553016628177,15:43:47,-1
48135737.567885205,290.9630912995463,16:16:17,-1
16016615.2428907,19.51652829065234,15:38:20,-1
51815042.60140104,273.19480147531743,15:32:37,-1
2497836.4440062386,57.90845716646779,16:12:21,-1
30962482.656520467,210.53820234828044,16:23:41,-1
56341155.06760445,351.67176199005803,16:24:12,-1
37250710.55638049,40.77027004978936,16:04:34,-1
89831435.41221008,263.3080749995497,16:17:51,-1
11153703.449625988,79.45311652086357,15:45:20,-1
55641494.93102624,338.08457931571803,16:19:54,-1
16804811.038730394,157.83086111868215,15:39:38,-1
84775862.62627447,196.73158879532755,15:45:36,-1
30169856.101637557,108.3636625087008,16:19:45,-1
58322193.694683336,43.25529306623464,15:56:03,-1
8748607.182938958,293.0281010836162,15:50:37,-1
70821285.55840938,258.33342139902464,16:22:25,-1
56762041.25706504,68.3333566860016,16:07:35,-1
71474780.51537761,245.8376508042513,16:12:02,-1
41432266.60747346,349.151170436818,15:32:11,-1
48698240.09254868,203.0622948194125,16:10:28,-1
39724653.30543888,266.0924761574938,15:54:21,-1
49035616.436043166,59.956638086563125,16:13:08,-1
21110844.622182924,263.561017767401,15:35:20,-1
49838186.82671405,9.90469683333313,16:17:25,-1
11777730.790103627,42.44019972817669,15:58:00,-1
9057438.168275887,14.876010524202204,16:16:50,-1
33806316.37763561,63.11202010395873,15:29:44,-1
73557014.33184,342.8572164729753,15:32:45,-1
60513468.57139484,189.83616560796648,16:03:19,-1
9066788.028965063,290.3214224762853,15:52:06,-1
34801228.17094005,48.35118674829396,16:22:54,-1
88681383.26454975,262.50608628273017,16:06:49,-1
78610794.95324895,229.82214833882776,15:40:58,-1
26909894.924945943,78.64806806326739,15:56:08,-1
31250693.900635585,189.32802034060404,15:33:20,-1
33812587.38468667,180.27125710084064,16:05:13,-1
3061344.2747880397,233.70393064299432,15:57:25,-1
81273473.35820156,338.1355536287123,15:26:30,-1
62918908.39900623,54.30597445063352,15:39:51,-1
67466035.13586947,220.92879820782807,15:45:55,-1
33244779.865374964,5.929505190504902,16:23:04,-1
4541201.503719275,164.61465664368356,16:00:57,-1
38594005.84123815,215.6236062439432,16:24:11,-1
51259355.11792077,58.32294494013445,16:08:54,-1
84212972.90880398,5.851043530771789,15:28:27,-1
71548856.10621642,320.3891350600336,16:24:27,-1
77218290.83943304,354.03263733321216,16:16:06,-1
4942180.313753118,109.23807678237938,16:12:51,-1
51481324.342483535,274.32872041447587,16:17:36,-1
62156965.72298324,51.31060584760406,15:39:38,-1
26069984.48227901,359.05297671153323,15:36:18,-1
76981930.16508296,172.87974209173277,16:09:21,-1
1423031.2330825925,162.04933003135244,15:58:12,-1
87901031.0343439,324.05931743802614,16:22:14,-1
16850250.48989429,11.852186035417818,15:56:29,-1
66105188.13385241,157.70363106834196,15:58:06,-1
33032239.721786626,113.37000205516308,15:49:43,-1
16453058.01890236,208.54080679358887,16:05:51,-1
77350610.81120083,220.15404448240776,15:35:37,-1
79485049.8383978,153.23221263357124,15:49:38,-1
50481734.83626706,8.699472092973629,16:16:35,-1
51607693.77785142,94.78323186536132,15:33:59,-1
27989061.357138947,289.090821165245,16:04:55,-1
29442981.081202477,54.09767877901045,16:13:34,-1
75722669.96572189,328.2472811031617,15:55:01,-1
16187385.36419615,141.503839821188,15:41:45,-1
83525443.35414249,162.18888778632234,15:48:36,-1
77161276.61336823,180.74901832452016,15:36:43,-1
16310715.416397065,80.24626407342322,15:47:23,-1
34294877.57117016,98.45138591104464,15:34:33,-1
39964210.92034513,81.9276140041454,15:30:19,-1
62621013.869894944,350.4866125108563,16:05:38,-1
4890059.075873909,154.27571760669045,16:00:13,-1
72114636.61146405,153.28352160180873,15:51:45,-1
71655947.350581,222.35839639478448,15:38:43,-1
3911772.741440027,10.674599548621812,16:03:04,-1
50586936.62162312,84.97521749721605,16:11:11,-1
50409975.70515397,52.12168590249289,16:13:57,-1
21122445.785486616,221.2263879783056,15:43:45,-1
13789810.948556043,73.27144801647788,15:47:36,-1
78335861.86999969,21.81620744940233,16:22:45,-1
79215378.26465495,283.1160551709561,16:09:33,-1
43057439.65615666,150.769945922446,16:20:59,-1
5943777.989920073,263.557429656209,16:18:58,-1
5999275.744670966,353.13875794050966,15:50:12,-1
79931839.60008392,60.156427289567176,15:32:12,-1
68671755.27540556,247.71111985335364,15:46:38,-1
71449088.58124837,229.81627286822007,15:55:19,-1
6376124.241479,97.96389043026142,15:48:43,-1
72187996.9275742,270.1865809525933,15:29:30,-1
75507522.93082756,157.54774754351857,16:09:43,-1
83658723.67860334,48.03971931032207,15:40:52,-1
60642463.20108695,11.840916975209712,16:22:19,-1
74149154.12233852,62.29492540842863,16:24:19,-1
87836360.24938467,104.12402542113236,16:01:30,-1
39846997.08408071,299.83902125943627,16:23:32,-1
6537131.549839382,16.202492788633048,16:02:29,-1
3705568.28290167,203.86776784166383,15:45:51,-1
52341441.01342093,303.90616065460546,15:49:59,-1
81194487.31724009,143.70738154630104,16:13:30,-1
82904219.22711602,41.83402099462984,15:50:33,-1
81747.81636938233,189.3069801759557,15:26:42,-1
12518294.256977944,339.53095050920587,16:20:53,-1
37367095.72877037,191.11532566600388,15:59:09,-1
53560708.798296206,4.55105135680145,16:01:16,-1
84146739.78433986,126.73048125789894,16:20:51,-1
70046172.47280808,302.4360099693387,15:45:34,-1
62836847.96360278,337.97443121372487,15:36:33,-1
16388286.453345535,197.5659586702062,15:35:30,-1
25745847.44063051,282.9949408513939,15:26:13,-1
56195776.58831393,53.855052825538,15:28:56,-1
69909336.2107192,134.13908337014402,16:02:02,-1
69791263.03253368,240.35620833484973,15:48:21,-1
82594792.36133641,201.92674419996655,15:48:54,-1
80003709.47465256,335.230875923229,16:17:35,-1
36184220.72084412,193.6667162789477,15:42:58,-1
56177729.42867089,74.92044156571116,16:19:17,-1
83126443.09477152,117.56916955568444,16:24:43,-1
16188030.521810496,317.7560895834359,16:15:43,-1
6179074.852524881,218.64918528598955,15:34:07,-1
40632889.7884622,37.92872003372392,16:05:23,-1
6897869.701716396,66.46149941711477,15:51:54,-1
87903781.5016575,97.4994531861285,15:48:59,-1
14562027.258379146,131.22398062953013,15:51:11,-1
36383530.72263256,44.0380091196544,15:53:27,-1
76986233.66869704,16.46605103120634,16:05:15,-1
84564595.52213976,142.44640403580496,15:57:58,-1
87492286.3371889,273.56733164532136,15:42:26,-1
82270887.16103525,112.79405923526298,15:47:59,-1
2843938.815093956,232.32516630979617,15:47:33,-1
32820984.726155635,351.5994424426145,16:14:21,-1
75590634.51944508,175.8316147356645,15:50:51,-1
50683361.915113404,343.257737855052,16:02:29,-1
4729509.012465514,41.59702968415366,15:51:44,-1
78701939.94216248,114.15126685301946,15:59:58,-1
51375277.18943671,172.19271882534082,16:08:23,-1
72144802.78030646,356.73817830996745,15:42:39,-1
1362816.1220507536,30.04482559523716,16:18:50,-1
6885339.2962389765,275.8625967797544,16:12:38,-1
41329036.75749163,17.545851965457295,16:12:27,-1
20159719.741614,321.1964149953989,15:32:12,-1
45515619.5997731,317.3108464829393,15:49:11,-1
34702764.102400765,179.3157476346808,15:51:12,-1
14903331.697271325,291.4785364376076,15:56:05,-1
40705905.91581325,290.4495362886323,15:46:46,-1
47301511.29435729,131.53949759621753,15:48:36,-1
11078811.806464504,238.08492188098813,15:41:23,-1
52929721.31530064,140.36667939634944,15:56:38,-1
28133532.613200013,355.1714368725906,16:21:10,-1
15313257.194785949,353.86677424266594,15:32:15,-1
81100629.8801664,15.887224323287429,15:51:27,-1
51435419.22968762,87.04097883253326,15:53:30,-1
83474016.40263093,109.07700570016446,15:49:41,-1
27782461.27674938,191.16482385802288,15:29:05,-1
66208616.459654815,220.56117389487068,15:32:08,-1
77627885.43444991,251.3631376736716,15:54:52,-1
31137663.042636134,87.69066581871701,16:18:21,-1
7512700.774371825,140.25181738933276,16:10:11,-1
2961309.944932547,73.90486332685731,16:03:46,-1
38462194.778410845,305.2441402706069,15:37:49,-1
79353107.59907432,84.90571195952609,16:01:29,-1
37159199.493245564,26.72382909392173,16:17:12,-1
1131319.4724147546,158.16857402411023,15:34:47,-1
4804847.8889918085,153.99104749542994,15:32:53,-1
43968244.73023255,144.90704731480926,15:43:20,-1
79948519.47260076,8.158486010032707,15:59:47,-1
11530502.985185543,210.7419390248478,16:07:25,-1
89825841.12391359,96.6545897535637,15:53:59,-1
37280666.67728292,243.1193500200112,15:30:32,-1
12716772.613414444,294.90005525788047,15:52:27,-1
64143014.03196946,358.9919440557128,15:26:03,-1
66592214.23791871,312.233580525757,16:06:28,-1
13975451.246840332,303.7750365086493,16:20:24,-1
44499690.60650901,157.3137787806116,15:59:05,-1
19191930.354733825,242.460498993788,15:57:37,-1
71427047.1696567,349.4124499852509,15:34:18,-1
79088823.58956826,133.7157870086063,15:42:40,-1
32521012.27038404,135.97993504728117,16:18:42,-1
14495467.633644983,253.9623820179924,15:33:13,-1
65644450.75855858,144.77079610412972,15:41:20,-1
14806067.170448111,355.2420902062357,16:15:08,-1
9810642.225305429,105.89863705730662,16:11:40,-1
22654784.04677868,129.8710801857363,16:07:36,-1
16834246.02619877,63.88845449883529,15:31:54,-1
21962310.52849081,38.93726938875132,16:00:08,-1
42191938.8111827,13.404797585465715,15:36:27,-1
30758079.194573715,153.40272503084825,16:10:34,-1
83892829.99140346,249.68677495870764,15:31:40,-1
64835583.61477565,234.91851785713328,15:53:41,-1
77705039.80972068,183.67550301341296,16:20:27,-1
12728865.036764467,244.71007294743885,15:48:56,-1
75402486.85342512,342.9327442223259,15:45:43,-1
87098677.68119805,89.08857154051293,16:00:01,-1
13248876.32909941,262.5687289980458,15:29:34,-1
12627454.710637731,339.8809244130904,16:10:57,-1
31801806.840809617,204.8640520988777,15:46:19,-1
75419930.8463007,261.4754293339604,15:36:08,-1
62456963.45528483,338.6528099960356,15:26:24,-1
69572864.7229749,185.3826842165821,16:01:36,-1
54030987.764715366,79.26509625399147,15:37:38,-1
13988783.719396446,178.22748449195882,15:44:24,-1
46838822.77301844,153.66474550827135,15:31:16,-1
60329236.44813524,155.28391612230052,15:39:15,-1
33389226.332094487,336.28035772727776,15:48:51,-1
61034173.17519629,219.8771852068716,15:45:30,-1
22403784.209367413,310.71074763865346,16:15:32,-1
47459400.33397379,292.6100941071325,15:31:54,-1
12410411.90413958,96.47598423052725,15:35:51,-1
16788298.782836292,205.65502830286243,16:12:11,-1
78041754.3513583,159.25352330081964,15:43:19,-1
55148631.63293696,105.81986378174857,15:32:25,-1
45781965.5682719,38.21043604067677,15:52:04,-1
82848808.14947101,339.3627541514734,15:54:52,-1
40254285.60809586,251.62183682860615,15:50:47,-1
52743785.27732774,64.08475663950261,16:20:58,-1
9590283.994479816,330.8205839489355,16:05:02,-1
14168691.99081045,25.232243732447376,15:39:37,-1
20763277.75187065,35.841799020768896,15:41:36,-1
48772158.90067342,145.16948408692664,16:16:29,-1
11280240.963216094,244.5995276683537,15:48:25,-1
78494807.14771153,6.391857858506693,15:40:57,-1
19460270.73886655,110.79837897838404,15:52:50,-1
21896987.42308729,205.372034982506,16:21:48,-1
44849501.56603606,240.66259134265997,15:43:22,-1
20049261.97493449,344.877003018269,15:59:24,-1
45282060.00153916,133.99863448470737,16:07:01,-1
55976761.52984569,26.303885131732883,16:25:06,-1
12166360.652378077,300.5838997051208,15:46:20,-1
54363938.83301652,292.8297444306989,15:59:08,-1
68874027.25870305,49.815666681052015,15:43:01,-1
66991335.25859872,82.29667269135771,15:31:24,-1
3614765.053636431,91.90026648944928,15:47:25,-1
30506358.458441176,223.1011721117702,15:47:06,-1
11119629.792583728,25.84642146204936,15:45:16,-1
70170761.8096551,319.8608606123532,16:25:15,-1
28451292.894677494,103.13888208645218,16:08:07,-1
68456232.49838246,218.37371634683137,15:45:12,-1
80395598.3023184,274.29968309214286,15:27:09,-1
5629738.349788438,130.6968698458761,16:06:24,-1
71660923.33040912,131.02207680747233,15:44:26,-1
20569782.739072107,197.4576377180088,16:08:25,-1
63479386.547522336,332.62289387089805,16:10:34,-1
52984639.013664655,260.863910218863,16:18:52,-1
49503373.68726663,316.2115127644444,16:01:22,-1
87787570.61553638,218.17005127599631,16:14:45,-1
13273718.954072343,222.9465081606631,16:19:22,-1
80612726.85736038,181.20552891867337,15:51:07,-1
46432366.64825563,208.9443312723327,15:32:34,-1
31045837.738183737,256.5977012615092,16:21:48,-1
75275763.65208517,78.28177518283988,15:31:59,-1
45637652.76766439,176.5612146121031,16:11:21,-1
12478688.790301146,206.2012715737956,16:22:11,-1
73529533.66625418,165.45435961629315,16:18:39,-1
48107108.420045294,65.6480681032961,16:18:17,-1
24749714.36383325,145.73725437887967,15:32:36,-1
88110864.62666105,295.6495938105249,15:54:30,-1
61459933.09247322,227.98515016507147,15:45:16,-1
63785719.30507284,147.3469996203446,15:41:35,-1
80101687.86241458,178.62159204041356,16:08:39,-1
86049538.02401973,249.01700413684472,16:21:53,-1
40502572.91177709,171.06395454188214,15:26:15,-1
5815314.697811909,286.6867265673752,15:28:40,-1
71704733.57040524,311.9129752972257,15:36:45,-1
73100315.37567635,37.03574533258683,15:39:03,-1
74630298.68409956,74.92412940081981,15:27:18,-1
26550251.630434144,291.55732316777846,15:32:56,-1
69958769.68656193,167.02038485612331,16:06:24,-1
5086993.175380431,200.38380140367624,16:02:01,-1
43442576.71444216,53.60868866073919,16:14:30,-1
40627021.12600844,214.3835429106056,16:00:30,-1
64103848.76618123,326.7288757485024,15:45:30,-1
77495218.68081118,122.26351773039929,16:21:37,-1
66853296.57814082,225.2856033256334,16:15:09,-1
18213340.567094184,258.6798049850088,15:57:34,-1
85262591.29812384,183.491835806567,16:16:00,-1
79234342.00599454,138.0194042198001,16:16:40,-1
88075939.59505577,277.43823300805,16:17:27,-1
1428475.4772700514,19.41261608410105,16:22:50,-1
68392565.56542383,189.73541378100384,15:38:22,-1
38053254.91137847,43.40564100942045,15:48:24,-1
24916043.380967755,265.5917237120412,16:21:44,-1
49177052.998574056,144.7516849813299,16:13:53,-1
59722729.2189846,336.9558114668026,16:02:27,-1
48829821.781880505,219.5581848804111,15:42:25,-1
13193534.979143744,257.83639427191986,15:28:00,-1
76199804.56161937,178.53007872540437,15:39:14,-1
89856272.05503726,207.81783593613545,15:54:57,-1
23511841.87315594,45.78205665944882,15:44:21,-1
69739743.79559039,102.63476734515297,16:01:28,-1
69276956.106176,152.79903495645158,15:45:16,-1
23948381.895914856,294.3113214137077,15:54:37,-1
20425941.689589918,62.23529219439824,16:12:00,-1
88752931.38378923,298.7376732377331,16:17:20,-1
50249579.9182168,353.12766904781535,15:51:52,-1
23250287.489183847,48.411637361556416,16:02:12,-1
58493373.43819125,233.40898261340809,15:34:03,-1
1900534.6496774023,217.43884922884104,16:00:01,-1
45118004.41796992,232.89700066760244,16:02:40,-1
52508746.64831222,52.36722869448117,15:28:07,-1
13336261.046453696,64.38151988631071,16:23:09,-1
9943965.84845707,40.89386253101476,16:13:52,-1
30058829.24349083,233.4689463211934,15:40:39,-1
47148992.19282236,192.2926995235468,16:00:09,-1
42196483.11430867,168.18878407302682,15:29:22,-1
59245408.7582215,184.0044628510596,15:48:24,-1
69312038.99637558,324.27399584928725,15:25:49,-1
41954693.62279866,223.37352115319356,15:40:47,-1
60681385.40807247,86.66145064740067,16:05:19,-1
55292354.012863725,150.60405623613298,15:56:27,-1
60017369.93022136,297.8612410151172,16:06:31,-1
50256324.17839491,316.4087336870229,15:57:55,-1
82822431.54736128,254.03914771241176,16:18:33,-1
28736866.452417143,309.2887339649092,16:23:10,-1
41359725.15898224,259.16797273829184,15:29:49,-1
69279054.66807212,324.7520219297596,16:23:29,-1
7344075.73149189,62.47082948268548,15:31:04,-1
27870678.675072894,123.71497464699468,15:38:36,-1
86781755.63252564,285.0527378042926,16:18:18,-1
37741745.6215131,215.8504411195632,15:37:20,-1
44003259.60280967,297.58478556510363,16:10:09,-1
89808911.47567277,344.38795439923973,15:37:45,-1
32705188.36362028,157.62696456195624,15:38:14,-1
60095654.31756993,70.02776759863198,15:36:38,-1
10642651.683083173,54.385706004975575,15:41:58,-1
29719287.24565876,14.968453464149846,15:46:10,-1
85482980.37927736,326.6296660976644,15:53:28,-1
45136236.53380522,28.6058344851638,16:18:40,-1
5942713.0816896185,358.8170192965873,16:18:06,-1
28233379.68558077,39.47021588254774,15:56:49,-1
10587696.589923227,59.83201343711055,16:22:22,-1
82791678.23948543,115.09470258921314,16:21:08,-1
10372600.939754115,45.66672689219092,15:59:59,-1
43154877.8507106,197.0834738060049,15:39:31,-1
66314356.75018072,248.4073898954929,16:18:26,-1
19037426.03213976,111.33288402274631,15:48:11,-1
79433447.1765238,22.070473111830253,15:31:22,-1
33453414.681121822,348.7428196255437,16:25:19,-1
74601057.8370546,67.88614927274689,16:09:15,-1
45719153.63141671,286.3091760597704,15:47:57,-1
56457537.28950411,217.95809548611967,15:40:28,-1
11085636.231948337,330.2135826545005,15:39:42,-1
46981452.84649784,341.0801912599418,15:55:46,-1
55621222.62395471,343.70052537664486,15:55:11,-1
79802906.03374122,294.8526745281372,15:34:27,-1
57586036.65652969,298.71099987653423,15:37:19,-1
58460825.45220395,57.3878983259064,16:08:45,-1
10971572.528958645,83.45361377322608,16:11:24,-1
73857780.13198219,213.577877485901,15:58:28,-1
76187332.93034367,236.484348219217,16:03:29,-1
21036969.72638918,34.92509346381655,16:08:40,-1
62979717.76144268,294.5642789774448,15:58:58,-1
23995081.23988015,191.6557135323428,16:17:34,-1
11402223.666124389,269.2562949974633,16:07:03,-1
17657292.031845137,30.955128414942315,16:01:02,-1
8500933.653531909,28.985038215723826,15:50:22,-1
83866969.93418157,202.4755907188505,16:20:53,-1
57467448.69425283,149.47314120380474,15:44:24,-1
87124707.55823708,77.51109390333694,15:42:19,-1
60628989.69226811,14.082601915581265,15:32:42,-1
35042186.71963836,37.417448055513255,15:28:35,-1
77178639.47413298,353.9184708473457,15:32:15,-1
38876098.48517392,245.28785535720576,16:12:24,-1
41895703.01364801,37.37172115995789,15:40:38,-1
44126052.68890618,306.3302213371638,16:25:08,-1
62167932.19231094,185.4740559916884,16:02:09,-1
17007779.322157137,16.84861360213005,15:35:41,-1
75445247.93601619,274.3063900022253,15:38:05,-1
14252619.873832691,195.58597172745584,15:32:29,-1
45605223.01102883,239.3423386285556,16:24:06,-1
48952765.34395393,35.26509461374861,16:20:03,-1
43922552.52603154,37.53006677823165,16:15:16,-1
26934934.25630269,280.1535984066815,16:21:34,-1
6853482.584944574,252.75299507950328,15:57:44,-1
76351301.41614391,23.47943279848087,15:59:28,-1
74658669.045487,72.83442076304834,15:51:04,-1
22759706.46399891,299.976475465282,15:54:39,-1
58830456.27451258,237.59805972031805,15:30:52,-1
33031704.036796022,297.98946812298846,15:58:40,-1
70941624.0771908,27.8282006068316,16:17:45,-1
76645084.5378834,147.9987093621085,16:12:20,-1
83285385.19652627,63.50886504467859,15:37:00,-1
27898689.71340522,270.8774982442688,16:23:54,-1
66316638.35233037,166.1562621395511,15:59:09,-1
45809151.19103735,83.13957449047705,15:48:24,-1
51743274.4916747,188.7507585618478,15:49:06,-1
8544343.432588302,203.88544665697677,16:06:49,-1
47573200.54984338,46.63392921469154,16:03:55,-1
66937994.788761504,313.12750778937124,15:34:48,-1
80144567.3994738,25.81585509527908,16:01:00,-1
16263405.294832038,62.57280347669515,15:52:12,-1
80569688.71415548,79.59405028667427,15:43:29,-1
42109014.49504728,358.37536349154914,15:47:07,-1
39123710.289300025,150.49300326050016,15:38:43,-1
14847171.73184445,131.97534500427932,15:41:09,-1
35578383.07732979,296.5200334512079,15:31:05,-1
35569310.75561182,189.73213588967036,16:17:55,-1
71555371.13111536,204.61611981380355,15:36:48,-1
69985981.89961371,223.94395646107705,15:48:58,-1
33420406.1501455,53.42161046848034,15:57:18,-1
60928350.69880068,12.13244503599476,16:19:49,-1
38582267.94402965,290.3664070405602,15:39:07,-1
80610836.04393059,104.04328273907494,15:49:26,-1
39863309.11048273,100.66300635737774,16:18:56,-1
81373870.90375645,58.421039450057854,15:29:42,-1
7775705.638517601,315.6718310853028,15:51:32,-1
17244975.244408906,24.38521770788876,15:30:12,-1
66457155.62347867,67.85179541122207,16:20:58,-1
46866474.39403927,339.8171454567868,15:38:30,-1
18764769.684309825,194.18001151362188,16:14:33,-1
79525620.31795926,193.6680573108453,16:15:33,-1
76931433.200313,96.54533587674044,16:24:37,-1
82374515.8324481,315.1721109215632,15:56:15,-1
85731303.7061145,257.0369073234792,15:53:37,-1
70822607.3533832,149.16077593281202,15:34:15,-1
18637703.839035343,98.0678239545916,15:56:06,-1
5605434.854626584,352.83089539622284,15:26:05,-1
83349581.10818538,95.72963293931464,15:38:26,-1
40203634.95918211,132.27205482284083,15:27:55,-1
64381580.94265871,282.653502440499,16:25:22,-1
54388704.05032536,206.16932505568897,15:47:52,-1
37403397.08072894,215.1667407965473,16:05:31,-1
59753622.71519943,271.47875926713067,16:14:59,-1
85771292.6766318,164.31165695673695,15:45:35,-1
45025712.58069577,218.02663147438693,16:21:27,-1
51324265.41491274,0.1398545228511105,15:53:34,-1
86758636.76801537,352.68877147468424,16:14:22,-1
15728582.475112496,298.78756233428106,16:18:09,-1
55676223.55508024,110.65372623675822,16:12:58,-1
60323503.86659442,349.4651690010039,16:20:56,-1
19297789.132559408,20.567815649153943,15:52:30,-1
22921443.15735643,195.51315759981867,16:12:39,-1
72957856.98386346,327.1372053340792,15:54:55,-1
24092647.345232565,242.15114891204172,15:30:01,-1
18010807.359382793,129.95594836703418,15:31:13,-1
53251925.934794,82.58038073060384,15:43:22,-1
53015144.86467249,99.24228241594804,15:53:37,-1
64958693.980126604,102.41753780026804,15:36:58,-1
14501721.938949378,211.90724545169908,15:47:11,-1
4063447.0935953446,55.61592995636755,15:51:06,-1
20783263.25136462,303.1683041526433,15:57:51,-1
14543028.482983865,260.6171065572441,15:37:40,-1
47131168.62364116,234.97290360361552,16:03:30,-1
69119113.77229936,154.28905764938992,15:46:36,-1
77984713.77672268,123.6005269732724,15:33:32,-1
61514309.2704044,121.65578911963786,16:13:50,-1
48324520.31987285,337.41238189913696,16:08:18,-1
28574117.600552805,274.6676714371266,15:49:48,-1
11807113.693903118,130.99513843416042,16:13:51,-1
31997202.64970361,27.01268825920609,15:26:10,-1
50580999.415468045,91.13518396862624,16:22:38,-1
26900329.214852884,342.08397718574923,15:50:04,-1
85833768.63924052,160.17531466298556,15:52:11,-1
24753112.952025905,266.1784563037491,15:57:48,-1
10218623.510782292,163.78355495698304,16:24:53,-1
15053225.783696923,26.99117737977084,15:50:55,-1
51733824.880726136,279.32347732730733,15:27:41,-1
84056768.15811294,274.9869537185395,15:43:54,-1
69395896.42732564,309.1845740845968,16:06:51,-1
39593575.87684531,274.6070411316532,16:02:17,-1
60315451.1264731,332.7606796019236,16:09:30,-1
35473380.43336859,61.95554005700524,16:02:21,-1
76667850.92850333,50.84892284624852,15:52:30,-1
67076622.92882167,194.06906816091475,15:34:00,-1
43603645.519257486,310.2886076562284,16:08:57,-1
38971774.29630722,336.54530800422657,16:18:50,-1
33017689.643468637,134.09508034079604,15:46:17,-1
24691052.327720817,16.999977998330095,15:35:45,-1
14743358.062918317,16.75321010198353,16:13:52,-1
65939958.50854166,164.75962853771662,16:10:44,-1
26710954.94497356,352.07953743195736,16:04:09,-1
4575343.732837299,310.6389697578658,15:53:30,-1
72989638.6730669,106.6843520365666,15:25:42,-1
40545980.242334686,343.96942759569856,15:47:08,-1
55714146.83241747,187.5321709242006,15:29:06,-1
88809206.06746507,324.53659638808614,16:16:08,-1
4928841.052688854,31.097715120738517,15:58:20,-1
67123788.20874356,314.7049929249035,15:44:54,-1
52179442.01025525,93.4306412984464,15:37:11,-1
76272635.35550714,55.08914285463695,15:45:22,-1
53081192.8348106,13.905301259203032,16:03:47,-1
54340995.45104884,28.459237161156345,16:14:26,-1
18242789.482693665,266.0586234552992,16:13:31,-1
4606620.136369331,135.2874414403017,16:24:57,-1
84209070.58649844,57.777394997593085,16:20:01,-1
62228187.28345622,61.92715534843693,15:48:39,-1
8866307.69546732,168.9061032973584,15:57:19,-1
39567076.00196611,138.898533256393,15:48:17,-1
46537739.47384872,66.30883049551666,15:28:43,-1
12425990.208681822,171.82546273274028,16:24:08,-1
76221515.17823596,64.6027088105192,16:22:45,-1
36591447.77887841,133.36544443642322,15:43:43,-1
9979166.78385035,344.5381961219758,16:21:30,-1
58995317.10333034,61.66301635877586,16:24:42,-1
84265548.7601595,251.8378863917565,15:29:59,-1
82170142.86837679,315.3741984907206,16:08:38,-1
7312107.169987378,20.44505030620417,16:09:00,-1
24642772.397072043,115.9365520134918,15:44:08,-1
27602137.425906647,327.93175314846235,16:11:21,-1
11598691.719661787,117.27632874921883,15:46:55,-1
4109255.68017605,37.32147916527471,16:18:54,-1
84891354.30816273,320.7852483093901,16:20:54,-1
24128204.072817896,109.37553192540004,15:43:37,-1
11575336.015825856,240.3723921381268,16:23:58,-1
30115040.700777635,308.5219413830942,15:38:34,-1
55078728.78195528,51.36109331517693,16:14:25,-1
8727838.952164574,211.1611184511468,16:07:24,-1
3376794.746705584,268.0653423958095,15:55:50,-1
37556293.84413316,257.27633022297726,15:33:06,-1
62725993.52728175,92.7553787108706,15:55:35,-1
22861693.693485472,286.82797744342423,16:08:17,-1
62318947.54002533,199.55974036018884,15:54:00,-1
7484304.552020608,53.54558260348416,16:15:16,-1
69091012.80930454,218.8574699986084,15:46:52,-1
32908028.79120364,34.82717262694608,15:42:18,-1
1683171.1255890403,76.03692329847328,15:40:58,-1
13541335.93036411,175.5528167378288,15:48:01,-1
67892489.6585616,332.1757756657158,15:55:10,-1
30001265.912553463,296.19849637745835,15:53:34,-1
4622011.574133209,344.16091142473675,15:33:30,-1
45598713.0455612,69.26574967875861,15:31:07,-1
6295524.77868294,154.78475508410764,15:40:57,-1
45340723.86746868,141.81218661587127,16:23:12,-1
50908439.39161938,222.24371585770493,16:06:32,-1
6610314.659904455,256.8181609788156,16:09:05,-1
85200459.71333471,316.757789935268,16:17:18,-1
62850438.68810406,338.80954541844824,15:42:56,-1
43935819.20669703,291.9264541999922,16:19:00,-1
50679329.348987885,260.0380313733904,15:42:48,-1
56871061.648134924,195.8023743549313,15:44:53,-1
34542257.762966685,198.3565160624304,15:50:39,-1
5489171.560775779,232.07382560298308,16:07:20,-1
26109769.44832215,193.548372312455,16:16:13,-1
15580005.975132542,45.04165434344122,15:51:04,-1
52639394.27250451,72.1031728877304,16:18:43,-1
22406602.351206847,181.4483337902376,16:22:00,-1
18425089.42357216,217.8033843127773,15:39:50,-1
71763424.45243956,185.74512313459516,15:51:23,-1
39412239.967263706,127.17923028582436,15:53:30,-1
66716106.78299389,131.13913585092584,15:57:38,-1
31242587.56092917,158.45678524502867,15:26:50,-1
74806026.88655803,53.72357813948168,15:54:41,-1
47876191.87428291,279.31773418368647,15:28:30,-1
70433697.54043478,75.99674498876182,16:02:07,-1
35178786.31530596,126.49277937443628,15:52:02,-1
51054194.92817262,84.75248540010865,16:22:25,-1
55068984.32542641,92.19663033607635,15:42:24,-1
64289447.80905019,180.40683377406617,15:34:57,-1
5690017.771256887,106.08566477886778,16:01:30,-1
38609314.67913566,97.5683518278137,16:02:50,-1
24445471.56105682,311.31101859303897,15:51:43,-1
32446503.13058196,185.817502672564,16:19:54,-1
44651124.07138568,328.88409177142506,15:53:41,-1
13304130.193063729,146.71555934415525,15:25:34,-1
74050105.1745516,232.2753383838811,16:14:10,-1
61709203.63290098,320.37164921651146,16:11:23,-1
71213022.82056789,33.07913772307191,15:37:42,-1
57852637.62839326,75.79623654420881,15:36:29,-1
54250630.00102717,264.9772570012294,16:21:13,-1
74746965.80684437,181.20331670482844,15:33:39,-1
27534015.26709918,188.3539130713023,16:17:46,-1
15974225.084093634,47.34981200411531,16:19:57,-1
23775424.99255721,124.27678435788636,15:46:58,-1
25244246.87542197,354.28395361763006,16:20:15,-1
89386446.75039442,97.07451770080876,15:37:42,-1
21075510.50743924,84.35792202482965,16:12:51,-1
64583059.14037958,130.84961126988554,16:19:09,-1
28934663.794785213,120.66854061527238,16:18:17,-1
60585342.76833346,319.4960526930456,16:06:05,-1
31176462.16478381,300.75442805440485,15:51:14,-1
66826048.41790155,174.4406794199295,15:58:09,-1
24885013.51621666,80.80821725302795,15:47:01,-1
42724255.0851604,234.54172781577765,15:43:17,-1
13481890.41107122,141.50403987625162,15:41:17,-1
65156348.13058485,303.3996628210221,15:35:11,-1
43493349.9095469,220.13775208228623,16:18:49,-1
13341090.7258154,231.19871894645863,15:44:12,-1
56195473.98344494,303.6798381579639,15:40:15,-1
86481192.50838892,338.84997568582924,16:19:42,-1
39305089.9289123,272.6247954702884,15:26:15,-1
71991333.13299197,307.51216801445383,15:57:28,-1
34786941.84451579,265.59198904014886,15:36:58,-1
25952559.98624024,98.37021450060872,15:56:29,-1
43740987.60875929,31.60766849675706,16:02:38,-1
28901273.22506688,276.12345310079326,15:37:58,-1
50268528.617216855,89.47854381904446,15:52:11,-1
81945591.97368187,307.8290599066394,15:50:35,-1
64013577.04601957,347.271824791612,15:39:19,-1
31411877.16034853,318.7139830356488,15:58:20,-1
8997046.24129703,37.47773537204318,15:43:47,-1
26239435.0447269,93.2990881284289,16:16:53,-1
60992452.99730693,177.95704377885735,16:00:27,-1
49185819.23431221,184.72920842440124,15:41:23,-1
616254.7640624708,216.4890821950709,15:54:56,-1
49696452.57757557,321.6908377963907,16:10:49,-1
72973352.21805717,291.3812440636315,15:47:25,-1
6788781.228968328,17.813709388570118,15:55:44,-1
1101475.6976008583,137.5587100868039,15:58:12,-1
71833318.25432591,60.17965672093883,15:28:07,-1
16732388.379574344,179.73351462726814,15:37:55,-1
17438033.69628568,93.81508965497986,16:09:50,-1
85655112.76102582,203.25940427584445,16:01:16,-1
56578168.756409325,42.28175342538565,15:47:08,-1
75825214.67539947,51.62979647801525,16:23:07,-1
36742306.88031144,338.1423123250758,15:52:21,-1
76799486.51223405,121.1122232599515,16:25:14,-1
49355494.44277406,304.2744707768669,16:04:06,-1
53207871.458895735,212.9394984498691,16:14:23,-1
58568156.85022496,183.09849616267343,16:16:27,-1
88327844.21888198,4.60475529387419,15:38:57,-1
39272743.723581314,320.16563470181995,15:51:54,-1
69143664.69557938,44.52804541349211,15:33:39,-1
31195341.024602845,139.4309689878204,15:30:49,-1
41015279.898499206,331.7290783382859,15:48:40,-1
19346731.516036745,1.4182587300712646,15:45:16,-1
28610103.945137996,263.2943273100442,15:41:15,-1
33574662.27470827,103.11608774674498,15:55:28,-1
84398203.4412582,195.4611988544424,15:51:46,-1
26399806.87451704,322.4230627124724,16:06:42,-1
11734420.568004876,303.57260876915154,15:46:05,-1
4018387.539655842,321.3617128048614,16:25:16,-1
86110602.16446894,326.2434515365418,15:38:15,-1
57520905.371418975,256.0138792547957,16:03:36,-1
44589054.76438724,312.0884318660124,15:59:48,-1
81741774.73418757,181.8642114811532,15:47:57,-1
20021272.658963878,265.28522561799383,16:07:29,-1
80812235.12799212,95.16055679480198,15:32:01,-1
16417341.597067785,103.39298688361583,15:31:24,-1
59920426.9752688,128.47732771240385,15:48:05,-1
62987064.40862057,258.4472536038525,16:06:56,-1
22307210.849854156,311.40233353880456,16:12:37,-1
63686592.71521654,236.8033816753475,15:45:04,-1
13818687.332814656,106.22364537274844,15:34:18,-1
86444472.77336134,314.0334587511502,16:05:06,-1
41848332.80812767,165.1978940119459,15:33:31,-1
35011863.28148289,323.44260855351064,16:17:55,-1
34000760.71217046,260.21369591524,15:53:51,-1
66055471.58291111,40.00285228653054,15:51:54,-1
5093043.388153193,9.970898435832416,15:50:06,-1
59064173.35771578,268.86644500523886,16:10:30,-1
49802661.86410244,102.38346539715172,15:58:45,-1
3394633.6179110864,165.45086880428707,16:16:05,-1
25126559.242907688,280.15961470301903,16:07:04,-1
52890449.89449377,204.5201313467975,16:24:46,-1
5142513.780714945,255.9284176801974,15:50:47,-1
32796471.683392618,59.58113734178271,15:28:59,-1
6407472.99108426,162.55705013317308,16:17:21,-1
18185280.791818127,37.042343551760425,16:09:06,-1
82158668.07213604,193.3504752591402,15:41:26,-1
65584339.60041968,318.9799894878654,16:12:03,-1
13786299.26319787,140.15107958979672,15:33:00,-1
18697976.256882537,57.692902486424245,15:27:29,-1
22263004.42473542,238.15233524320155,16:23:27,-1
75629304.07475075,299.8939952047308,16:24:39,-1
56655941.68569278,1.1150609256537125,16:01:19,-1
3432634.7510077697,102.3664731991111,16:22:19,-1
85992821.49232617,83.33846594368839,15:34:20,-1
61519917.44895547,124.55626748159948,16:18:15,-1
8197805.720141354,201.85647104196764,15:27:12,-1
64755729.920254655,48.78706276747117,15:25:38,-1
74190891.49947609,25.17268176087152,15:38:25,-1
68870389.10938534,264.3034232240251,16:03:29,-1
33851078.462566435,3.789153437579884,16:19:24,-1
28860324.61802655,18.320409977356174,15:43:33,-1
1061746.3553085425,267.580242141375,16:20:09,-1
15306969.26639481,229.64898186804865,15:34:17,-1
9245009.78165063,250.5690208893583,16:07:22,-1
23447563.625132523,334.0876898135312,15:57:35,-1
22854822.30364997,317.68756834394475,16:15:26,-1
70165594.19988814,175.51549820649777,16:13:54,-1
5325642.047607706,224.09351036961743,15:47:07,-1
231368.84040649876,66.14601411204602,15:45:29,-1
82321382.29912417,113.92350600001154,16:08:03,-1
48146489.5952476,303.1957360526176,15:52:30,-1
62911403.1022493,3.3118842636196355,15:25:58,-1
43291015.1708013,265.6019351567584,15:26:47,-1
1563664.9242589362,59.57564506777028,15:38:34,-1
45771867.8884049,326.04124903770963,16:00:42,-1
80848776.73726483,333.0224395553147,15:27:25,-1
83999105.34090441,349.7380843813562,15:41:09,-1
78184186.18378969,77.07075043964569,15:59:20,-1
59754685.15146731,169.42397645915818,16:06:34,-1
72714004.07876733,331.1098623700967,16:24:54,-1
85161860.75718313,35.99772492724584,15:56:56,-1
39705820.081316926,140.73429231279198,16:03:48,-1
81897415.78177676,40.03076456101519,15:35:39,-1
38964654.58549283,142.05621901242563,15:45:12,-1
31673484.74989334,285.36331887318784,15:56:40,-1
10449911.996793518,71.25947719170736,15:25:33,-1
1445572.6754049028,244.82477492699547,16:01:50,-1
7152312.291101801,340.13690734840253,15:40:13,-1
2400770.4035691777,148.73610483086046,15:48:16,-1
57077759.17838726,214.06591708459925,15:52:53,-1
68721169.29769571,265.6913446782276,16:16:40,-1
49982448.24378789,135.93514641912108,15:50:17,-1
58452424.01444394,223.47380942907373,15:29:19,-1
89185667.75039028,214.2285567790261,15:25:37,-1
29324390.01207956,249.67950759975344,15:34:42,-1
2441667.8637160687,264.72941142860617,16:04:39,-1
41823672.10770462,22.90542429231298,15:38:27,-1
26136810.178201176,135.7272252804702,15:36:30,-1
71842254.45067774,163.3267982319466,16:04:30,-1
28323889.289190423,18.565473266645554,15:58:05,-1
50682997.54033616,189.87075978580617,15:54:50,-1
69008992.57229304,275.0172312391395,15:54:11,-1
87739960.98466021,255.67688609932924,15:27:59,-1
71164100.2230987,136.43861162862785,15:26:51,-1
88872983.74991086,54.75590587466903,16:00:46,-1
44263804.12689463,329.7940576057146,15:26:54,-1
16759966.541730557,269.4113317518461,16:17:25,-1
68051644.12577577,98.87045882707864,15:44:20,-1
49324677.82766215,350.3408823677148,16:07:10,-1
19271674.62304167,71.92806527277442,15:52:36,-1
6062808.169640171,162.8908573603783,16:03:07,-1
43565627.502395205,60.72193595625853,15:58:13,-1
85904306.10623305,226.91921185204376,15:44:20,-1
25564016.67782052,68.29554055423883,16:04:45,-1
75510587.96887907,99.7387996186546,16:22:16,-1
17033242.765178908,323.0429302407901,16:05:41,-1
48426617.8810187,278.7094202666744,16:05:52,-1
76142805.72159716,8.5208952259878,16:18:33,-1
5078849.277963378,121.81290663050328,16:02:11,-1
7335113.721371371,166.329198890613,16:22:29,-1
8847467.51400613,334.1146006682497,15:51:56,-1
13751237.753231766,24.9423706632334,16:15:03,-1
62150283.85753695,236.0639387659652,15:48:30,-1
50005128.21382215,93.28320119504724,16:02:04,-1
3776328.426062212,328.1378699101853,16:09:55,-1
26282386.221186902,260.1953028140909,15:31:21,-1
47064341.11903029,113.52711078472294,15:52:06,-1
13264579.331996568,10.243752505520574,16:08:44,-1
29821916.725362267,227.2609455679556,15:47:25,-1
2114561.8157152026,349.37310446439943,16:12:16,-1
80367510.37427264,199.455832854976,15:48:31,-1
33610928.98714703,191.48318320972544,15:38:17,-1
963807.0979382604,81.07079868380853,16:09:23,-1
27785842.773499187,200.3818626985726,16:13:43,-1
76228346.42437078,11.537678465311972,15:49:51,-1
89267742.49306667,320.76678232969977,16:01:30,-1
69006719.3477237,35.92581624658826,15:46:25,-1
16703153.75668247,233.03023182012944,15:51:40,-1
50960036.96363497,150.92831915948076,15:42:32,-1
11935948.3482917,195.0731957862836,15:56:05,-1
59712054.58163479,276.6546512017802,16:21:43,-1
47968909.518393904,107.89960867872202,15:42:43,-1
69335758.07971033,338.20309201133495,16:08:35,-1
61068484.581389405,335.36504184084635,16:16:54,-1
40776221.34657478,282.8570416852517,15:54:44,-1
81623085.38128644,86.70396574974684,15:51:51,-1
20949102.08786596,142.7289466901035,15:31:19,-1
32484057.4131128,147.57927970539703,15:51:50,-1
18262738.62081948,289.43620330238866,15:56:01,-1
3681695.265061618,95.97800365544282,15:46:05,-1
89457900.40999132,131.5116848940502,15:50:34,-1
68566031.70280914,220.53777014512735,15:49:40,-1
62936803.58996347,17.369972838139645,15:33:16,-1
21660318.33921165,1.0043333443050615,16:11:53,-1
38490951.00415068,229.517979166858,15:35:40,-1
86330195.45340332,35.22848252165304,15:58:31,-1
13419455.002242733,176.62837924888254,16:20:44,-1
70648444.35613903,130.19424602431474,15:50:36,-1
62261790.13546229,43.34961130893233,16:06:16,-1
85119214.9200678,257.0748822404988,15:42:24,-1
55045569.6776268,215.2791316817228,15:39:16,-1
40174390.48873401,324.5975559876531,16:23:57,-1
57461192.49821265,14.36300874711864,16:22:11,-1
81200250.56479728,173.53118535728416,16:06:34,-1
77053186.83703578,338.7278675595994,15:36:05,-1
18604344.18939202,358.1737979871642,15:31:26,-1
43489633.642495885,303.321140386223,15:43:28,-1
4204055.729445194,198.6616932858186,15:40:25,-1
57141252.36953289,310.2231201607474,16:17:23,-1
18194892.87298097,325.05719215175725,15:33:39,-1
34846958.50809678,343.6187229689943,16:02:21,-1
79662948.41535005,284.6942336665992,15:36:00,-1
17138683.643373527,72.46589713863654,15:58:06,-1
53487419.47921842,333.6267169351836,15:52:32,-1
88579978.59128304,45.130510200319925,16:10:33,-1
22370614.10671213,274.7294205678231,16:01:13,-1
26634857.768143408,171.71861593975763,15:33:12,-1
31268652.571292806,148.46597331195596,15:33:42,-1
19116753.692346748,282.44363636379086,16:05:14,-1
58009598.5721648,24.4346013969508,16:13:08,-1
8632385.424378976,231.28086784441263,15:33:19,-1
50891696.94283312,137.92718611212518,15:42:35,-1
18068909.61432893,284.8315512116608,15:28:10,-1
165823.87361313042,90.6637655091973,16:13:51,-1
57609103.23775975,351.99071196238214,15:57:13,-1
86058339.6342155,111.7056744420133,16:16:33,-1
44910145.79441159,123.03044506624438,16:20:22,-1
334317.3344074211,257.16732519625384,16:25:28,-1
14112066.426773217,191.34345802661,16:21:50,-1
38198312.29080357,282.70358842090315,15:54:13,-1
466160.8141395306,342.5055460393492,15:34:08,-1
17259151.952609036,243.47894226813963,16:09:39,-1
74226578.6186189,293.60617286823475,15:39:15,-1
77570029.83187312,244.55290358759197,16:13:39,-1
6674407.549339785,82.28905256874415,15:46:57,-1
13951546.893181698,336.30344673503106,16:24:55,-1
6326230.106275454,118.79683223774052,15:33:58,-1
14159263.162474588,164.8417725253886,15:47:09,-1
82535869.79219413,104.57029323304478,16:16:08,-1
86414502.08378653,287.6778264368036,15:27:52,-1
54576642.96345373,55.90151102642413,15:51:43,-1
22540943.19790032,266.0167753656167,16:00:20,-1
61679580.15338272,315.5999016627736,15:31:33,-1
62796000.73177854,26.69717853787576,15:26:34,-1
82119475.64926955,140.69097644329923,15:33:16,-1
88680644.59066978,314.2936550495217,15:32:35,-1
26621166.16311279,345.4737004468436,15:59:04,-1
906147.5910911664,55.33434125782208,15:25:37,-1
60271867.64705431,169.45653144487954,15:28:49,-1
61751517.46762073,2.155151150097048,16:10:18,-1
80483121.66301472,277.39241558803354,16:10:21,-1
54892859.58184943,143.3314406485098,15:31:24,-1
29732607.39061889,160.00849391657445,15:36:46,-1
26161441.57302237,69.47358311608615,16:02:21,-1
56356453.50397787,71.39201781598572,16:03:43,-1
59916312.1411982,162.0139206126464,15:26:08,-1
58122791.16965282,295.3898139601124,15:58:52,-1
75835324.57666887,155.9888814458161,15:53:57,-1
19984890.12392729,181.7419151464173,15:29:47,-1
70520557.80090277,11.19029987042314,15:31:01,-1
46099752.53540883,343.5770684366556,16:04:19,-1
49415344.60510583,119.87647168375382,16:10:15,-1
35273157.25047516,52.971848618423714,16:02:22,-1
84037615.0162409,154.49246622096072,15:46:31,-1
76542706.1998784,170.0827136950199,16:06:51,-1
8416620.174741779,27.993317978385555,15:34:25,-1
23123587.80885201,244.3015263447606,15:29:59,-1
80805608.4379938,122.83097765394112,15:34:18,-1
51553463.84955052,305.5642405405204,15:53:09,-1
13874155.77201232,117.40802740433196,15:32:56,-1
58068396.74631889,142.8501766476197,15:29:49,-1
68152406.84776448,200.7978926920095,15:45:08,-1
22186870.349767342,171.00483745585132,15:48:58,-1
4915460.23162458,169.04913805701398,15:26:10,-1
50200796.02868293,329.1186491173115,16:13:12,-1
70687143.77929817,333.5004977313114,15:45:29,-1
68186947.07387795,14.194799440109772,15:52:26,-1
54245308.021004654,283.0670389510012,15:32:34,-1
48157611.30728849,197.1764319977364,15:28:49,-1
33888605.28683417,30.469088954759805,16:14:53,-1
67653793.47553088,191.8044414077145,15:41:35,-1
34080816.1068178,28.249095694739385,16:16:58,-1
71383642.03292114,165.09190625474093,15:58:29,-1
52718370.92920025,329.9695582446323,16:00:15,-1
73814543.64733678,256.0133159011176,16:11:08,-1
10309538.51067548,321.67572361991785,15:44:22,-1
53479928.72699724,37.35784056881037,15:52:33,-1
37920735.52447609,55.04393379663834,16:22:39,-1
87447213.75401656,102.76141359568076,16:09:17,-1
58385755.53342941,298.63501420710514,15:51:28,-1
19566739.594366632,208.36780494042085,15:28:57,-1
70601362.51191498,3.8875665979287,15:55:16,-1
78900114.24597062,266.82694629945456,16:00:06,-1
52649327.32209139,284.63757624950404,16:21:04,-1
65830252.641645946,285.0309040990017,16:02:24,-1
53746485.87480191,296.3660144598512,16:20:35,-1
89379758.85021149,122.22657717279569,15:33:21,-1
85316200.61116986,259.3685646227044,16:13:26,-1
26907539.180125654,304.69494275840503,15:30:19,-1
62382542.0304827,351.3149017443059,16:09:57,-1
33533022.560907103,54.55644816637302,16:05:55,-1
78525149.30741318,312.2147530236131,16:21:55,-1
7508740.87082605,254.0515302408305,15:37:00,-1
43954537.5602466,50.35939532317409,16:01:27,-1
8888208.500839144,177.28113948388165,16:04:35,-1
64972643.295634165,126.27377534272026,16:02:56,-1
9819320.715490822,314.1500110650786,15:51:24,-1
49580025.67846834,334.4630673046816,16:05:49,-1
39702445.38774322,304.2440826980923,15:44:56,-1
12046898.956503388,21.26999130094122,15:32:04,-1
30412255.943410937,131.64917711422152,15:50:11,-1
19032775.67059677,334.7645687722785,15:32:14,-1
82689690.27310148,235.9971631588078,15:47:47,-1
29504278.62488375,342.67328119679246,15:34:42,-1
65346964.247448735,167.01251590684498,15:46:54,-1
45220419.902624816,21.426929875040088,15:59:10,-1
43901683.18051717,23.493613351165287,15:25:36,-1
60612537.27516837,138.52519774291153,15:38:19,-1
29989069.421206795,222.8425332724243,16:05:50,-1
48392788.03509939,142.2207802303572,15:45:29,-1
74615580.62825456,317.4370630447177,16:13:31,-1
3173767.886292368,10.294898006525552,16:15:07,-1
2545215.132286529,190.6816058459069,15:38:05,-1
71480143.33939756,302.98924699553095,16:00:24,-1
43192736.87666768,40.73398644069563,16:14:35,-1
46046710.77400264,54.87823183380288,15:42:00,-1
2533296.7419210835,265.41716114555567,15:44:24,-1
36841341.852439,352.6516694264162,16:03:33,-1
35028807.47319944,358.56683856117843,15:31:05,-1
55681514.62851754,148.74991736761123,15:56:16,-1
68571347.80516265,137.03256944605678,16:13:54,-1
75821056.33801317,345.2919056730393,16:18:32,-1
4330692.053769236,174.14967955363173,16:10:46,-1
661110.2329228466,67.56496184352409,16:19:18,-1
5042736.21685806,118.11083310422894,16:11:13,-1
18814024.64979256,169.77091955555494,15:54:44,-1
63606961.88962778,316.93468684538254,15:39:47,-1
47871369.31426763,2.994822489544981,16:12:41,-1
86525819.17822354,117.5644209367971,16:07:26,-1
51583720.48648979,269.8305654430338,15:35:07,-1
87963737.31483191,153.37177599752812,16:18:30,-1
43105982.33329588,135.6652689638699,15:43:47,-1
89831807.95876306,246.7741968515672,15:30:36,-1
69701994.03112507,81.17616541956963,15:42:05,-1
67928044.07641794,352.05195147079485,16:04:57,-1
18640282.061415743,72.26058687730388,16:00:34,-1
31052402.75828267,212.59232494515936,16:22:00,-1
75840500.70539054,257.95995317013944,16:14:34,-1
21784666.099298883,24.462522258368374,15:55:00,-1
37484894.157914914,348.99406434916887,15:34:33,-1
3715435.660246652,326.1233128203497,15:27:20,-1
7467.281500041982,176.15783429818637,15:34:13,-1
35541187.94721403,175.15959323538627,16:07:13,-1
45047769.98832603,316.842561878319,15:51:21,-1
19705815.237830784,124.9128354039962,15:29:10,-1
6248912.443167144,52.467082462023285,15:54:25,-1
59020397.362733305,22.67741651598898,15:28:53,-1
47173892.64695755,16.995722858475784,15:42:22,-1
44475522.78609149,235.8363270292901,15:54:18,-1
13513046.1883846,80.89698846564636,15:29:42,-1
30482832.423991326,262.40762960818284,15:54:07,-1
47160791.07228604,76.36584979506824,15:58:18,-1
27191105.3027663,38.41179594410155,15:29:50,-1
33276769.282661803,239.47741159845805,15:38:05,-1
63112957.99946544,172.41288246606004,15:40:21,-1
49834703.0822236,334.56036382814244,16:24:27,-1
23882291.95795277,62.46712491504787,16:08:57,-1
84714649.78473969,59.64308534274819,15:39:52,-1
58695425.50303722,195.75001232419905,15:41:07,-1
10998633.753217705,270.4789496330009,15:41:54,-1
25444562.266614527,316.2968382010765,15:26:44,-1
84247459.6599137,257.7466999602466,15:58:39,-1
77695842.39903574,274.6018247482442,15:42:40,-1
75080585.3928874,325.4277753022708,15:28:16,-1
10201965.374000745,249.765252884118,15:42:12,-1
16034456.78430153,253.85032237943005,15:42:57,-1
73642922.90710008,57.15625693981984,16:04:16,-1
45987642.643452086,309.7316565644641,15:55:01,-1
39787197.82033359,329.9268438451039,15:56:42,-1
26409283.215781987,268.2740429240966,16:05:04,-1
17560777.30171982,272.11734456125896,16:13:34,-1
27422137.96613661,50.9347622456412,15:48:00,-1
83067411.65533774,245.0922681602208,15:55:25,-1
16843649.528012965,38.13246962406425,15:52:42,-1
3545640.517361372,46.03143444505461,15:41:34,-1
81650133.92271923,315.11827982830255,16:00:00,-1
33410070.11049581,329.18047917990856,15:53:58,-1
13357084.961384129,242.46841028732,16:07:15,-1
1530882.993569514,206.9088519762251,15:27:19,-1
49592543.19506176,88.62907073320255,15:36:58,-1
27794740.79332328,287.10577704949,15:58:02,-1
22668760.273480996,218.8209276610164,15:36:03,-1
5244342.275757345,23.33909315839174,15:59:08,-1
57948675.57160641,51.6407955034325,15:27:44,-1
51453680.10851537,192.9321600293877,15:36:13,-1
34826945.72395605,78.57684311735758,15:35:29,-1
29696860.18932677,174.16612770229733,16:04:04,-1
13309477.758831302,203.98312757439973,16:10:11,-1
87040511.59729525,193.3924743328018,16:19:12,-1
11815216.898762072,296.442402962298,16:10:57,-1
41359369.05034266,238.87873960367733,16:17:28,-1
62008969.7559652,276.08581783103733,15:38:21,-1
74919721.47880414,199.82991606143847,15:43:28,-1
58611791.180172086,323.6798790336178,15:34:21,-1
82020167.39935784,8.776688176287255,16:05:42,-1
33443878.512306776,90.05162076697523,15:44:31,-1
41118363.37813073,354.77875582894006,16:08:24,-1
68992963.4893343,214.31734094114807,15:49:20,-1
64177431.02884819,245.83381994007496,16:20:48,-1
69858848.20296784,265.1222205274449,15:53:39,-1
23814944.929472752,205.43790619980925,15:53:34,-1
51401115.86194551,215.733947827719,16:24:16,-1
56044371.09864018,224.3686605152704,16:09:09,-1
7512313.420315103,20.237862780350525,16:12:18,-1
12681446.763485769,98.94213278645566,16:00:13,-1
1272731.56105257,207.26358666638905,16:05:30,-1
29243844.02383582,179.60757182825665,16:01:54,-1
54386164.0076097,190.1464086326471,16:16:57,-1
18222673.53431353,231.81517466607104,15:52:31,-1
46934673.65365677,307.21479625658264,16:15:17,-1
74474352.95332828,220.4628393174572,15:45:14,-1
85602933.4050162,117.73618978736884,15:52:40,-1
74215347.93180299,208.21398263457044,16:13:21,-1
44211688.16825317,196.52195535888475,15:34:08,-1
76471255.73141691,274.5202830605729,15:57:35,-1
42144736.62215891,165.1802396731742,16:12:10,-1
65958345.31149063,33.68322244452963,16:00:36,-1
20218732.211510845,20.70546431014121,16:13:32,-1
25468872.343783285,64.18108811165038,16:16:36,-1
6101162.753656057,150.14069271299334,15:47:15,-1
36812299.29556098,168.65051700533778,15:57:25,-1
52998133.5333873,234.0080248491672,15:53:58,-1
46845475.54758758,84.84375672679249,15:57:47,-1
64160257.48137416,58.89389860162296,15:53:55,-1
67534615.35088064,355.1279108824327,16:06:10,-1
25093409.98655009,345.91581091468555,16:24:19,-1
50312747.52191033,331.4081995874063,15:30:45,-1
50267532.360047,129.04398211496846,16:08:49,-1
60399159.36363694,94.77902744225732,16:05:56,-1
5435147.748446661,114.75883974027232,15:55:38,-1
53778037.16313593,37.00506284973368,15:29:45,-1
10662801.225438915,26.93220388861109,16:06:07,-1
79824522.0874044,353.48182979602905,15:48:40,-1
11656403.679140216,279.27752225623044,15:47:31,-1
31496492.6970287,335.8639956948155,15:48:16,-1
86141819.74952,298.8397268086538,15:34:23,-1
8953095.781850671,21.15166727761984,15:58:19,-1
45751936.45590497,305.9726944289195,16:20:48,-1
30170812.9303813,109.7636928322189,16:12:25,-1
64061256.16974651,299.0014874495753,15:41:47,-1
17103442.863335047,92.68893158287626,15:34:28,-1
63558672.918448135,271.38648050433954,15:28:58,-1
25473511.714200795,230.4172407039932,15:37:41,-1
22335289.63360913,327.753282649412,15:55:56,-1
59075490.817335695,255.04718642331824,15:57:15,-1
63460493.60846148,165.2187722929383,15:38:21,-1
3347982.192038235,158.29908177410505,16:11:09,-1
44828590.19952749,156.53664971605284,16:23:32,-1
62572110.38911461,354.634683922057,16:02:42,-1
39538644.30164601,73.36690516878562,15:51:35,-1
84327004.30848022,27.31757994628953,16:09:13,-1
34684818.987754785,337.41764936669614,15:52:46,-1
14641895.713556975,255.65172631765617,15:40:54,-1
14221949.662693651,240.3628228384671,15:26:41,-1
33437752.27785213,46.29441342991659,16:13:33,-1
35923277.87314631,154.305590376121,15:34:19,-1
66939786.162645,321.10908675920405,15:26:04,-1
44382183.17243397,73.17286722233614,16:18:13,-1
14803823.60067194,9.444452340510209,16:02:57,-1
86959088.70636715,218.2846209208788,16:24:34,-1
51002543.41948224,12.173293466445836,16:13:38,-1
26331120.31841527,110.84588543720534,16:05:18,-1
9106409.713759042,344.937560383805,16:20:45,-1
73269135.28657556,208.06642067162937,15:53:01,-1
73672506.67108415,288.7993489469193,15:31:04,-1
56920195.50283721,191.59131780211,15:58:30,-1
86192307.77461658,110.75895198924454,16:09:45,-1
9365586.028326564,145.0691597066578,16:21:38,-1
87329903.57892317,105.2517858038312,16:19:44,-1
79235965.71182229,41.33079521019155,16:20:09,-1
9562415.577141397,33.22958600944068,16:08:33,-1
82325835.73041134,59.11451455185306,15:47:47,-1
9869401.536650166,162.05637169073958,15:53:24,-1
55707071.729571305,264.3537614332129,15:55:59,-1
44899905.73034134,157.2695689837474,16:19:09,-1
63100494.6915608,323.2323934508661,16:00:17,-1
17226291.707747087,127.32014568868703,16:22:58,-1
72310742.67381458,331.0883155740821,16:11:09,-1
42186588.44684882,177.3014262125789,15:49:36,-1
68595084.49850266,152.03449138784865,16:09:12,-1
23431933.80778921,75.03565851701777,16:10:01,-1
15792945.646492366,233.92151862424976,16:17:06,-1
28782695.76589233,327.1876972329069,15:57:40,-1
19093072.946787678,304.0464604131201,16:07:35,-1
16229162.20247897,12.808146828975552,16:01:23,-1
33103883.84666808,337.61192976913367,15:40:32,-1
56849142.62922332,227.2216579827024,16:24:41,-1
75402509.65872376,83.44616572063225,16:21:07,-1
45777269.6803012,18.629902226894732,15:27:23,-1
86762186.37585498,39.21667484768637,16:02:08,-1
31267149.58483316,356.5784949114026,16:11:55,-1
51838287.69461334,20.18500179934154,16:20:31,-1
53157950.66584043,356.6811723770752,16:02:19,-1
31670401.13982653,142.98768597900414,16:10:48,-1
871560.7498426338,83.89270139662761,16:02:27,-1
61884700.03389623,315.8994705611588,15:45:46,-1
42155203.03446139,324.0221842906727,15:57:46,-1
36071551.30823397,273.924528545795,15:46:21,-1
47907669.184050485,63.21722669613926,15:33:08,-1
4365661.581197119,281.46283300946857,16:23:49,-1
73346747.27159028,138.46234323599953,15:31:35,-1
24532189.68360272,260.1340894679226,15:26:57,-1
51512660.59497047,31.89433264205961,16:19:15,-1
28156442.626697134,244.2868640619755,15:25:30,-1
58374910.21901465,147.70347462076643,16:06:36,-1
8229729.878748601,129.584185749537,15:53:37,-1
50215100.64562514,243.84551380489756,16:25:22,-1
66338828.105068825,332.9196267024329,15:26:52,-1
73027783.05644144,42.62011840023641,16:21:56,-1
53736107.41412326,185.08564652425923,15:49:59,-1
53805697.61678548,306.36275682589906,16:08:00,-1
57914291.32119932,153.69277671498023,16:02:03,-1
71881640.28541653,40.06251649083153,16:00:00,-1
22548364.44706308,297.56431996342843,15:45:35,-1
50073764.0400969,206.48617155691508,15:42:23,-1
11705041.087814124,9.288072976140509,16:11:47,-1
21294254.39675612,15.448843134690428,16:11:17,-1
15423680.440653035,151.86479133915083,15:37:42,-1
41668313.50401044,270.8191824087485,16:08:15,-1
39948411.28567155,107.15176776040386,16:12:43,-1
21199079.34556444,196.9412782809393,15:47:58,-1
55516884.479712695,185.35959851164725,15:53:17,-1
41958482.67218232,162.1448678719747,16:25:22,-1
83559638.21749632,25.89858493755599,16:23:20,-1
31898486.636779733,279.7685667472884,16:22:02,-1
60471007.97707535,301.95523890627874,15:39:42,-1
72380221.8280552,67.42092045383734,16:16:21,-1
88555747.52916656,18.744649904699152,15:35:48,-1
39578730.14802689,310.22788473957894,15:33:05,-1
87581848.03397718,169.867650110793,15:39:46,-1
62786122.35183948,214.02174064315423,15:32:07,-1
20876849.676466536,7.907414836930009,15:59:57,-1
76968758.32033558,344.3284313087152,15:40:58,-1
75790774.93895736,54.73516990842064,15:26:43,-1
54383585.21406924,76.35823503142724,16:24:42,-1
57670091.53200431,309.5010922624175,16:14:14,-1
64961922.701435134,168.005572739789,16:00:16,-1
34477157.22689778,10.772131516922895,15:47:25,-1
51276524.01611008,164.5990182756275,15:51:45,-1
88753470.30174524,158.4923013313225,16:10:42,-1
16354316.454335932,271.1277026391047,15:28:15,-1
36546014.17648481,101.34977152505743,15:46:14,-1
15724578.100504024,172.24707173152905,16:09:05,-1
71252623.82657298,121.8180135835926,15:55:39,-1
83261127.9485518,315.1830009599576,15:41:00,-1
75288240.7213956,37.61287008886691,15:27:07,-1
89768138.9182099,358.18821637938777,15:50:12,-1
61737125.20536206,355.71813690649407,15:43:10,-1
57137100.8306708,181.7376853973338,15:53:38,-1
86948558.94785187,337.64775509928785,15:45:43,-1
14065157.067700516,83.64294493903002,15:29:15,-1
17818486.156737994,307.5569874178559,15:34:13,-1
44053265.33521174,133.86211512152428,15:46:02,-1
83814734.00560677,281.7186650943632,16:14:22,-1
1599051.2687515677,100.79886209213304,15:27:11,-1
72185148.30987257,197.6306802130687,16:13:53,-1
19035127.33536778,296.44048896952984,16:10:36,-1
23132456.439455528,267.5040769502372,15:53:48,-1
72587754.75358507,236.8063464391283,15:34:29,-1
44095247.12115785,188.74762883392384,16:08:49,-1
36603764.17463223,123.0188492034384,15:38:07,-1
52491813.86381519,267.3896227528252,15:29:15,-1
42755238.99103731,111.2938302502416,15:59:08,-1
7025480.9207045445,340.43172803265105,16:14:22,-1
44392430.36534,203.80441555786803,16:01:47,-1
63737790.26386754,27.00325725069487,16:02:14,-1
14218072.565322893,5.821462717093326,16:04:52,-1
23350530.157848645,89.14672155628321,16:07:34,-1
72183334.61329462,232.3123680810296,16:10:48,-1
59909688.90395046,317.97805626885605,16:20:13,-1
25495641.02787351,41.78418457750964,15:48:01,-1
30187092.717434622,187.5675159959528,16:21:42,-1
2322997.990951276,90.62138029489245,15:44:25,-1
74744337.11030598,190.50475136682684,16:14:17,-1
26257174.86595572,112.32798767330684,16:10:41,-1
45918047.12657579,279.3236275642456,16:11:09,-1
41973330.019693606,69.41601397588457,16:16:08,-1
60443450.47868634,77.82592487084776,15:25:32,-1
12132954.40444899,204.05051846687067,16:00:45,-1
50654913.99004629,260.4960043440251,16:15:42,-1
11874356.597288232,131.0403511367313,16:01:51,-1
34980462.52279677,357.8320710067252,16:12:09,-1
23871495.309148006,351.05044414137154,16:22:05,-1
36199932.447720304,150.58753793558645,15:31:46,-1
61697493.012281336,109.46944447467035,15:42:27,-1
80031394.7002498,85.01169784458114,16:24:47,-1
49038228.60487644,349.931566533191,15:52:42,-1
54166502.3793093,258.29189305550915,15:54:36,-1
64526219.81061027,238.87297719813228,16:19:04,-1
18878087.372331794,34.13752180926689,15:46:11,-1
57548457.93815428,41.297284684000935,15:37:17,-1
45182419.27950104,147.60863112659916,16:05:37,-1
61517684.299324326,350.55349771949807,16:22:22,-1
32658756.44012562,192.18624721147307,16:23:00,-1
24453694.15402332,357.16536719336887,15:26:18,-1
29767167.345302343,17.324078506457077,15:27:53,-1
81968086.49880984,358.97651476499544,16:06:55,-1
68518796.279726,275.644693685336,16:20:25,-1
30628402.74636301,146.46368008209237,15:49:18,-1
72545666.99898957,177.6941511122893,16:20:00,-1
11940545.453476962,19.84658247677961,16:18:40,-1
74979301.81902817,228.0546566378823,15:45:37,-1
61777301.41098065,306.25187392176315,16:19:39,-1
67506780.9567042,148.73073804061133,16:17:23,-1
86334271.09390754,192.7170743779156,15:43:31,-1
72294281.82604533,122.62047499840884,16:11:15,-1
65408303.30947056,231.63167938932887,15:26:28,-1
10628661.329968791,225.94947149784363,16:22:01,-1
82620846.45229714,46.43637903021803,16:18:30,-1
67948391.38851194,201.60093511219992,16:06:38,-1
15682461.354061613,21.045771141353157,15:58:42,-1
79822452.58837749,310.21503928611804,16:15:35,-1
65171078.01485102,50.028973371743135,15:38:36,-1
19577028.32667419,294.9019123253664,16:03:02,-1
18141411.54674164,242.08493366130875,15:38:23,-1
9888595.27425113,344.80847976372206,16:06:38,-1
70587150.23801059,295.264216335924,15:47:20,-1
9034011.157776766,160.20222994815944,16:03:50,-1
76637521.47460683,59.69710250929034,16:11:52,-1
34640238.244917154,129.65004472435703,16:10:11,-1
89896030.15113051,86.08370105260252,16:19:59,-1
43484979.97387036,274.4152806190258,15:54:39,-1
50897054.21838006,329.16582650103106,15:54:38,-1
82758681.3725922,306.5204712731476,15:54:17,-1
63584245.00664493,308.65929759998374,16:05:46,-1
73331867.51293387,101.23350835362125,15:26:58,-1
3753655.877368141,56.443356588907946,15:47:36,-1
78496390.67402937,46.95704782738432,16:24:34,-1
63834085.93009944,48.44816433244114,15:28:02,-1
58217537.17821209,201.85843429369555,16:14:49,-1
38981351.41195384,300.6805292998896,15:26:35,-1
60595249.23555128,70.86809870241301,16:16:05,-1
59604719.12488324,104.10456534478816,15:31:04,-1
10162182.04960628,0.0053424960067083,16:03:26,-1
15667862.530635614,300.79081468753026,16:08:56,-1
79037052.20480631,94.45721291533944,16:09:47,-1
56599739.59540333,26.22537631231845,15:40:59,-1
56637300.78661461,50.006696210570375,16:23:55,-1
70375667.93523447,229.5558400437487,16:01:19,-1
81620952.77113618,88.54460677491929,15:33:59,-1
57302250.70216243,101.92801909112796,15:56:30,-1
57822468.286544695,21.51649307170285,15:28:10,-1
52282391.03913032,116.6306670448524,15:29:25,-1
53841075.9256247,293.6357371772428,15:27:06,-1
89656352.24860345,63.66420902299812,16:24:56,-1
55019941.19315193,118.5032510688248,15:28:43,-1
63295330.18670833,129.02035019624287,15:29:30,-1
48060933.958605394,265.2481764201627,15:38:19,-1
63049596.18243919,265.6370642497366,15:54:31,-1
67475989.06672375,91.16005537311102,15:41:35,-1
64485308.12874168,112.45024631247908,16:12:17,-1
41080350.5282834,132.74793522123588,15:32:32,-1
18071349.82031061,227.89799272745444,15:32:11,-1
65326655.82599168,92.01132342577284,15:53:23,-1
77381887.66729318,280.4764805547141,16:06:19,-1
19095966.276929382,234.3388255887662,15:58:50,-1
29463519.21374777,215.6887105029417,15:40:54,-1
67790918.24798658,156.86637066436484,16:20:18,-1
15525393.62549775,255.6074132583437,16:02:42,-1
81581371.76653613,273.3384506493561,16:14:19,-1
47007843.20381294,319.0284091619148,16:00:39,-1
13838070.211882554,4.562749106030237,16:04:15,-1
23597315.77289347,105.30154064318874,15:29:22,-1
75534581.38657817,26.17650770731201,15:55:41,-1
37856888.017070174,151.97017575424042,16:09:39,-1
42435025.597625576,145.2170036896534,15:47:41,-1
68706855.19561106,135.32471405091724,16:20:31,-1
32508425.97402316,2.725302117744688,16:20:05,-1
2274392.61735618,49.744499777407086,15:35:29,-1
58085102.44351072,57.48801543426362,16:03:29,-1
43910227.22076494,275.8214955091527,16:05:26,-1
78703537.69576266,328.79175987677974,15:52:08,-1
32612289.006936356,234.71276432737983,15:46:17,-1
75287058.07663748,156.79477492115,15:52:20,-1
26016933.984878093,353.04021428214577,15:49:45,-1
2864583.8840410323,222.7464033012861,16:09:21,-1
51771939.24680206,310.9584680304712,15:42:19,-1
39523966.87032587,355.3068059606928,16:00:44,-1
77882390.01154634,57.08639282076548,15:41:23,-1
71224645.85108809,33.42408654496506,16:13:41,-1
20896198.755441837,304.3058528509558,15:31:45,-1
37565593.88694003,141.8723664606351,16:17:27,-1
37079102.86252981,67.90603381865965,15:38:40,-1
30396229.59709984,35.24020105343859,16:19:32,-1
26789944.21753476,246.6137718213485,15:32:21,-1
44882006.67857633,100.2050734264402,16:14:29,-1
27782564.32695717,104.46608339286944,16:12:54,-1
19734941.05996259,320.0738620040836,15:42:31,-1
74937690.83573067,359.9300236512538,16:14:13,-1
21390908.777224485,185.1899094289524,15:46:30,-1
62019575.16194156,197.67245721962303,15:58:26,-1
51283645.67137972,170.7654826035433,15:39:57,-1
64290722.65738388,332.06821195342684,15:52:19,-1
4182898.714373388,96.23268442980272,16:08:51,-1
25167428.2995232,158.8545380296681,15:42:49,-1
62040182.149795264,359.3468027587547,15:43:49,-1
36998557.13681612,269.12817833132704,16:02:53,-1
59454358.941348925,192.97489556877724,16:22:37,-1
28912434.134711374,95.26460287133,15:54:47,-1
29312259.168312464,97.23556132950296,16:14:19,-1
88125907.46405439,332.92555109641506,16:14:05,-1
61505745.70297642,210.57239767910548,16:13:50,-1
18302493.722186383,134.41070903040287,15:52:28,-1
79827140.54381227,310.4033705523019,15:53:43,-1
15458718.897039363,8.237530180295751,15:56:22,-1
39631185.97764982,80.4264127179401,15:31:06,-1
38836406.80051207,22.72647107803334,15:34:47,-1
2481565.562992516,5.394336379727158,15:33:18,-1
24754530.293854587,61.963670422458605,16:10:53,-1
73043567.26429182,213.47787843880567,16:12:37,-1
33164591.84927392,56.703152585836335,15:53:18,-1
88086411.33464576,113.72638570280716,15:59:50,-1
37635209.3251584,125.01432719601976,15:49:53,-1
75384536.12287995,24.42269197656553,16:20:02,-1
26848197.84454937,178.909406705787,15:48:45,-1
72121434.07261091,30.807576225941744,15:44:09,-1
9780672.776000949,217.38812113956544,16:08:40,-1
88336435.11716017,233.17410181666213,16:01:58,-1
20462812.30165322,289.82980784456424,16:01:16,-1
52146451.21290374,53.11401121220189,16:14:38,-1
12212611.164079564,203.34080704357564,15:36:43,-1
17509302.149328455,106.3610222705111,16:13:27,-1
41846646.13194067,256.85586105565733,15:43:58,-1
76671540.75633621,303.90712240195126,15:38:19,-1
15823739.744275533,92.81482176296224,15:31:23,-1
19652028.3073628,292.1294889905493,16:04:16,-1
9787691.609335894,292.6588494113813,15:50:28,-1
65632289.632189184,355.1366417414453,16:18:44,-1
70049558.69289045,210.606143579749,16:08:57,-1
50001488.7521214,300.6993481788831,16:14:04,-1
47350084.05947737,26.14931240464636,15:28:13,-1
18816202.28513951,249.44580414156317,15:34:45,-1
74602232.60387279,65.56670782921104,16:24:34,-1
27433202.923969835,104.00901970962366,16:12:48,-1
69078345.05731188,199.8019258339697,16:01:58,-1
471842.2848772655,149.20479039948887,15:30:51,-1
68507043.63698256,10.065486763111288,15:55:58,-1
55891172.962375805,316.6755696528173,16:19:10,-1
63485457.6840389,36.46675993637136,15:43:52,-1
76819262.39188583,274.8993677577725,15:39:52,-1
8490429.209851647,29.0444297322094,16:10:59,-1
14111557.215500552,50.840963026403394,15:57:02,-1
75115366.47362256,43.36443821957742,16:19:05,-1
50379033.326814,85.21991076501334,16:18:58,-1
42654728.08559848,166.02625764797182,15:45:27,-1
21587935.97284936,118.17078805995808,15:59:01,-1
17796121.52116449,28.061206381597597,15:34:18,-1
46548153.0271401,324.9639628478505,15:34:17,-1
68437787.22739102,246.64147804402225,16:15:13,-1
68878630.0835787,55.45860374866463,15:40:02,-1
76275655.42513083,103.7163578022354,16:07:43,-1
72691935.32190005,113.23168691565093,16:16:16,-1
57876472.78166853,188.3743304963428,15:35:04,-1
29476018.72476523,19.83391743405484,15:28:45,-1
75174938.15785724,92.1289708614091,16:03:27,-1
1915818.2720851963,76.44845538137888,15:42:12,-1
88200499.0985954,42.18175961968176,15:48:23,-1
8260534.877234897,217.7681971305533,15:39:54,-1
83674948.50870287,311.3382705853674,15:49:31,-1
18588600.74986405,80.53332724784416,16:18:32,-1
76933291.85459128,165.06356400464037,15:34:30,-1
7470869.374709436,109.7065781829088,15:57:16,-1
27164209.24042343,15.616271060688,16:15:10,-1
10682769.870280055,39.43659552809972,15:46:19,-1
42975740.95781673,37.52605866430457,16:10:04,-1
1936503.202812876,173.41927432826432,15:54:09,-1
4890422.436214255,60.50390807128573,15:51:57,-1
14081241.7196854,336.135597097109,15:57:52,-1
21453771.36677335,288.15003101212045,15:32:08,-1
33716525.71054058,109.8847600243368,15:59:18,-1
68199913.11322872,287.67873195347755,15:30:48,-1
77854251.06759576,334.0932495563567,16:10:41,-1
12082397.900516804,63.993984904261154,15:45:55,-1
65476994.106038176,110.536309897151,16:11:31,-1
77168230.43225731,29.595358627561804,15:56:57,-1
72527936.3619098,289.82798248915503,15:39:22,-1
45868603.63784327,268.60741085698703,15:26:39,-1
48336779.385321625,61.62789889460313,16:20:42,-1
39512473.0208286,192.14005602430944,15:58:09,-1
60768149.6206654,193.71845961849505,15:45:22,-1
22244296.79159217,275.1063727606588,16:01:09,-1
20302031.04387357,214.64576592597663,16:21:17,-1
16861629.57826655,325.7886533814014,16:20:17,-1
3175174.295905528,186.50078244639192,15:45:06,-1
6613914.131984265,295.5787167911892,15:42:20,-1
27442339.97980489,61.32870759566571,15:54:10,-1
32108750.127605747,343.95933256568674,16:06:02,-1
4207964.280531655,45.594544675775175,15:51:45,-1
30703685.56453883,149.6765926780633,16:15:31,-1
40486455.04023643,207.19865833803303,15:59:48,-1
78829604.04311478,123.74190199341666,15:49:29,-1
36962339.50686857,266.7235362646753,16:05:52,-1
58008286.65269353,87.94917261810181,16:05:29,-1
35703545.55120473,356.11536660062814,15:29:14,-1
10328323.64415492,195.1717231372183,15:57:50,-1
20130669.55055478,304.2098478153423,15:56:10,-1
81140669.10493436,334.98383963227434,15:30:33,-1
17605272.504776042,231.36668213186695,16:14:28,-1
19256848.2374934,203.0793720236236,16:21:55,-1
51086563.91212952,141.26294659762942,16:01:50,-1
45425405.119112365,291.1219955730405,15:32:30,-1
8691508.346434271,270.6039083371716,15:42:24,-1
66694229.26721545,212.59171188018135,15:40:44,-1
36065922.7542138,326.4892151809779,16:15:22,-1
29736111.488296628,1.379067716268514,16:06:53,-1
68676950.7749463,229.6069465146253,15:56:38,-1
34851012.684729114,345.20932866086525,16:14:22,-1
20495845.668056726,308.5160507810723,15:55:22,-1
11285704.696463363,281.48041279086056,15:59:08,-1
64776006.29681463,240.5310267117244,16:00:46,-1
36123666.80985016,139.87178091027897,15:34:04,-1
5550892.47321129,90.60390389619576,15:40:34,-1
28872132.6048458,111.4315927382215,16:25:09,-1
39024440.85985457,14.17880228836218,16:00:54,-1
44541711.61218863,199.4619369638182,16:05:43,-1
68222487.41494931,344.3677805436973,15:56:32,-1
64776891.09747379,183.49164595211465,16:18:04,-1
79867087.26010677,237.68024517911547,16:10:27,-1
1670742.1284372397,200.94269364641215,15:30:39,-1
27816616.32042239,157.4191851096595,16:22:43,-1
18777558.172111254,269.02185003798155,15:52:18,-1
30961222.798268493,89.23367483516525,16:03:24,-1
27949071.13006816,39.308216168397706,16:19:04,-1
59974316.48714504,276.5006864725649,15:33:40,-1
2806767.745964264,82.29423588950893,15:43:49,-1
36197680.19452789,97.72386262426436,16:15:34,-1
81406935.20678031,80.56898684132018,15:36:48,-1
74727676.56814624,300.6500273520596,15:27:19,-1
4863339.905806198,166.27039464642485,16:10:08,-1
39365046.51892853,223.97041871623517,16:11:30,-1
82361117.6679414,161.61973453579742,15:25:36,-1
84926683.83177288,121.64841449922416,16:15:49,-1
78599498.83125645,251.73133332817252,15:30:49,-1
41939540.473072186,209.8476276200089,16:15:55,-1
42301224.79161291,19.67892838355413,15:58:16,-1
4907426.730010607,192.1056449945864,15:54:12,-1
82547055.22350244,320.3045823898952,15:26:50,-1
53122019.13516025,125.0167979845429,16:05:57,-1
26185043.12473874,169.47995788885086,16:04:02,-1
1151107.4429964707,342.5312498901459,16:16:15,-1
7242765.757017576,50.49275210521907,15:40:01,-1
21479946.298794758,146.98139874185324,15:31:53,-1
83803804.66486171,295.2458579019061,16:21:22,-1
21772464.798897635,154.19932920260413,16:17:37,-1
31867427.66386113,39.949594189656,15:35:39,-1
74450968.35940768,356.1660030656232,15:49:56,-1
25403098.767944217,215.9389458791099,16:20:04,-1
88908307.95464559,63.75239929126504,16:10:25,-1
4358068.300410452,70.80727428450496,15:27:18,-1
13512397.970515516,244.68131216554605,16:00:57,-1
63457894.91801963,73.48504472918135,15:55:53,-1
1107598.1620157848,338.1894338216664,16:24:16,-1
15688046.024129543,157.44892456952311,16:20:23,-1
40039580.94869541,15.246622666316629,15:26:39,-1
46657026.77446093,300.4051372227843,16:09:44,-1
8521040.257193763,291.13045355132806,15:41:18,-1
30039467.741348755,148.3008001879269,16:10:30,-1
71871691.35160615,102.07932774135776,15:51:20,-1
4734497.640684187,226.4827249633348,16:06:55,-1
55289221.88538064,157.05711865056003,15:31:15,-1
58676414.45712225,152.01570660203976,16:13:03,-1
14314918.778336463,117.82422176893228,16:18:03,-1
58614049.16284458,285.41176540021854,16:07:22,-1
82058300.78374003,81.476716332071,16:04:07,-1
16844782.83172334,104.09079872041522,15:32:15,-1
23209408.64688844,72.87965935560358,15:58:23,-1
28658353.83075011,82.55328503579038,16:03:57,-1
7273075.92458944,173.50264775705278,15:46:05,-1
35208297.57902711,277.782020072211,15:41:46,-1
31901933.06858912,36.42991787604981,16:19:49,-1
53288858.30901599,210.35985768129683,16:11:30,-1
21862952.60216286,312.4729478880034,16:01:37,-1
79037987.19431835,320.50484907945946,16:03:08,-1
73194999.22730204,283.6021559925572,16:20:10,-1
36033944.03466632,143.0413366434845,15:58:48,-1
78822134.21617645,154.2220871264401,16:03:39,-1
14091263.813816156,188.24477210631332,16:02:50,-1
73782068.82861654,95.93721966165148,15:42:45,-1
60984248.11583591,240.09345849886532,15:55:32,-1
17637523.27724891,168.85913576695032,15:38:04,-1
71275449.2621339,95.71209511118262,15:38:39,-1
46749306.69365648,231.13677216877232,16:07:51,-1
10357755.759631217,138.6903594779278,16:17:01,-1
84155434.4875966,257.9645510853877,16:08:34,-1
68841602.18443114,11.993867537529365,15:39:43,-1
26616823.13824985,218.42490282037392,16:15:51,-1
25659209.4423211,1.878494635638801,16:03:49,-1
56929982.21501378,357.3515244820886,15:56:06,-1
89115882.0810405,161.95277617814511,16:24:37,-1
15311379.696312517,192.81411920864755,16:22:40,-1
17441480.464186106,42.34615455708553,15:58:43,-1
49242982.032238096,164.11924440909922,16:19:30,-1
46068095.28568032,305.9129779850492,15:50:42,-1
61992314.11908909,226.6933769357444,16:13:01,-1
21114985.328809645,96.17240525429426,16:00:48,-1
40372337.563162215,315.2713068946243,16:19:17,-1
27751539.41440839,209.553082906983,15:56:04,-1
1500408.7755479496,173.28111765098885,15:27:08,-1
42966612.477186926,93.06315497073687,15:41:45,-1
1329902.140978981,288.52406465220656,16:23:41,-1
74531637.30546881,227.205331852634,16:00:40,-1
68373189.10509375,6.152092248063723,15:45:16,-1
28613625.12626462,214.78863657422747,15:51:02,-1
28290941.267347053,93.9811739186318,16:21:01,-1
27359500.14440398,186.6886928397955,16:01:54,-1
77360259.3686989,192.27451569260876,15:37:47,-1
12307986.112593235,87.24311817662249,15:49:00,-1
63742115.06335322,92.5327205478464,16:16:53,-1
9507827.751843002,19.70660769012902,15:42:02,-1
74741310.09404284,259.82938443480225,15:39:44,-1
27717297.6686059,257.9074023136899,16:11:09,-1
46805668.15962396,70.86456240225078,15:48:10,-1
72934892.19615188,211.0737933740845,15:53:16,-1
26396062.99758423,89.41745868587945,16:24:29,-1
10381650.155847738,189.0815018978398,15:45:19,-1
65402579.26359769,340.3604815717688,16:00:07,-1
67069475.632587925,159.48449953581496,16:01:29,-1
30716287.727850266,192.5897962391804,16:03:48,-1
72722686.15231687,196.40375014803655,15:33:15,-1
68061395.86266103,257.1726844809078,16:03:29,-1
63585023.64627855,344.5070508248708,15:45:00,-1
73686057.27626681,88.06481525227855,15:31:04,-1
71230071.79257002,227.35893449750765,15:53:48,-1
39482614.42430737,8.312498813724662,15:43:34,-1
69947492.99060132,351.9134930067456,16:04:28,-1
57162620.96887217,55.52196376433108,15:53:17,-1
37995404.636214085,50.38967163953728,16:16:59,-1
37470532.85023667,319.094344222164,15:58:30,-1
34676863.21164671,26.475259031344915,16:13:13,-1
40623836.44612879,18.827478121098032,15:43:57,-1
55278090.68874678,176.08504363199387,15:54:30,-1
39071441.108980544,262.09518287244464,15:31:20,-1
63684649.63978236,254.35267909291048,15:43:10,-1
74025403.18947141,312.3196336272325,15:40:38,-1
82644046.22055458,297.92470480514925,15:39:50,-1
28119859.327293377,224.4846325016937,15:27:25,-1
75290500.1745232,116.00542764595257,15:57:46,-1
25643272.364716507,179.4639367648754,16:16:38,-1
61381948.66927258,178.31513252265006,16:21:33,-1
48077251.00605004,293.9373011943294,16:23:44,-1
59233506.223949365,302.8567668345011,15:37:06,-1
53440244.56480628,217.2234626167669,16:07:35,-1
22546269.50144836,180.6026113435477,16:22:19,-1
39777856.5201844,60.22184366249322,15:26:17,-1
80603521.62334424,34.17872812398427,16:19:56,-1
3112699.4619378564,322.11158970473025,15:53:55,-1
21021999.10841379,102.38976494630556,15:58:08,-1
87153677.8085713,264.2908969860959,15:32:01,-1
28030978.83494433,206.5875047016166,16:03:49,-1
89073993.90802093,139.78349972750166,15:33:30,-1
52425121.94658899,74.43536060728202,15:48:46,-1
70700142.85185187,195.2556217198453,15:25:55,-1
80078853.20880865,135.32598321204068,15:49:19,-1
2368936.5584573187,109.53455058896438,15:33:02,-1
19513940.86972961,108.96589882925484,16:18:42,-1
18441182.31748236,169.02683371713738,15:44:51,-1
51631381.79702468,128.89752398437258,16:11:32,-1
29460494.12545802,167.68097832233684,16:01:25,-1
50499482.12119634,28.03527223357433,15:56:35,-1
88607559.00355051,336.98019155526873,16:06:38,-1
47999893.2379144,287.81825957092866,16:01:26,-1
28266261.96686201,60.73377835858869,15:31:29,-1
1929611.3461022908,169.90857769424463,16:25:25,-1
33500937.70022133,225.69011500110145,15:59:06,-1
14836269.08804131,71.52769688028256,15:42:38,-1
56382022.14774213,296.6219590573874,15:46:55,-1
668380.9732422454,164.12670759743557,15:33:15,-1
74413361.59881242,160.6994547311458,15:35:55,-1
74593258.2262157,351.850001247057,15:39:29,-1
45112624.9694372,142.75148984313208,15:57:00,-1
27459462.885533888,129.2708501033778,15:51:39,-1
10567538.591564696,319.8159600257575,15:56:18,-1
22051677.50622622,243.8020136105956,15:33:05,-1
1965962.6321829648,7.423194799421582,15:54:41,-1
65489893.2750762,49.87393552057996,15:55:08,-1
32290732.97859956,254.5985862245232,15:27:08,-1
83110734.3769792,147.17578833406884,16:11:03,-1
6838774.122733004,214.59657196963536,16:16:38,-1
11344413.462826531,46.93207594242334,15:45:48,-1
27106598.91312792,74.51189725081638,16:16:34,-1
31574609.72467925,34.475513348931834,15:53:28,-1
29532030.05647048,112.66020502219396,15:48:19,-1
45732997.67881771,26.71328368809844,15:32:07,-1
5894747.314095792,187.2368353897817,16:12:25,-1
73701231.54834008,47.25027651460909,15:41:50,-1
32161500.19342717,291.4297935252813,15:38:22,-1
81184965.09802897,96.24592742311124,15:41:43,-1
46582490.53344745,278.79559579324984,15:37:42,-1
4009472.287924693,306.6621746041505,16:16:39,-1
71278381.30998681,78.25467939407662,15:56:52,-1
59984639.524996,21.634005018349256,15:59:56,-1
73668479.18736099,288.1862354470731,16:18:00,-1
33046594.60435972,113.09571283340529,15:32:44,-1
12960330.59696131,190.4509444020563,15:32:07,-1
7919356.318728725,308.73161274548187,16:10:24,-1
5497470.909677999,111.10003927167963,15:49:14,-1
30325724.441539977,106.6214612711468,16:03:17,-1
15990540.760447845,157.04796900667128,16:21:42,-1
62411957.97189319,107.49718829766454,16:10:55,-1
87237953.1865506,352.60635640521025,15:55:20,-1
89399202.21039109,318.3967161176034,15:32:48,-1
30720240.37675926,9.833313804815202,15:27:58,-1
42545351.71515064,229.240038961364,15:59:31,-1
72595132.72199805,289.7194995455544,15:47:33,-1
45812946.53087905,1.1596193480346972,15:45:01,-1
59351336.81645625,219.5113009358092,16:24:53,-1
31150450.09864569,302.78720010467094,16:09:42,-1
25185846.353770457,200.68051949275247,15:50:13,-1
9276283.231406491,185.5033796062821,16:00:07,-1
59662238.86040642,75.29840934646337,15:27:30,-1
62794807.90609639,26.418795698665484,15:52:40,-1
7342959.753497885,183.5767437121397,15:35:15,-1
66592639.11033087,32.98065548035539,15:59:30,-1
30536638.180732563,84.78731557866821,16:15:43,-1
50297797.81521996,135.06272198732478,15:53:17,-1
17849871.703161098,167.5711930075588,15:28:50,-1
74817315.77387488,49.423068633969145,16:13:38,-1
13390567.089895803,119.927232424127,15:34:54,-1
33312233.383087546,323.3061748953491,16:11:16,-1
35685262.852691285,347.8940952203706,16:05:59,-1
38157190.79528433,208.2161110251197,15:53:29,-1
49597657.97931127,348.63653572689907,15:32:16,-1
85943287.14446826,316.9261443186782,16:18:19,-1
70941781.03556438,65.05310496409724,16:05:34,-1
35792459.68610443,139.0362205831979,15:44:56,-1
28989874.68090761,325.6150375313426,16:10:44,-1
33033383.04599111,87.76229397609572,15:38:24,-1
86334588.30536292,105.09707679605386,15:59:49,-1
70064398.99020293,10.53492674675848,16:15:39,-1
8510933.624044303,298.8326587139792,16:18:51,-1
39185242.72647264,214.15892911966304,15:38:52,-1
64178149.54138023,150.85224600243436,16:05:29,-1
68205758.11498374,182.5877039172187,15:32:56,-1
68628848.18414494,322.9826796142325,15:42:01,-1
9029358.117255451,103.8376940346922,15:54:10,-1
50598195.43619193,302.2317162805037,16:24:25,-1
45680514.66877528,221.535776708266,15:32:17,-1
4604435.217644002,346.64392392300704,16:24:08,-1
23538611.565158457,266.2593891747284,16:00:26,-1
70676747.08572495,219.7573438722549,15:47:48,-1
4919647.094821394,258.82172235773754,15:39:26,-1
37872557.77167947,266.9534704336477,15:46:32,-1
14809951.581577947,208.3890128171448,16:25:19,-1
61200585.24711643,180.44734453017497,16:21:18,-1
49883252.275267765,347.78343528514904,15:55:01,-1
7269756.146676227,42.651460033894615,15:26:07,-1
48031903.73100617,113.21249003377704,15:49:51,-1
22418537.67262734,24.71325206906765,15:28:31,-1
60753311.55792375,318.30813100862474,16:18:52,-1
29204205.48513813,28.13734027775437,16:03:23,-1
46124398.86671387,301.320536906982,15:30:10,-1
63092202.82972713,356.0250975725171,15:58:54,-1
64908707.5463956,260.1375885810763,16:19:39,-1
3433194.971526345,36.61858697218458,15:33:51,-1
29247941.88727784,93.77202879485392,15:26:01,-1
88147374.20180324,66.88935482515521,16:22:59,-1
30850661.951566428,313.87350517804424,15:53:58,-1
31323120.071601827,113.38831962752924,16:15:51,-1
23651105.688359484,21.73641453189444,15:27:19,-1
10739820.76421672,357.49408354795423,15:59:22,-1
62105934.422903776,171.13662522871337,15:31:12,-1
3760731.7240718408,175.3241511493403,16:13:18,-1
71952109.02665949,248.79696564362672,16:04:27,-1
50685776.73567066,15.010243037003296,15:30:08,-1
28464900.1926862,210.6872151211705,16:25:18,-1
2895189.3379000043,239.6667455085241,15:33:38,-1
26274464.592978247,142.39825609956338,15:46:04,-1
80602509.93970028,139.14931716650128,15:46:53,-1
10117398.06512987,76.27762802946818,15:53:16,-1
63281258.478598274,355.0889262664824,16:19:28,-1
74826420.95147814,141.19324943912815,15:39:11,-1
20896184.90560296,278.9986124423858,16:18:23,-1
69938113.25185405,348.64093190694143,16:06:20,-1
62071801.02658459,337.36481152831294,16:14:13,-1
34442277.054488435,338.6059717738477,15:44:28,-1
72955136.86134754,25.39237736990013,15:47:04,-1
1164361.902107998,24.33114148367594,16:05:42,-1
8662984.532208249,281.0380898755052,15:59:59,-1
3277606.7084969217,293.70682317460336,16:24:54,-1
54635603.47767931,18.992834280400483,16:08:42,-1
1716078.989440091,218.7626789139724,15:48:47,-1
57762441.93891145,51.73039570011144,16:14:13,-1
72401405.18284222,172.2720590460527,16:17:49,-1
26695993.21459189,332.6443759404397,15:47:46,-1
57351989.64888401,222.671872862188,16:03:51,-1
19798168.75808387,301.7731890881953,16:03:59,-1
15688515.113601834,248.64758193524293,16:05:44,-1
52231194.817678414,109.16351787285971,15:49:41,-1
84666429.47623171,121.75058533144563,15:35:06,-1
28033738.87292851,148.8220739284475,15:41:57,-1
44092334.92627183,49.10110137124728,15:42:07,-1
64796498.83849446,266.636207073485,16:07:06,-1
34635372.2252479,288.3420455142508,15:27:50,-1
18605044.329676103,156.12327773163895,15:55:59,-1
20690840.343180176,75.58176825016315,16:21:01,-1
32980539.901918147,44.245817287275706,16:22:18,-1
26396837.450089023,133.38658431360537,16:24:43,-1
17929773.932547465,22.20127621814612,16:10:42,-1
3696835.776224428,21.264245409118764,15:33:51,-1
82565396.01058923,358.6960369862972,16:07:16,-1
60038388.68780576,274.2309686818341,15:39:48,-1
25205811.35779264,145.69587037451367,15:32:19,-1
39350087.148299575,359.44323763378884,15:52:48,-1
15875732.074701024,208.73139461626872,15:59:03,-1
8027066.602769592,164.16357261677987,15:59:06,-1
56681883.669533856,286.5194006800365,15:57:38,-1
24158527.522436924,266.4228130908954,16:19:15,-1
60427114.47101436,99.01406618366022,15:31:27,-1
54999042.0392793,11.245106628825615,16:02:43,-1
40884796.25511611,302.9086180805768,15:35:27,-1
79384706.00707342,205.36138143421564,15:49:49,-1
32208626.15640299,109.12383040907528,15:44:48,-1
12297958.94429557,149.9879064191416,15:28:33,-1
7267481.057198186,278.3998609614346,15:57:53,-1
64245074.33261177,255.69480831708287,15:53:55,-1
45303868.522282206,189.66850774365332,15:51:08,-1
34698244.695611246,172.32707116829863,16:15:07,-1
36336074.84934523,235.064005940754,16:12:40,-1
24789628.17195293,44.937972672832586,15:31:20,-1
26216534.26293962,194.5510326897775,16:15:54,-1
78154932.79388934,102.23616519829346,15:31:43,-1
48261875.753030695,55.71323117052148,15:26:03,-1
26059525.83927113,193.79107809942124,15:29:55,-1
74976497.8710485,60.215495571970415,16:07:26,-1
51564938.39175639,187.46763189562208,16:08:34,-1
14710156.423337918,324.6504774998615,15:47:30,-1
30281124.13121124,54.57939315385903,16:03:32,-1
88617229.78791194,120.9956938830731,16:15:23,-1
54759614.65810073,251.46442236604716,16:23:19,-1
81854246.83986194,99.56290870074774,16:23:58,-1
47047591.06695256,91.3002181614707,15:34:35,-1
39360967.87308346,296.1378768159656,15:47:08,-1
26380785.613849908,262.0579052066879,15:30:52,-1
54581257.76731252,17.093665670744315,15:46:30,-1
44006659.83483437,341.2597448608737,16:22:01,-1
29219035.58620919,237.7351844204807,15:57:18,-1
78946349.00482197,204.76600421418868,16:20:57,-1
23849620.00723821,226.61316668821928,16:22:53,-1
12855943.942756804,246.8480109626664,15:32:21,-1
21695184.98848734,194.31076813444656,15:38:14,-1
83973168.22926989,279.88810835634587,15:32:01,-1
65887349.33837528,56.90818075804057,15:49:51,-1
60023552.41699607,136.32806109472662,15:35:13,-1
85207847.1280561,322.1538129424532,15:55:24,-1
4624788.458516757,59.155505739726784,15:59:55,-1
41094081.532336295,2.981507553734146,15:58:33,-1
50661176.795618296,75.75495175779638,15:55:31,-1
42158565.42379427,27.458863408407595,16:20:32,-1
50732038.40507228,247.83945681990116,16:10:16,-1
54633949.35630214,285.1173909120583,15:37:50,-1
26188407.24091446,273.17465817045985,15:35:30,-1
65583875.91712225,206.23357313842183,15:32:16,-1
88397673.67951755,118.77339408136224,15:33:02,-1
54389348.8226811,177.47683236729145,16:13:50,-1
52944789.38710272,26.668505344200533,15:30:03,-1
15543122.209830943,56.30102213494613,16:17:15,-1
59656148.67571993,217.32666430103205,16:00:57,-1
77476878.5001873,63.567314684826414,16:19:32,-1
67777981.46533453,305.7723904704984,16:08:37,-1
11039035.993523983,80.42417963428531,16:19:23,-1
77351550.6637105,121.05781628441513,16:06:31,-1
41906039.4941648,348.1597116907913,15:39:02,-1
24254006.164590348,123.27460520805612,16:08:32,-1
34416135.92199423,159.36904307851614,15:48:41,-1
81116720.19699559,342.9164737602061,16:06:48,-1
73864280.28891185,53.49706307759122,15:25:34,-1
87887702.37849528,63.53551898577943,16:00:38,-1
47003258.695076615,261.33555124304013,16:12:20,-1
56846899.09760378,129.74166825154157,15:50:07,-1
11432912.38475761,95.92497795588216,16:08:07,-1
87782410.06814758,185.85036595035936,16:25:02,-1
16489180.91461258,164.56266248981228,15:46:12,-1
76880145.1387999,296.33581970186685,15:26:51,-1
35803096.4629821,173.26773715036433,15:50:50,-1
2224809.8863664563,175.2030093300921,16:25:04,-1
4718523.891428668,235.53171764879863,15:39:14,-1
67532898.98084946,137.92527288278544,15:54:21,-1
42799080.23916641,291.33575300769417,15:29:21,-1
69970516.08736713,317.21994375738296,15:58:58,-1
76131213.91113539,17.683480329809026,15:54:38,-1
33438859.831769276,127.62869007676385,16:14:15,-1
73390771.36090045,333.9037826102784,15:31:23,-1
61536505.81373436,47.98413599951921,16:19:46,-1
67629914.6017933,217.0037631498453,15:27:12,-1
51209696.39533616,17.31139632060455,16:01:55,-1
15509496.178289153,161.5400716537649,16:01:01,-1
39536593.87633132,270.26542936430144,15:56:25,-1
5698670.921379854,123.25576136653171,15:32:49,-1
62797561.173933886,203.9019364780973,16:05:27,-1
53163733.40789195,11.257506048126247,15:48:56,-1
49803491.34448915,100.7692151311664,15:56:11,-1
31888501.400983423,59.87989511825471,15:38:51,-1
62498758.673230655,280.5975234324674,15:45:52,-1
76575476.55065681,110.1670708609487,16:02:45,-1
31983173.46206895,277.58272438404566,15:53:24,-1
18695707.80869401,94.22904646033192,15:58:04,-1
20774164.76601114,238.10126562145032,16:15:28,-1
38259378.58976194,197.03438072458937,16:15:36,-1
46297546.34992526,268.3958321928365,15:39:02,-1
78213682.86036,194.44080867920576,15:26:21,-1
8477048.331279665,72.18399520950774,15:46:31,-1
75533011.2607165,268.3140284398929,16:16:11,-1
76676937.06011355,313.0256596648194,15:55:43,-1
3068277.2168756383,2.7325404259233643,16:03:36,-1
25224472.984789893,226.44225245474624,15:33:00,-1
30985093.91934812,61.16359015507358,15:31:18,-1
85535468.6625346,87.20861159635686,15:57:52,-1
42210770.480034985,13.958922294119953,16:10:17,-1
31431206.29829703,358.13378484795044,16:21:05,-1
41826399.7098278,143.88430546349156,16:00:58,-1
20049224.969234742,217.37821479312387,16:06:51,-1
66321672.07341772,279.9614622022643,15:36:55,-1
84488698.11402875,173.18689226861164,16:01:13,-1
88234702.24015689,254.391215183078,16:15:08,-1
31303540.08600719,310.23017818760354,15:57:31,-1
53161539.34005935,243.1422380585497,15:40:01,-1
8694415.282526607,266.2876637104212,15:33:27,-1
17251274.442590747,339.5619097238498,15:31:35,-1
31793229.6994336,24.93697267094204,15:46:19,-1
66358257.21005797,47.86537104909188,16:03:48,-1
37339547.470735,195.2706029955183,16:16:46,-1
42929538.88840627,306.713534745827,15:37:32,-1
9133473.579079932,155.0985822064428,16:14:24,-1
75057577.66310188,101.63040772636728,15:50:28,-1
18151748.920025896,311.0948406584208,16:03:36,-1
76558231.85040553,277.779633555554,15:38:45,-1
63575078.17456552,23.61772316914577,16:05:14,-1
77696298.73012838,3.58619462667197,15:56:23,-1
7760077.032877512,265.95407534179765,15:28:49,-1
80987905.05530678,221.2027184516143,16:02:10,-1
9974417.5046232,306.4628020815365,15:47:11,-1
42521440.01332516,282.55222633380845,15:25:48,-1
55315690.88962311,276.30782236372977,15:56:46,-1
7149790.425896911,349.604795412906,15:42:51,-1
8443669.973753516,256.1343800313632,15:42:28,-1
80117349.03948072,10.32123517564083,15:58:11,-1
89961792.65905395,198.2479358672138,15:39:19,-1
88781184.57008438,184.1987266702685,15:36:37,-1
41630158.91417494,205.81619186754315,15:25:46,-1
24521901.058387272,231.6866436259416,16:04:35,-1
28631298.320956618,79.54495441982938,16:04:03,-1
69853089.13653897,207.1613506359469,15:33:10,-1
28631827.845735624,42.92630273705982,16:06:07,-1
71612746.09871314,205.11161110215403,15:38:58,-1
7337353.470288257,293.6369664972766,16:16:03,-1
57524449.754092135,174.22056491547607,16:15:37,-1
13478383.659200689,340.7937172185511,16:06:58,-1
64475262.039084,244.8701906587365,16:16:56,-1
27938811.758902024,150.45200513517187,15:44:16,-1
17340387.499588277,235.53337834984976,15:30:44,-1
6509309.913089264,112.03838710383349,15:29:14,-1
17431973.015254065,8.458850999863593,15:54:17,-1
46906056.92619364,146.5952413421214,16:03:19,-1
10876122.33967933,254.66654838328972,16:10:30,-1
5328369.03437591,310.74931437736643,16:19:37,-1
68165930.0678851,90.95768562399935,16:02:23,-1
24455376.270079307,188.15780707679767,15:41:47,-1
15715491.33324626,232.00626707372044,16:10:39,-1
67934868.7381634,312.58428487512987,16:11:13,-1
50321265.66417322,345.38804410952724,15:28:04,-1
40213520.49157112,294.0590920252373,16:19:01,-1
67843803.9638553,160.04313117087685,15:30:27,-1
36655263.83086374,228.7558971881413,15:32:25,-1
11586286.209340915,91.59556746110889,15:37:29,-1
50799078.10783082,325.68389062366816,16:24:12,-1
84672373.47640893,292.21384715208217,15:39:24,-1
889329.0237911313,16.203131160185865,16:07:30,-1
10470915.87448665,274.5443806103348,15:26:07,-1
81013411.93301351,234.4536169286276,15:43:59,-1
54030488.35708049,338.7019200467768,16:15:46,-1
8883982.478247019,140.4484722350125,16:00:48,-1
75871355.83246808,260.2092381952836,15:54:00,-1
78340182.8263199,0.5860860810904178,16:21:05,-1
84288033.11075692,243.92842295985963,15:32:32,-1
25896823.30226916,352.371099115089,15:38:44,-1
22518180.014481045,229.07230013039964,15:37:49,-1
22513800.18845892,280.2552447076707,16:15:44,-1
79159117.69541524,128.93454229253518,15:42:35,-1
10912163.959250145,0.1486253868140652,15:51:45,-1
2151223.052514092,78.88484798893751,16:01:14,-1
60924436.31441961,0.1834715355954097,15:48:20,-1
85560254.79142663,150.02945982632667,16:06:10,-1
24049922.54737476,52.17314213683765,16:22:20,-1
35934965.23623752,75.63079654957001,15:56:36,-1
77530980.48770675,282.6200557414492,15:45:22,-1
15337981.236648628,272.14177268761085,16:24:47,-1
45679112.50083538,149.3420605094883,15:35:11,-1
3956040.476052629,356.13685231639545,16:15:03,-1
18789843.93931812,321.42407597775986,15:43:22,-1
67573232.25266185,8.070092332341963,15:25:48,-1
42867094.058234535,76.00329762045216,15:42:29,-1
82290935.41381358,153.06514123792323,15:55:54,-1
81006190.42554864,52.380853199962985,16:02:48,-1
60883523.88419731,259.21371272090295,15:55:36,-1
21650045.288195863,211.35658189791675,16:06:59,-1
19211954.423320062,87.72029044128843,15:53:17,-1
47244501.67290669,67.23618351727856,15:44:03,-1
29866129.44995983,196.533636992025,15:28:34,-1
16083888.276107747,31.57739619763417,15:33:19,-1
25838444.106623422,333.710266483261,15:35:57,-1
18960913.8221888,135.35661891618724,16:01:32,-1
66376524.09015497,107.52406942661,16:23:44,-1
35143808.52936223,82.83718764289515,16:22:14,-1
5491017.295252922,153.96314429912377,15:30:29,-1
69666592.83627139,43.3224607449075,15:55:34,-1
63311936.75638776,209.8919878399677,15:27:56,-1
21624704.823228195,307.64610786499674,16:19:16,-1
50731668.21665983,276.7640152973508,15:33:11,-1
38204250.16965437,352.0410668011579,16:14:59,-1
30828232.007987376,312.3191284282899,16:22:58,-1
88246963.19073276,175.64264545739576,16:13:50,-1
66842635.6643521,84.96514851530816,15:29:55,-1
80661937.572775,325.4780082580233,16:19:01,-1
14326823.356672164,12.447372904581062,15:37:34,-1
32589857.44604849,81.15145421251346,16:04:28,-1
36644672.630147696,248.53354231469496,16:00:57,-1
8946245.999440832,127.66333355685704,16:17:18,-1
74788310.31008732,184.01307114683095,15:49:53,-1
64751583.6467231,76.3762883175653,16:01:53,-1
50956866.80715692,208.12056338314343,16:15:38,-1
31119925.021764923,184.27200576804324,15:47:16,-1
13442319.67574809,335.202215408817,15:37:29,-1
87257516.98633139,351.5374066996299,15:26:55,-1
65455276.23266186,175.0731109689853,16:07:54,-1
39259216.10227236,240.2543312206944,15:58:14,-1
47070582.35411822,288.2121811894369,16:25:23,-1
84339172.18884023,234.7529523754817,16:17:11,-1
66311349.78634703,298.57027367280614,16:01:25,-1
86240277.79024978,50.53169093552266,15:34:57,-1
80337444.87645626,281.34993262574613,15:41:47,-1
69583343.44185227,221.8313061228289,16:06:08,-1
9997400.137439054,256.8240030170166,16:07:32,-1
84600593.31705956,182.81248347009404,15:36:20,-1
64802520.580973424,5.266291326514678,15:39:05,-1
47425350.057566464,292.77758331800806,15:59:03,-1
86963423.73139723,233.24446705289017,16:22:25,-1
85832293.40711184,228.78387819398213,15:53:57,-1
38037771.57551698,15.059593556458076,15:45:26,-1
64381999.03023383,125.39832070999655,16:23:30,-1
67405351.49084271,194.48825836566343,15:46:06,-1
29238204.292570308,233.5411005949512,15:33:20,-1
1785507.3500799392,251.12879630092252,16:16:56,-1
45800769.39581669,214.46749723354327,16:10:51,-1
69182632.31414552,331.9000011119361,16:10:36,-1
41166102.11185234,318.98030231125944,15:46:49,-1
70101948.07551242,125.21360807134408,15:27:20,-1
84473022.93489917,235.61849202895723,15:56:30,-1
29343254.400562443,209.81953366757347,15:27:46,-1
77640842.26314825,220.74469798991865,15:28:17,-1
41906686.63714663,355.37531824294547,15:31:29,-1
81935024.13295908,216.54553993884755,15:47:19,-1
15381056.878057515,285.14703049798914,16:00:12,-1
85596573.33453144,209.3989790720711,15:39:57,-1
34135848.87025071,162.77740313107677,15:41:32,-1
76804140.2921451,104.06891076397544,16:20:26,-1
64218937.51118301,296.0445115405039,16:11:38,-1
36277223.3748896,274.48531431030875,16:21:56,-1
76461623.37881872,1.9740760781985236,16:07:30,-1
19782814.29574889,317.7270204859846,16:05:12,-1
4296709.825063243,135.10590855089652,15:52:32,-1
49603893.09714621,147.29970886136553,15:56:05,-1
49754123.72499257,152.11300013009182,16:06:59,-1
62986567.67846403,326.5105591861771,16:21:57,-1
17009670.93921175,249.75302363166412,15:53:30,-1
14641369.00512164,10.009745606825945,16:04:54,-1
67494354.05253927,17.7284348053482,15:55:32,-1
16252055.961770622,335.8326971348913,15:38:28,-1
40910841.88778374,109.44136928880744,16:00:21,-1
4136791.32038258,169.32569388186985,15:30:53,-1
3228133.472368139,102.13065893867956,15:48:38,-1
68395879.67658597,286.46757662641227,16:01:35,-1
49206170.07987742,7.262136252421119,15:31:22,-1
89288766.41167697,146.25217700024967,15:44:52,-1
87159568.4451161,230.26889981665263,15:38:35,-1
18512512.919916004,314.9803896770199,15:48:13,-1
88930073.56443095,110.7462356618178,15:32:26,-1
35921323.43410886,292.2220532647826,16:22:07,-1
53957867.597248256,88.09646581643746,15:46:39,-1
23859917.985006668,214.0145096957496,15:38:55,-1
6544776.252050456,2.075806163080496,15:58:02,-1
72658960.92408249,32.778638111213134,15:44:08,-1
2135624.357389195,149.31219956209085,16:21:59,-1
37255724.48459773,70.15422430197012,15:33:57,-1
8618288.531768868,26.379306945521677,15:27:00,-1
67792759.48091553,97.63108833743348,16:07:13,-1
18549859.59669857,113.07328991130665,15:39:07,-1
45358657.53446413,14.449483183476763,15:50:43,-1
1650570.2220307305,76.33271203096473,16:24:35,-1
80238556.9724119,137.84178454790398,15:32:52,-1
28851663.03421448,274.25661949390184,15:33:16,-1
29395970.36035068,189.35194377348049,15:48:05,-1
50247865.75592624,302.507524790815,16:05:54,-1
88744900.71312016,292.861859457672,15:57:35,-1
69356027.04632755,266.932973130008,15:36:44,-1
89076549.13027641,182.63874522656124,16:19:52,-1
58433836.391178966,66.24888336817337,15:39:57,-1
73715135.28733847,258.6932497932757,15:49:54,-1
73305470.66984653,261.11547133612385,15:30:53,-1
55178775.08756325,265.03327326043353,16:19:27,-1
75741945.86509995,68.92783923948674,16:15:52,-1
74332698.56539696,161.24120390886864,16:00:39,-1
18335663.72456036,112.92133965057486,16:21:14,-1
58413229.15773102,109.29372692149092,16:13:58,-1
58297420.70095924,188.4375758230533,16:17:22,-1
36576004.74122228,187.1243682372915,16:22:21,-1
78856993.41919841,238.9065341174817,15:37:11,-1
67628460.42770268,279.6583875644914,16:05:18,-1
31810154.26853365,5.8787754045836005,15:31:43,-1
88849534.34360583,69.93395483490649,15:31:03,-1
64092206.1122396,324.48922168211897,15:37:02,-1
60487959.052027725,132.88339776164767,15:41:00,-1
69865637.05473407,329.77556610533986,15:47:34,-1
53513025.40912419,221.4859125597229,15:43:03,-1
42987454.13250058,339.3489196658619,16:01:51,-1
1276357.1291292934,175.74114949629777,15:30:13,-1
1395117.5925098977,223.0181096952753,15:27:48,-1
41108339.0649589,228.73311521571748,15:27:11,-1
82789975.67227426,234.29551014226453,16:05:14,-1
84632886.22109246,72.26801252817009,15:49:48,-1
13217443.647443203,273.6558982803264,15:47:54,-1
22735628.40635317,80.88009633008036,16:05:04,-1
16194590.748265805,120.5997388099918,16:01:59,-1
43850284.36126252,150.29313080404054,15:56:25,-1
87962199.47652486,307.7289207146373,15:43:28,-1
24329835.45140451,123.14046153269966,16:01:02,-1
6792485.737030991,253.8552560469135,16:07:01,-1
61692466.1013378,274.87378348995566,15:47:44,-1
45882469.04431492,233.0121015544561,15:51:12,-1
48420900.12599185,342.5769693010712,15:38:28,-1
68791279.88495272,41.0493424246576,15:31:51,-1
36760361.71533825,39.65467782432638,16:21:55,-1
38487481.74788195,135.75814707541448,15:35:20,-1
24991774.602991067,308.07063661796604,16:25:26,-1
46732943.98369288,42.73351238905384,16:09:22,-1
67795801.07555741,267.0624009486827,15:38:50,-1
22332340.739934035,231.51464745095413,15:42:25,-1
50105164.47062034,329.4418181609161,16:21:31,-1
11040106.299606483,45.196755235773566,15:44:19,-1
3697826.1333414097,121.1704961510769,16:24:43,-1
115470.35751194115,180.25357066333368,16:24:10,-1
61442541.64047122,144.44313361217587,16:20:22,-1
63665906.10209359,282.5456504962565,15:28:54,-1
80276464.24226412,22.267263384375106,16:13:33,-1
50733752.02699199,226.76138489994148,15:50:13,-1
85016010.14150311,314.7255865219896,16:08:23,-1
19158146.872522943,161.30053086218348,15:28:41,-1
11661706.513401538,226.91945820979032,15:29:00,-1
68019069.80722158,152.5448172489805,15:31:36,-1
81175426.10606174,199.4984211336138,15:37:49,-1
57417021.49011215,121.71751026623942,15:33:10,-1
20192935.542473927,114.39246765096848,15:42:51,-1
19410652.819863863,178.73551608245205,15:40:26,-1
37003241.53555213,302.737039766997,15:54:14,-1
72284384.84846027,45.25624619853987,15:40:52,-1
36847323.40992485,313.0026679562198,16:13:42,-1
14444262.139988031,272.8692051399128,15:30:43,-1
19590688.679624595,266.22942537615575,15:44:03,-1
5351767.743604669,346.90957967816746,15:29:17,-1
50008699.31523984,13.702278358372668,16:02:08,-1
5849338.693417657,95.8238560375639,16:24:12,-1
79525077.86842078,356.70779555031305,15:39:07,-1
85982918.30705248,346.4103766989293,15:38:34,-1
71459697.83544195,293.7919625055605,15:34:44,-1
57484618.55837742,178.48094027651535,15:39:10,-1
45484324.99052405,317.0360207239184,16:16:02,-1
58574286.96087398,326.6682564222806,16:02:56,-1
31227042.13328469,80.48923226791759,15:32:21,-1
83343904.69972435,15.04985881066661,16:18:03,-1
56403369.53459016,23.86052773853259,15:43:21,-1
55563477.05393846,106.68402995085746,15:31:40,-1
30170255.515650783,332.43469538601914,15:33:59,-1
19391878.17082724,322.53012524893416,15:36:40,-1
9788333.044501074,278.26675171274195,16:24:45,-1
65541263.900614455,291.14482793860486,16:23:49,-1
44736041.87683282,321.7048296017973,16:23:11,-1
69444036.29455377,8.337082412045769,16:06:27,-1
89386186.40742262,234.71693442113457,16:24:18,-1
20587113.93076215,221.36432185425505,16:21:02,-1
47722957.45990456,27.752580543626447,15:38:50,-1
59550626.88864466,300.2884505664244,16:04:03,-1
9318073.463421248,329.9112591416472,15:43:06,-1
61037289.48896299,146.5435730247305,15:34:00,-1
70779153.47903445,30.413187480972788,16:17:30,-1
50063466.72875763,180.51577125997235,15:29:52,-1
82271268.02622041,205.72791027179093,16:20:22,-1
48168000.07813868,33.44821654136466,15:29:17,-1
12413380.029079182,85.06626098382851,16:13:06,-1
42019329.35104552,265.5176849069593,16:16:46,-1
64749750.53265096,328.02819633603576,16:22:51,-1
30296119.243952483,251.2409940107224,15:54:32,-1
605704.3930551768,258.30745568044625,16:15:51,-1
49670120.1199057,56.533337344057664,15:49:43,-1
69137076.14480829,116.063473597014,16:19:16,-1
73255239.23404458,304.9031892904649,15:26:42,-1
71729326.4135232,196.99793784739717,16:18:52,-1
52089268.97772927,79.7255927063203,15:33:59,-1
1900076.28205736,246.67209357318035,15:29:44,-1
61468821.56763096,274.24171271903015,16:25:17,-1
6032101.048647857,277.3309555815275,15:37:57,-1
6450407.773308258,235.0915738575677,16:17:11,-1
18900908.27644705,20.733360630720465,15:31:13,-1
87679701.15688877,103.88843132507908,16:13:48,-1
33877161.75005594,29.13947828694054,15:43:46,-1
27009226.13575137,32.48552851646414,16:21:10,-1
24699660.899146527,69.79819789096044,15:50:33,-1
15454868.872856826,358.5642711547802,16:05:18,-1
34166440.3490519,172.8083444305041,15:57:40,-1
57899934.417457655,157.6757708396985,16:01:02,-1
77358164.06060325,124.6278019326788,16:02:40,-1
22020691.042591397,282.33202491938255,16:20:57,-1
60051953.969147205,279.64214367188373,15:58:09,-1
30753880.15592306,284.8540691614761,15:53:20,-1
3088921.1493193754,300.06314805403304,15:54:32,-1
5621511.775764792,170.83331607615546,16:19:13,-1
30241082.70137129,66.3905944849908,15:56:05,-1
54837058.31182248,67.14019247151668,16:20:20,-1
86885925.78158253,65.49830632842766,15:55:59,-1
73196635.46313755,125.22126802487034,15:50:14,-1
43115543.02890613,354.36262355619374,16:18:35,-1
1835879.697146816,319.61321837944706,16:10:23,-1
69802385.56029908,128.03890079413887,16:20:28,-1
32403340.872115947,114.64363082546129,16:00:58,-1
9578527.170611316,271.5543382976204,16:05:35,-1
10866731.447197989,63.37219892409006,16:11:24,-1
24981725.372364983,209.79416586108093,15:41:28,-1
57041896.73554357,314.9011435910267,15:33:42,-1
49551854.10081,40.24879403308061,15:54:33,-1
11966270.942312136,88.53604730417466,15:54:19,-1
8046581.497582427,206.0094452820906,16:24:00,-1
75277189.72028278,225.4500612906342,16:03:17,-1
70402629.38578786,317.5293530576829,15:44:49,-1
23720735.39051685,290.02192725082864,16:13:00,-1
11508337.944352545,63.19676299095484,15:50:16,-1
55823080.74614748,90.16268479055783,16:14:35,-1
40383616.146463655,104.23648110684186,15:46:04,-1
33114684.93029455,215.214503960415,15:44:20,-1
37860989.95391802,187.18532132034144,16:13:33,-1
81791880.04041591,125.28500796797005,16:04:50,-1
15369538.326161148,37.7414669603956,16:23:25,-1
54697650.96998783,153.9464877281245,15:36:25,-1
56128580.869614325,303.3322016331561,16:23:47,-1
14959784.582967808,62.898621459527504,16:03:56,-1
69303273.47501679,196.2169599201684,15:31:12,-1
88816891.92938897,100.85681245902872,16:17:03,-1
29581500.196937595,304.5209691704819,15:57:35,-1
22777148.937082674,350.37945776800285,16:00:37,-1
52070261.77260041,247.35612647199287,16:13:41,-1
71344751.15853363,26.60607395063945,16:23:35,-1
23718011.56489853,277.75632157505714,16:01:39,-1
59260789.66537893,134.0665355784496,15:55:07,-1
42973034.60365912,183.33231387192956,16:00:07,-1
61533597.23054121,101.0496845628347,15:27:32,-1
69025401.05043858,163.1354116162556,15:51:22,-1
1832782.7663169012,183.02488283240305,15:26:31,-1
86308663.15988563,175.6576692799112,15:29:49,-1
28575613.765408557,265.2858242846769,15:49:17,-1
7435633.58767654,311.887603565135,16:25:26,-1
4002053.760300005,340.0932805968741,16:13:02,-1
1803452.3418379277,319.04387604771654,15:53:41,-1
41125963.12673703,246.0512635632793,16:24:04,-1
75634542.20839198,41.96667837259688,15:30:58,-1
24912403.284522355,281.4658329270868,15:33:39,-1
50520877.37991765,159.7959511679483,16:10:21,-1
29716486.190514244,56.987499352986994,16:24:20,-1
63790075.70787296,212.51825716347176,15:26:58,-1
4601093.745702237,27.940051810264105,15:40:41,-1
73294252.15228632,259.8786000235946,15:56:44,-1
15123500.040458173,331.6039315119275,15:38:31,-1
87249691.97114892,46.393650512695885,16:15:27,-1
15132769.89451643,75.0611408199932,15:31:10,-1
20704556.55931316,273.7308653484527,15:35:34,-1
7374733.319956845,9.931052522682954,15:49:44,-1
85549318.25660628,169.3263936312855,16:16:11,-1
3987780.721026498,160.28901133570315,15:45:57,-1
24668999.82437195,190.62732799827137,15:28:46,-1
18651003.26040009,140.671268373297,15:40:09,-1
36412620.41360869,270.38137638890873,15:42:33,-1
40383393.19197696,212.20587362789928,16:00:08,-1
88304984.19157463,315.5229890622277,16:02:34,-1
19694085.50788284,14.863298530244933,16:23:31,-1
76657414.7272956,25.154664931289908,16:13:23,-1
1520257.555283452,153.06267059190415,16:12:43,-1
5841030.409886111,346.74483029306833,15:44:01,-1
77264778.93874155,88.19020229330424,16:17:41,-1
20062130.677176315,199.80078433621765,15:53:34,-1
64938708.49122871,241.27084365987204,16:25:23,-1
15563475.854048464,314.5957011980149,15:43:07,-1
72242628.66933176,39.577280607381134,15:26:26,-1
37596577.127992846,170.0878644434395,15:46:41,-1
89097703.14428593,43.990675978905706,16:16:21,-1
2802994.8306128974,67.10703636593293,16:14:58,-1
60715415.15292168,184.58243549450287,15:46:12,-1
69699559.75353694,279.8806073240126,16:02:45,-1
37750206.96831871,57.37113808073088,15:27:24,-1
50899159.96349246,292.70334658809094,15:27:43,-1
61495944.79052163,120.34950785270004,15:34:59,-1
76141053.38657226,48.87865774835704,16:02:49,-1
28261057.46321626,108.6769694856176,16:14:58,-1
64408980.053899474,290.0467438178096,15:58:04,-1
74326042.95641525,231.30227462794244,15:51:11,-1
20692081.62255389,111.48027002960988,15:56:27,-1
30204230.540480115,249.65376350718452,16:17:08,-1
10617405.73166518,90.95987681621928,15:49:40,-1
83370888.0683085,259.09715282025246,16:07:27,-1
69888985.11053854,152.3264476848009,16:08:32,-1
42301451.32495552,41.434137079081225,15:46:44,-1
77752684.25091635,346.54453340173114,15:59:40,-1
19413167.117684904,77.7005540383133,16:25:03,-1
54279522.73628511,21.568232971033552,15:32:27,-1
71547561.64331172,289.44620404933295,16:22:18,-1
62983736.17668686,344.70605893107125,15:41:30,-1
44225686.41876112,291.5772393404515,15:43:50,-1
31952489.31875578,117.38517761769882,15:48:59,-1
3831885.398684513,322.7693367160844,16:15:44,-1
55534360.928723074,215.3500515598885,16:22:42,-1
51206864.82801862,264.96703382405167,16:01:41,-1
34426486.03417043,51.17767469290964,15:30:49,-1
53711003.10555853,101.81288545828798,15:38:45,-1
72613166.33503135,335.4417149454298,15:55:27,-1
78704864.83176278,192.8376808605375,16:23:26,-1
65048789.5551285,345.96731622667266,16:22:01,-1
88811579.22523077,17.886581340627707,15:52:35,-1
22277201.64745321,161.29855662144706,15:46:47,-1
26660337.539728537,100.91345802522746,16:14:25,-1
81557762.69759136,156.6826120500416,16:01:37,-1
57419700.167194806,348.9777902459119,16:14:36,-1
18371403.813258853,200.78564561332115,15:27:35,-1
38323690.167317726,116.60685397472844,15:36:49,-1
76615111.66922578,73.6970773769988,15:47:52,-1
67637433.49556589,323.0986539129693,15:58:32,-1
73698670.66643897,300.32586628640894,16:01:49,-1
64197713.38772424,31.789520670839103,16:14:14,-1
7980596.976532364,278.7211562862237,16:24:16,-1
38318072.22772106,227.49353555925697,15:35:57,-1
87441856.70604779,114.642722444381,15:41:02,-1
46136678.355010696,73.98416633121056,16:09:13,-1
42691292.131414205,112.21709543391276,16:19:52,-1
30353214.59024139,33.12503388257409,15:40:44,-1
48292338.30336502,208.48064648210607,16:03:23,-1
46514339.2359542,305.9399064746824,15:33:14,-1
80186299.98611946,116.687422138162,16:20:30,-1
54290160.44654502,266.3557608991097,16:13:16,-1
47112795.55513491,183.07357790377733,15:33:12,-1
34075678.03009042,321.56945422021283,16:20:29,-1
47432880.347498365,44.43494354843611,15:28:55,-1
70167194.16705753,126.00378784717256,15:47:05,-1
61968705.4279644,345.8344776060312,16:05:34,-1
38318485.5185147,118.68627577742264,15:41:31,-1
4554030.927910899,228.04962537052188,15:55:44,-1
15885679.601193992,98.04954421980564,16:21:07,-1
30204462.614574708,68.42995302730957,16:22:56,-1
49015136.14162744,221.38465389788672,16:08:49,-1
844328.1363322298,4.577685626726402,16:04:57,-1
43732052.14549704,100.51617153185094,15:57:37,-1
4296786.486170422,60.05352227399211,15:28:55,-1
66489614.68806712,120.02381244327128,15:41:20,-1
15492653.47858642,164.01097246483974,15:28:31,-1
16548218.824241191,296.5671425007699,15:43:40,-1
48212478.63453913,107.38001397704954,15:50:43,-1
81340813.66426478,52.32101783727926,16:11:36,-1
26931024.87842857,300.9909879616365,16:10:31,-1
62005673.91769359,357.4900560481998,16:11:20,-1
13236481.44724349,162.74898773022505,16:10:53,-1
51763796.51604428,175.80250750570102,16:15:35,-1
36328570.25507435,95.35686195347516,15:39:43,-1
68742923.1481853,71.01432054705406,15:44:07,-1
80293328.93975599,271.7639910682012,15:26:45,-1
62932018.54652302,194.99264045456007,16:23:36,-1
85763841.38200115,224.64901186948885,15:46:34,-1
21086963.501150053,81.369447542523,15:42:38,-1
55660869.39274834,128.235946610206,16:24:04,-1
68867848.35140532,229.94927459771137,16:20:12,-1
38866793.55362708,171.26032449560708,16:20:11,-1
56112305.890311874,210.42855222721127,15:28:11,-1
48495190.115481466,305.3606891850121,16:12:21,-1
38116161.86589006,351.53382163415523,15:58:48,-1
29873814.9362787,26.09005008476252,16:19:36,-1
61881680.78618956,65.04035831192596,15:35:39,-1
28690944.121978104,35.823516780744306,15:43:05,-1
45392824.09456595,206.8650391329513,15:36:13,-1
59489855.33094216,258.0793097448221,16:15:52,-1
83342927.66468307,89.40054385159495,15:31:50,-1
72422085.8284531,194.18316612731903,15:39:16,-1
82608156.31230654,117.12602683501818,16:03:52,-1
16452033.040235588,255.56055773285163,15:46:20,-1
57629568.71425639,258.48783577849184,15:51:24,-1
63099751.450172044,176.4106481401325,16:15:27,-1
26127933.97541604,134.59243067898748,16:15:46,-1
82123299.62961511,358.3868456549074,15:33:36,-1
48096250.9763744,326.8523730696453,16:14:10,-1
81282637.93199694,169.6060778756246,15:30:26,-1
14817873.50727212,235.04556212999108,15:51:45,-1
17803193.911764614,192.16324106629767,15:57:48,-1
16273745.360843502,359.4757357307595,15:34:08,-1
43313763.14477545,185.9248338562724,15:53:20,-1
12756495.758503089,63.4516886741211,16:15:45,-1
6439207.508098707,224.77761358752548,15:54:34,-1
63705606.61661221,24.471818193888364,15:48:43,-1
39023207.81674841,291.9960242951905,16:05:47,-1
54633537.73960121,350.7263773783961,15:49:48,-1
73690069.40229048,50.529790438519925,15:27:48,-1
51408887.33499879,81.81885145245238,16:25:23,-1
51175573.897011004,2.229610189023004,15:50:53,-1
2535156.2698659506,17.92901905662263,15:38:11,-1
32916340.05036537,288.5655661687056,15:48:05,-1
20080434.85360885,21.066717676651542,15:39:01,-1
27266308.91478857,206.59206775755897,15:56:58,-1
4418039.194182033,50.10860158900474,16:19:17,-1
20306559.515616342,292.0256416234581,15:45:59,-1
64605435.35333338,34.66816547738126,15:28:34,-1
36305299.832745545,263.7486909955887,15:56:20,-1
14915824.652350826,122.6679409265056,16:15:59,-1
82297559.98880123,207.11477068524707,16:19:08,-1
45035258.67847717,118.6704131262872,16:07:39,-1
46398767.75334416,232.3040157085692,15:35:20,-1
7396844.838608612,205.4016183023369,15:50:21,-1
83772539.76842366,295.5334181176068,16:14:50,-1
35095238.74946689,326.5537838618195,16:04:33,-1
62319032.17462297,157.75314928447176,16:21:55,-1
7081504.898639613,52.240602107477386,15:34:48,-1
64759119.2725837,109.11326927726864,16:24:31,-1
28056058.3269496,162.42244996786596,15:57:42,-1
13884127.218941675,98.35512408755372,15:37:55,-1
81802851.2437751,31.41364314538898,16:22:25,-1
29127420.75685055,249.3613232645669,16:03:49,-1
68545192.10260844,321.02273333504235,15:41:35,-1
24686938.424885683,109.03815261138644,16:04:09,-1
30648093.43957393,168.21201545914695,15:38:33,-1
55093725.19023867,85.09253879166603,16:11:51,-1
58524860.89869972,256.5156549883941,15:42:20,-1
57057403.22363737,112.49646141322316,15:32:31,-1
28388779.368016034,202.2368865186356,15:30:33,-1
87256974.80989797,61.84457226081797,16:20:00,-1
86983514.63540858,189.1328445077398,16:10:15,-1
52521200.22766279,125.59084741789852,15:28:26,-1
22347976.639163014,280.04882787198625,15:41:05,-1
45316211.1745467,97.49667138552672,16:13:48,-1
49887047.63388561,166.28700859204017,16:19:08,-1
30463785.503154907,207.17365592538255,15:41:48,-1
84205188.48830411,337.7722977813008,15:40:43,-1
11002972.545607762,55.27397997880554,15:54:16,-1
41830982.650154255,277.5348219011971,15:57:39,-1
38258519.67554526,354.4769492380743,15:52:32,-1
61411009.36629296,35.367450596418536,15:55:54,-1
83155972.01075432,1.0660266409546717,16:13:25,-1
56244160.06453615,68.68454175883343,15:51:52,-1
21571092.91182228,220.6552074940628,16:09:32,-1
25072897.32784799,272.10339710499585,15:29:48,-1
14045000.808961911,163.02196988574184,16:05:27,-1
80974892.38383372,298.1555762265933,16:06:12,-1
19332224.57560435,311.2110624345902,15:25:38,-1
89206314.80283457,181.02326927958265,15:52:43,-1
74446028.84971738,277.9221658226282,15:29:42,-1
35733480.120377705,198.2294686953432,15:54:02,-1
8109759.594772186,108.032289949191,15:52:05,-1
38733470.26093435,35.395863182880795,16:20:49,-1
44677602.24046116,49.35020759484488,15:37:27,-1
52390892.1922205,313.96263189385314,16:11:36,-1
85757384.73377101,112.00670434806236,15:26:35,-1
68599928.18930823,151.6745232225604,16:03:11,-1
89112296.02576269,180.6169341556825,15:36:27,-1
70594998.16508034,246.3960146852044,16:16:25,-1
6894498.037812047,300.6282521413653,16:12:32,-1
38850683.15488546,258.8587522921104,15:27:13,-1
58950719.26712479,357.55509203835686,16:03:34,-1
14577165.092534311,211.18337852648636,15:27:52,-1
71606693.84122768,71.46816250346738,15:42:23,-1
61144292.05604471,129.99486090258333,16:20:04,-1
47453721.70371324,155.9183344619544,16:00:54,-1
56552491.76597644,88.63599273490325,16:21:12,-1
30632399.28190239,7.620286070238098,16:18:18,-1
16713061.59491876,307.5231932832967,16:20:05,-1
66343583.55711793,86.22281505456435,16:03:34,-1
62318037.06585444,173.81101223570607,15:33:42,-1
17319866.592376694,293.9285600912052,16:16:47,-1
70567184.99217555,97.62966224578176,16:09:18,-1
60605934.99682768,166.43429050133557,16:18:34,-1
45799041.518430255,190.0604463855048,16:05:11,-1
43027898.49212852,140.6911200839934,16:20:44,-1
70392380.02903686,246.9372864028644,16:22:58,-1
51529538.08621336,262.48327773344903,15:45:04,-1
6665225.166406728,316.6159144053281,15:28:20,-1
54709953.30738824,198.5055657202376,15:27:07,-1
82503938.23506258,320.4293350944328,16:19:18,-1
21364982.517736103,249.06258186398335,16:09:49,-1
81783827.860883,13.900196365755392,15:40:17,-1
21203755.10980409,202.2053748328703,16:10:40,-1
68717814.19040528,267.10510190547143,16:05:02,-1
5303826.626598431,244.30646164433887,15:34:16,-1
50828181.55942983,193.0951412597456,15:49:32,-1
68825681.55029722,23.370092689042423,15:25:49,-1
85432907.41376467,114.4332125323199,15:44:50,-1
5092060.411126098,31.941999273983495,15:46:29,-1
47190495.65059923,239.7013325937255,15:44:49,-1
49291179.9533174,51.21281538859797,16:08:39,-1
26147386.77198419,317.89115031278106,16:01:12,-1
27028858.70899495,97.31956403209566,16:10:16,-1
67367425.14189611,335.1360569574807,16:19:35,-1
26876486.704753783,82.39596872503273,16:20:18,-1
20668223.213323247,40.33228427208263,16:18:24,-1
71516741.82449254,321.6590033912293,15:34:04,-1
9756236.847190227,278.75796739583626,15:40:44,-1
72658685.49329384,322.34224129999666,16:01:42,-1
74041397.11605129,78.81759223930335,16:22:25,-1
36949546.379230976,268.96005167648246,16:12:22,-1
9615954.386250451,64.78113352888664,16:13:52,-1
71056113.26451874,348.03467803043475,15:46:29,-1
52943166.50470791,188.0337542659816,16:17:32,-1
2781570.686921917,26.88058453063949,16:08:42,-1
19529165.30320924,78.04560841397742,15:35:33,-1
71412676.71391629,164.12791031517034,16:03:39,-1
72871716.0546464,305.6985147147902,16:14:25,-1
3415587.041014013,289.29408524522063,16:06:58,-1
83546548.55980432,306.1337401763646,16:14:51,-1
26890435.785008665,129.55607052901098,15:47:29,-1
81038913.21966241,45.85001071678184,15:53:51,-1
55660838.80157966,269.46781210893363,15:48:44,-1
52635384.235629946,113.42818251667316,15:57:05,-1
72914381.57852145,198.7215336339179,15:35:07,-1
68318292.84942746,293.57452740346145,16:00:49,-1
50309663.83692243,38.965714539536734,16:17:04,-1
69890259.7697648,128.03559975697817,16:13:16,-1
78015395.22325757,337.6262519164579,16:08:32,-1
82737363.51584265,336.44796363591814,15:37:16,-1
34433.36537448814,355.4738347764466,15:29:22,-1
48818247.1800785,92.59970154276768,16:16:16,-1
47251106.97505905,63.49632412205642,15:37:19,-1
48037853.56996817,282.22784887034976,15:42:43,-1
57296699.77125915,196.58668351507512,15:36:00,-1
55221913.16862625,202.3185637900445,16:06:50,-1
31430993.89051306,217.28659404509705,16:04:37,-1
79627694.62502182,90.43881050618832,16:16:12,-1
54704857.27299113,18.66218715512284,15:44:54,-1
47746186.612737946,246.6082165295088,16:22:10,-1
14256141.755771011,11.059305586143218,15:45:31,-1
50992867.20997754,93.2027018161302,16:22:07,-1
31019773.373151995,244.8336821854373,15:54:21,-1
36977894.384428754,306.0245116253023,15:47:52,-1
17151913.65334864,272.6635079393595,15:49:24,-1
58588500.148902245,186.75698904770812,16:04:08,-1
18672840.21186916,270.9591891264417,15:46:21,-1
23320918.78319675,238.17831859103532,15:48:56,-1
29082829.658469766,259.54544123032497,15:53:34,-1
59370314.234320045,140.22995052133317,16:17:27,-1
44564803.28626699,334.27644049481063,15:41:23,-1
86509502.0454828,264.12290130920667,15:39:25,-1
81817923.57127206,57.3407138658987,15:44:43,-1
54106071.6776743,336.8545311061048,15:55:04,-1
22852120.585828543,303.64562850704846,16:12:49,-1
79974350.28237487,350.4430374566853,15:28:56,-1
58633249.51794647,233.05697219090217,16:09:05,-1
45301725.62656247,156.2906175320975,16:03:58,-1
32301104.8114977,254.56873859895035,16:13:56,-1
9131779.12089531,44.45334268833776,16:02:06,-1
9952650.06998507,123.86793282791076,15:38:37,-1
47972514.72521319,331.84120837244245,16:23:35,-1
85756999.48886241,214.02939919925208,15:43:19,-1
71492725.52270968,169.3932092841604,15:25:40,-1
42657683.7552841,122.18453993197906,16:10:34,-1
65540337.79315567,267.6125416780278,15:50:33,-1
7951869.597389032,233.10502351183317,15:29:19,-1
67535137.16379523,302.12047880466963,16:21:24,-1
36605692.40697763,73.15498561313194,15:38:50,-1
18258463.66871552,65.66191146850669,16:05:34,-1
11456754.947799236,304.6587189681981,16:00:26,-1
78461188.74290419,160.6325315066609,16:13:56,-1
13434223.666846097,305.75753351993404,16:17:42,-1
78523943.7519445,226.4723898924125,15:26:20,-1
24824905.762258,34.58869652282371,15:44:08,-1
84159487.09213877,225.09192747051216,16:19:46,-1
56183497.9971171,9.014460276960286,15:59:44,-1
17557597.135531276,305.2284636879005,15:38:11,-1
13997952.283659618,166.06903205872413,15:51:27,-1
43557280.17294695,108.50344469476872,16:15:54,-1
67810378.62133394,261.0130223953859,15:44:07,-1
42982299.90347575,312.83123872223325,15:45:04,-1
14907090.706755525,178.9026943607333,16:13:12,-1
73934208.9121109,89.19430425060371,15:40:50,-1
47957950.88849631,309.66978267076115,16:12:07,-1
4201765.302879204,196.4302994883341,16:10:28,-1
37822100.62115844,30.762046264106598,15:39:23,-1
55714949.760337,151.188874827595,15:40:11,-1
55384514.12735279,318.60221406767414,16:25:06,-1
24272011.116599463,334.4179702808537,16:15:32,-1
77045053.97997265,146.43444593305787,16:03:56,-1
85306037.23816976,120.51900426412256,16:20:28,-1
73324672.44037274,128.53632309131348,16:12:57,-1
78052136.4425739,219.5854410505505,16:23:22,-1
31778826.58910641,288.08472046488833,16:01:27,-1
55417858.88936975,278.84059449699294,16:21:06,-1
29603349.40567881,195.72058023909705,15:50:30,-1
63701905.37641074,23.413205817405824,15:55:17,-1
80502673.76873283,78.34655111559903,16:02:27,-1
11320944.393955082,316.0983666270083,15:37:07,-1
68889773.8643097,148.00499043063857,15:47:40,-1
33891609.74060746,286.8916183647429,15:36:57,-1
22433640.14671223,116.1124087446942,16:02:36,-1
84777574.34264837,39.89498787775237,15:49:24,-1
51377731.72573032,274.35767332808507,15:44:02,-1
58278836.00817752,183.081501537863,16:24:36,-1
50884717.28326781,38.87619874769043,16:22:31,-1
43448495.62625744,251.02677811469223,16:09:07,-1
55990434.58156619,288.5305352090605,16:04:38,-1
68012723.67520742,144.0554904261576,16:10:32,-1
56457956.60364586,331.34190064464974,15:54:31,-1
55278171.484468736,311.0370344557143,16:16:39,-1
7728450.630688386,250.70470773621264,16:21:02,-1
10962746.96139569,196.3209638111517,15:37:46,-1
18112263.2986374,327.5486061514467,15:30:42,-1
18797182.887811616,49.24906995830545,15:50:25,-1
74914550.36959162,339.97790139041257,16:25:22,-1
10984479.17086802,138.61604234592343,15:55:30,-1
20731025.71510048,58.48903735399294,16:11:41,-1
81124470.4807106,286.1329765472059,15:38:09,-1
45135435.30464692,87.53449845511962,15:48:37,-1
80590793.01546803,326.26128648145215,15:41:31,-1
69305437.22664857,118.82057318499332,15:28:23,-1
58723086.72280861,358.74260748755427,16:14:12,-1
55171147.163467534,196.7565187235674,15:44:59,-1
60649649.66292154,162.50642664261446,15:40:07,-1
16981187.91862631,96.70124046633686,15:50:49,-1
6329026.9252441935,208.2455002323464,15:26:33,-1
55839531.6883136,115.37833707141716,15:45:28,-1
38954898.43187307,5.512970514016091,16:02:57,-1
62805043.58850506,213.6488923012368,15:35:33,-1
17476994.089525625,272.9787702862466,15:33:11,-1
54393955.94969372,2.334699766958761,15:49:05,-1
31889225.011861585,358.35536316965295,16:09:23,-1
51826745.96573483,121.98943700496665,15:34:15,-1
7939870.253172483,314.2433570147326,15:51:44,-1
75239684.18276103,227.5334928197192,15:44:19,-1
14790081.101177571,348.644946319828,16:06:01,-1
42182710.28226379,169.6301835285754,15:51:30,-1
69161231.76498751,304.7732613451625,16:09:18,-1
17285888.94326695,110.18069042718928,15:26:43,-1
51860942.087959096,199.3357387947537,15:49:07,-1
79658547.26225963,185.68468496667757,15:38:59,-1
42013001.22705478,231.05236481454605,15:26:03,-1
4124192.8758580703,189.7394921803619,16:01:22,-1
7208644.507357489,23.66771230069508,16:09:53,-1
58711125.56964014,340.09872811255286,15:43:33,-1
65928356.07554755,156.98248936319644,15:46:38,-1
68151614.7375741,136.57649839176042,16:19:52,-1
34937492.68358456,86.96393271937954,16:01:33,-1
19775196.92063048,71.04906431877393,15:45:08,-1
64605567.643288754,280.39010407369994,15:43:44,-1
5891296.388115142,178.76545198427374,15:43:12,-1
41264866.66994768,114.09821180721812,15:38:38,-1
50522139.92334152,106.39438376590702,16:24:18,-1
3317287.948354017,166.78853606407316,16:18:55,-1
60169535.70310114,145.5430910977344,16:10:49,-1
5984832.205554121,339.4594709182181,15:47:04,-1
81230678.59940454,242.8917876726952,15:35:07,-1
58152390.98487964,161.03173742037723,15:46:09,-1
15009545.536762694,43.88113584575543,15:59:14,-1
26070577.77701811,56.795158893316994,15:41:56,-1
23285202.83090452,179.82672484728025,15:44:50,-1
40461897.60230283,272.96288142554266,15:50:40,-1
12717296.570699038,160.38252047396514,15:32:10,-1
2281846.999281299,178.26054182988554,15:37:38,-1
35184175.00418357,113.8446754244658,15:26:32,-1
46438954.413586095,184.7507897447352,15:39:56,-1
7290986.4319336675,84.64965403058629,16:14:46,-1
36191792.57385748,35.97875113544721,15:53:35,-1
9601958.86005196,118.75085617382962,16:11:20,-1
38975373.51364238,54.91380017578966,15:54:46,-1
42466221.17703313,46.5796259332874,15:30:50,-1
68246342.85815966,13.850230844597045,15:57:39,-1
8210625.389233628,330.649375082025,15:59:13,-1
79928178.11456844,123.41087105858932,15:28:39,-1
31897583.35146614,166.21251750256965,15:28:20,-1
37423914.63970055,86.72987318166473,15:35:23,-1
64902864.53204695,208.9981910791058,16:04:08,-1
57131228.49951066,46.6042248453957,15:58:33,-1
46761941.01629072,284.4429788952773,15:50:13,-1
44036948.27654484,7.330421441656272,15:43:00,-1
28576298.65934853,128.37467548022016,16:19:56,-1
24905332.76489865,34.411951386772536,15:51:30,-1
11031068.570753764,2.9839067291105126,16:16:29,-1
76728980.9174754,58.103847802372975,15:56:01,-1
44346383.664413616,302.9147202851444,16:04:59,-1
35879817.314746,287.23034366856524,16:07:30,-1
47024809.10299152,69.7762956934389,15:57:41,-1
62641055.64428345,131.20194120199147,15:48:58,-1
66220089.428677656,90.30257008245034,16:04:11,-1
75551205.38251355,6.20755365053955,16:12:03,-1
42039385.32899175,38.74051300200819,15:26:22,-1
73307761.02027698,37.820735599443005,15:51:26,-1
45024822.20859439,151.1415216663756,15:30:54,-1
57463196.54627556,270.5443530351416,16:00:58,-1
11146037.968917454,147.78051547002062,15:48:13,-1
7840318.866875226,220.153086900236,16:11:21,-1
81348274.62083839,343.40583519961893,15:27:27,-1
88060676.42679685,4.883902352530991,15:27:28,-1
57610140.67692717,260.31268840531897,15:49:28,-1
78539159.18135539,4.170993049335463,16:11:31,-1
88781386.67123023,179.25508705760456,15:36:11,-1
14290456.263119744,243.88894257571172,15:59:51,-1
26569691.47663622,113.65281061629612,16:24:23,-1
16107578.561766827,330.6724058428018,15:48:01,-1
1024861.7898261708,115.20247587916316,15:49:52,-1
27328025.497907825,145.00230102356537,15:33:34,-1
28635269.65970896,176.4237357708736,15:32:51,-1
43552392.92388599,172.38514782364484,16:08:55,-1
39531855.45944165,98.41821355444245,15:34:58,-1
87759448.54744181,205.78581244242088,15:58:13,-1
78827698.03210996,121.54205904587924,16:12:34,-1
70014386.4775142,110.0804617429293,16:01:28,-1
44295758.57095256,291.6369618833776,15:35:59,-1
54176738.84644474,331.8607177479857,15:48:31,-1
67925180.56683151,121.45010767530736,15:51:17,-1
81105185.63654988,88.9013729197659,15:34:50,-1
8881192.702080144,341.7750712668569,15:38:05,-1
59599575.756775,16.00126312132612,15:36:44,-1
2005368.87958658,26.37081223330011,16:07:50,-1
76527010.84824316,50.66429204334888,15:53:45,-1
79354035.39536239,153.85409655445898,15:59:34,-1
75823180.52729642,143.83671686542962,16:03:44,-1
23167092.70336537,224.21035793611173,15:59:36,-1
8994595.504001612,152.63519045105895,15:38:45,-1
35791884.42321396,358.36663157256703,16:20:15,-1
17731910.939625688,84.26366642609678,15:31:13,-1
3201485.259434747,352.2351042543798,16:23:01,-1
41351310.94518954,139.64606760026356,15:51:26,-1
74771440.2134365,262.33420275330167,15:28:20,-1
31377744.923048995,334.0026858476731,15:48:23,-1
51570057.95915979,23.007477448403336,15:32:53,-1
22590511.674965814,140.28603379258112,15:51:13,-1
18158245.045603108,57.45935003258984,15:42:39,-1
20069837.160982173,234.36987843938667,16:14:44,-1
52889628.11706813,175.66818610505285,15:48:42,-1
9212217.323248114,254.88371624670503,16:07:19,-1
13418961.444485648,274.5474315325013,16:00:15,-1
67119465.97776808,58.98621680892567,16:01:27,-1
54888112.01240961,290.3891858266602,15:54:44,-1
15006765.925408363,228.78421771882643,15:45:02,-1
2404926.0214209585,356.2570740291725,15:49:25,-1
17940132.02411426,233.6672583650596,15:59:54,-1
46026130.36672264,278.7314828327856,15:41:17,-1
84323802.0280958,90.52811075381538,16:20:49,-1
25029587.044086557,337.1982655694956,15:33:01,-1
8075895.990458052,138.67841760220608,15:42:28,-1
41259532.03069419,80.3965282071112,16:08:51,-1
29797755.389573097,155.25108482490663,15:55:24,-1
80861854.49450175,301.67802955533864,16:20:51,-1
29596500.669164475,94.52956075511432,15:32:38,-1
15253702.483385576,207.45777495105932,15:48:30,-1
32347855.932635807,238.08865660508383,15:31:46,-1
85020820.10807559,132.97575092818934,16:04:06,-1
9360706.927229498,71.48043325202036,15:50:36,-1
76063771.07706736,223.5442015607716,15:56:22,-1
3069822.3398537403,105.51786147287618,16:11:46,-1
86586396.46061304,188.5612605397598,16:25:14,-1
28422015.813545816,271.76587517527105,16:01:22,-1
71743808.84694052,102.93902529983578,16:09:35,-1
4838393.043190416,73.39248646206478,16:20:18,-1
26276535.29084124,157.40860291613075,15:57:19,-1
88093120.75720356,63.77142946701634,15:35:35,-1
5908734.879368695,331.66957132461425,15:47:53,-1
68305092.23858862,187.08311982512507,16:07:10,-1
76406247.7378485,119.0003451823064,15:57:47,-1
28705041.31473216,98.47256848915376,15:35:50,-1
83894831.85669921,36.93971517203119,15:32:42,-1
29056758.05193464,100.87445265623096,16:19:42,-1
30247869.145169757,300.1026581244892,15:30:23,-1
8283872.576928131,12.45913224935807,15:34:36,-1
66747724.65320741,253.03254621288283,15:41:55,-1
13975090.019094754,75.63116362414078,15:59:05,-1
79164469.72875822,40.868813384555615,16:25:19,-1
77966495.96547401,320.6082035359461,15:48:45,-1
41384235.66722818,16.110955030615095,15:42:10,-1
6034742.345798472,301.55499224288764,15:59:14,-1
40355049.21298176,167.21342055345087,16:14:42,-1
15848957.89254566,27.282068322441017,15:40:22,-1
83020160.07164736,214.97912110356367,16:07:27,-1
53905506.31095835,16.51732770653596,15:59:14,-1
52525266.74739432,99.08274162471037,15:49:57,-1
34951225.291055895,204.7685828642094,15:57:47,-1
38319885.02527337,66.60300723383621,16:01:09,-1
58727282.15871942,203.18282210573955,15:48:17,-1
52604237.86385907,138.63309607353028,15:32:08,-1
1973533.048634121,355.593223124651,15:39:05,-1
34171088.35741936,168.03152463064285,16:09:49,-1
14786668.856888032,222.09163129130536,16:10:51,-1
17934917.341803126,29.16346955286344,16:01:39,-1
29470870.11406044,311.92427161260355,16:02:05,-1
566053.9023026916,123.44931999767108,16:04:14,-1
37521491.10922154,299.302647589898,16:08:50,-1
5126012.900481311,286.1813366010236,15:35:04,-1
82075134.50518678,195.2045922568754,16:20:38,-1
4361605.282071198,113.47588069216968,16:21:51,-1
25932917.080233235,193.62742012844728,15:46:04,-1
33751922.07327575,294.0339598919711,16:10:52,-1
19167061.94849332,114.14426420138386,15:40:25,-1
34035199.10044117,25.2128999878314,15:29:14,-1
63804836.99175609,295.29254509089606,16:08:02,-1
36938162.25143263,201.83161715889216,16:16:02,-1
42724331.75621008,164.64972006253666,16:02:39,-1
57964905.39169146,138.74497686130235,15:52:14,-1
41857009.88742369,182.40358130386167,16:19:44,-1
60143720.73415346,271.193639525015,16:14:22,-1
46674932.739336826,214.75530523244197,16:03:51,-1
49242469.14025112,343.86725909249986,16:00:43,-1
22229633.780999634,122.4331690568032,15:33:41,-1
41895726.46162032,120.9379512007842,16:08:06,-1
65680457.43002794,203.3261395046448,15:29:06,-1
77669310.78157955,40.91865296274935,15:39:26,-1
17290344.4976629,299.2464123955711,16:17:07,-1
81461594.65983836,239.54390698744012,15:43:29,-1
78821274.0547313,283.1891961343702,15:51:53,-1
74891989.20353493,95.34861504302508,16:19:32,-1
8481358.534422295,249.28396621455045,16:03:15,-1
26332249.89632048,220.9024742776518,16:18:15,-1
28030998.252801247,197.75627929005705,16:05:15,-1
27545756.20458428,303.52323412966746,15:31:25,-1
10456878.898910329,32.21273679746788,15:54:59,-1
81362749.31939109,271.8252791819368,15:41:18,-1
32910712.37144077,85.28261631573463,16:22:39,-1
3803272.590556661,121.53506028459844,16:20:03,-1
17547371.35561186,204.0305996096253,15:55:57,-1
60710064.29532214,188.30300386451785,15:31:10,-1
2827130.156840464,222.6909186578771,16:25:24,-1
51538027.60537536,121.17269286496564,16:17:36,-1
15324566.844223898,265.28545903234016,16:04:34,-1
24458728.63791237,234.6785673914135,16:00:51,-1
70158271.44645017,325.599605646663,16:09:56,-1
52785392.99257903,173.94581137711648,16:12:48,-1
28574394.868892856,144.89001918649424,15:25:51,-1
16842490.053212278,295.4072478407396,15:36:27,-1
22551419.117911305,45.56647328422796,15:53:42,-1
31902640.20344183,202.8258483443541,15:57:20,-1
11629122.311907245,265.270589801495,16:20:02,-1
2054777.0296759289,342.8121832697265,16:19:35,-1
55797963.134487234,125.79089193043104,15:57:44,-1
17894620.102740094,325.28456017114684,15:50:30,-1
26997069.399239827,224.14845209531848,15:25:49,-1
3215703.057567765,149.11896586398473,16:09:55,-1
78173705.50171164,251.92718938752023,15:58:51,-1
78304865.84477378,27.610329137343243,16:06:39,-1
5682104.391916447,67.97506152422119,16:06:15,-1
66290604.03081744,1.6188742901126751,16:13:51,-1
1031079.6085906232,283.33046593193933,16:11:53,-1
65373846.98161344,119.87614720945828,16:06:37,-1
49246861.61436855,17.42231451348708,16:08:51,-1
20617277.763955075,190.1742622292082,15:51:55,-1
48809229.67261291,35.30737305091133,15:49:39,-1
1544220.4369420614,142.5797344455392,16:17:27,-1
87083237.04550238,326.0292137539964,15:36:50,-1
16105747.06590903,165.6786997796992,15:29:17,-1
74738322.96757624,280.47315311774224,16:17:43,-1
51791232.18539055,354.23766196360964,15:46:07,-1
65922111.14588625,130.052116199519,16:13:50,-1
4905298.181981931,357.26622030610906,15:33:46,-1
4459146.5972280335,4.188030275736936,15:58:15,-1
18014696.48465191,199.3324677407359,16:07:59,-1
7373996.497684522,198.89000223357095,15:50:09,-1
23936205.211622827,323.0151114220115,15:58:13,-1
28209480.856907926,295.17232216236187,15:39:42,-1
45233486.94133449,200.9739176263336,16:11:35,-1
20828766.56741525,272.07090891924594,15:50:45,-1
54396001.05165025,255.4016722198384,16:20:12,-1
35669894.053357616,185.38356827017503,16:08:38,-1
58186324.86041099,316.041908202464,15:57:49,-1
75806596.2573587,321.55291480903736,15:48:59,-1
35116804.12000907,74.4937721681382,15:49:23,-1
61589197.09979386,63.27297193724736,16:13:24,-1
67544902.85543576,37.6408069521508,16:02:22,-1
58784840.60969586,336.19286389296934,16:25:05,-1
48564189.3559993,46.39686247309574,16:20:24,-1
14188061.984817352,132.78521203078566,15:49:38,-1
33716002.58105886,126.72539805963744,15:34:20,-1
80620408.20358518,234.09669489548983,15:52:17,-1
89564990.4267575,220.18167853350528,16:18:01,-1
66295671.43783073,346.43068737487283,15:48:32,-1
35534218.85647185,159.4727854803688,16:14:46,-1
58094719.81907696,140.94241788196177,15:34:42,-1
22697163.32949285,19.452206267097736,16:14:15,-1
2434493.150065998,224.13021298424275,16:01:51,-1
54292401.14816501,38.70604670586827,15:29:54,-1
68263687.42687975,190.80131986948467,16:22:38,-1
76536619.32661588,44.62079733689582,15:44:52,-1
36142003.701163694,44.14590496527575,15:50:28,-1
82031432.64487512,347.0711990846288,15:33:41,-1
77631399.7196973,185.85521658457677,16:00:19,-1
44203416.48745361,243.67267583348345,15:54:45,-1
88263452.81828551,220.87486960270908,16:05:15,-1
87145415.35220414,264.0666556984339,15:34:29,-1
83588493.5903443,208.8917544946632,15:25:34,-1
58722441.12213309,106.18110541402,15:44:45,-1
82096385.29678813,5.010018043009255,16:02:50,-1
23514556.00656727,88.53615378510506,15:33:54,-1
74927396.69953637,346.3788528300594,16:21:09,-1
43004931.65489756,223.98223209243952,15:28:35,-1
4278040.490900492,153.53181479614233,16:20:04,-1
22766525.70218015,196.46310020738065,15:34:04,-1
12465821.244794251,300.4941925253102,15:49:20,-1
53253253.34137557,124.81486048785136,16:12:06,-1
86447825.73886372,237.89552068807907,15:38:58,-1
5794159.974818424,208.99395426913617,16:20:47,-1
11810583.672573622,68.8441379270663,16:04:51,-1
50655790.957204975,250.2151650366616,16:23:24,-1
11921091.01896348,238.147646180958,16:18:18,-1
20893048.50497038,134.94174002749685,16:21:10,-1
18551667.05356221,319.84766510896515,16:02:34,-1
49347798.42113083,314.7661251410644,15:27:38,-1
41389128.9506927,8.795977047116356,16:03:45,-1
47320169.25091088,37.48018586844165,16:02:44,-1
65739802.78834478,130.59187884358815,16:07:29,-1
20200127.68000827,284.18783779468026,16:15:35,-1
77215496.89654678,274.3819859009589,15:37:37,-1
42032981.596104994,78.89200485590932,16:23:23,-1
82468933.58040772,184.88072902878287,15:31:07,-1
65528974.933053255,25.59347666989236,16:16:08,-1
30336839.86520345,35.573688400997355,16:05:57,-1
38308098.39042725,197.5803523531321,15:36:47,-1
52996621.93465276,263.5150260604137,15:44:09,-1
6284283.952146483,3.174159030559212,15:52:53,-1
76705470.99132705,339.2939580694436,15:51:28,-1
34711027.316135675,222.7745366270918,15:53:08,-1
9042767.8784437,15.287151811538967,16:20:25,-1
88224896.60872981,99.65688029942086,16:13:04,-1
24792256.818783708,188.2637554470624,15:56:32,-1
40307080.27220087,57.14073168662988,16:19:35,-1
15009333.879080923,144.9079133906814,15:35:14,-1
35210360.512500584,282.314921459838,16:05:02,-1
37257541.47995869,269.74285875391735,16:19:40,-1
62567109.066094525,12.352621223668292,16:19:28,-1
38209588.768267296,289.9885984418455,16:16:42,-1
4945674.592188472,172.2285352730289,15:37:30,-1
58625071.88049014,18.56270464735117,15:58:06,-1
86554224.7209111,97.04564815985232,16:23:48,-1
12671078.480935652,123.48963674342735,15:51:07,-1
52604981.98266285,99.13905742300943,16:07:05,-1
67112707.11784415,324.2901339645762,15:28:16,-1
76746279.392141,238.9589722664445,16:12:30,-1
58590281.41979387,110.02216498675668,16:07:43,-1
31594646.31092438,41.81635493627014,16:25:09,-1
62193135.583123066,154.65442394769812,15:33:40,-1
24351954.705089733,223.6437104515938,15:31:10,-1
16490603.366470074,246.5168314008818,15:44:17,-1
42290897.32978325,117.05770327148228,15:32:57,-1
63877291.08413983,318.90705565709777,16:08:04,-1
8930008.313343994,175.78039810139322,16:09:04,-1
12213388.820389982,172.47201025227778,15:34:12,-1
11482262.2190975,336.66335277061245,16:21:59,-1
31108468.808403697,297.8563467271079,15:37:41,-1
17632189.881539937,227.5459430010912,15:52:02,-1
68629954.66084686,206.18889541870445,15:29:33,-1
77438572.17041084,94.92111545189373,15:50:02,-1
40739067.01975008,33.13670676694834,16:16:13,-1
53292188.31999057,34.159743414933494,15:27:05,-1
15594992.14453414,147.00127387241264,16:20:24,-1
39701899.60303383,21.96601551436329,15:54:51,-1
57475768.1655405,129.5160193556239,15:50:35,-1
1208562.0148598806,113.10800898569052,15:40:45,-1
16103362.662065037,168.33802352636232,16:03:30,-1
63342743.38328235,258.5915079632858,15:41:08,-1
38671514.07150047,130.52004849538366,15:28:19,-1
15140373.698185535,292.84526047028214,15:58:38,-1
55275657.386391714,268.8476236386558,15:28:04,-1
45131441.36022621,330.9253174399525,15:31:04,-1
70197493.40332532,19.134102573299387,15:33:54,-1
84350373.1940454,78.20872599883802,15:46:50,-1
70290825.11340807,56.44322269963117,15:52:11,-1
19764593.50611593,110.62094898306528,16:00:30,-1
38399036.4238065,114.25226807749036,15:35:56,-1
12026881.909414696,352.50952044699113,15:31:41,-1
87079084.61352551,304.58640603682426,15:30:26,-1
19234080.433422547,345.8050400190195,16:02:05,-1
20530490.51489564,200.7328808609336,15:36:09,-1
11652869.694082132,245.86404350826652,16:22:54,-1
88572387.57451312,32.05671356558779,16:02:54,-1
49754180.61727399,306.3346076488699,15:54:55,-1
75838644.3386353,334.29203564616404,15:49:54,-1
66655261.5689185,110.36516839857909,16:23:47,-1
83579276.82712623,247.42331189314103,15:38:07,-1
22768199.399286028,231.87395437843716,16:16:37,-1
2275500.887594228,133.39753570259384,15:27:35,-1
54080733.82032041,359.93426161811766,15:39:27,-1
28720345.110173043,141.70571148775164,15:29:24,-1
44000745.11739472,203.9992072716081,15:46:43,-1
9173789.888006328,324.819387918072,15:30:32,-1
68320549.92394088,264.2006144542694,15:59:04,-1
265265.5595054986,76.6269763390494,15:25:42,-1
30411839.687660728,103.7923501066682,15:54:07,-1
89093064.66928923,231.37907123619044,16:13:29,-1
57830377.89697459,176.5899428577942,15:41:23,-1
84111797.56075333,125.8676377328413,16:21:12,-1
2525369.7781921,66.5126401766106,15:39:27,-1
16026386.030608611,281.5973387955842,15:46:14,-1
71352632.70714653,36.80328511702237,15:26:24,-1
45568612.3192931,194.8772556523135,16:13:28,-1
88015795.06825447,168.85806352277194,16:11:20,-1
1770019.9854074614,21.536199735133717,16:14:45,-1
56162549.32540566,323.8577672578937,15:44:19,-1
7313980.525817018,320.11428978845464,15:25:56,-1
7157664.697005544,286.68367807650804,16:22:11,-1
75421120.62392856,351.7782603321772,15:29:32,-1
86220285.57182887,166.3241429505492,15:38:22,-1
66971250.28515686,97.45894069237052,15:33:46,-1
12338548.50403917,289.19402016707187,15:57:01,-1
15374022.320227718,248.9133750617605,15:45:39,-1
44577748.47105627,49.539257080390456,15:31:34,-1
54439030.5401509,30.096456055916796,16:23:49,-1
78425385.53079508,93.22263576879422,15:53:06,-1
12116620.466672407,353.72852620026714,16:13:46,-1
68862116.03310664,347.12038094562394,15:26:40,-1
46436290.948729634,312.50781418215325,15:43:04,-1
28249528.715101533,190.86228993612417,15:38:38,-1
67788581.05248168,278.0448837837471,15:26:35,-1
3460844.9704813343,108.96172703545516,15:36:38,-1
50814623.986666605,221.7549185530332,15:48:54,-1
11836929.39640572,204.55936678106275,16:09:09,-1
64257136.01474141,179.74188652354567,15:28:40,-1
22880580.84040858,276.1112503674875,16:09:11,-1
62212591.56498824,197.0581458732086,16:12:09,-1
87924820.5883213,59.40864047476709,15:33:55,-1
59439286.2771456,34.670126142726055,16:10:53,-1
16602300.187891858,47.07032438782933,16:13:53,-1
55531802.595435925,334.6128373179637,16:11:17,-1
71510653.55297065,27.62194452817461,16:08:50,-1
10326055.457165862,122.7703048664481,15:56:01,-1
78811267.4616582,161.21271840300454,16:20:16,-1
86737756.85944642,181.08919220894123,15:42:13,-1
54674387.320636205,53.27570301070858,16:09:40,-1
77211499.70774843,70.48757048368232,16:23:17,-1
59434773.40071867,251.61530672081352,15:46:39,-1
61714712.65341593,215.52007100701056,16:07:45,-1
61070065.08356779,230.99235996747888,15:33:00,-1
64042260.52135516,114.90877263525816,16:17:55,-1
9470576.397372648,84.12853994985565,16:18:28,-1
51952005.04023367,318.2005375461188,15:59:51,-1
4309344.898832542,44.08965662403793,16:12:08,-1
49811280.97984155,39.067434688008966,15:52:19,-1
56400672.69306065,173.05862905443178,16:12:56,-1
43501058.3957392,249.18423662613588,16:08:21,-1
15847693.236328334,102.94187286471316,16:08:56,-1
50800404.0260592,5.217799268205665,16:11:17,-1
42001028.72595849,246.15867881313943,15:41:15,-1
8073.388828429021,78.18734184949142,16:08:33,-1
34165624.64342732,60.548416482727006,15:45:26,-1
54117198.59242898,335.4874104881902,16:14:55,-1
32279909.57524464,33.67027245587722,15:46:07,-1
3106120.157968694,252.2868072560969,16:11:29,-1
51674143.97016541,192.77253899691848,16:00:55,-1
76480478.01864202,302.83162802710376,16:09:20,-1
45229182.46927667,316.0970778025259,15:39:50,-1
45549471.74201784,107.50246353153426,15:42:11,-1
76620273.38624935,265.05457894008043,16:10:34,-1
74403847.06561251,178.15763086487013,15:57:14,-1
85312715.89369777,320.04759110328814,15:34:34,-1
19049013.197790112,298.09117422570813,16:01:40,-1
19171444.06086497,190.01919479095656,15:46:58,-1
42261283.80480608,199.41930520029595,15:43:56,-1
77262658.49109526,145.77170094150603,16:10:40,-1
25083590.605649304,261.1597760074476,16:23:47,-1
8955788.740976619,292.69674220163785,16:00:42,-1
75182469.6822513,19.68406557500876,15:59:04,-1
66172299.23701444,43.89568872351869,16:05:13,-1
55377495.89842441,76.47993141488789,16:01:03,-1
21569393.899151582,34.876613652095,15:35:50,-1
42027438.96849629,104.43259352532922,16:24:06,-1
21204129.126298405,49.23419929261921,16:08:08,-1
18704096.02206169,253.6963109167744,15:35:49,-1
79024635.90175551,227.3593935824275,15:52:09,-1
18335967.27590639,268.7556280481499,15:51:44,-1
14596167.037223564,240.2570666358218,15:28:12,-1
16431582.434206678,351.3138446840167,15:26:03,-1
54637216.920167975,166.69839778319792,16:16:24,-1
57190005.09656638,279.90790457738973,15:35:03,-1
65012517.74715886,159.9243876292678,15:55:38,-1
8285476.655346828,325.30120233978533,15:59:10,-1
12340815.498300854,121.16110995198406,16:15:29,-1
23177215.048755776,287.56854998844307,15:52:05,-1
8223263.58327917,317.4740603966299,15:49:26,-1
37802980.01338279,23.60605405428762,16:24:05,-1
29137838.32411958,285.22126871684674,15:58:14,-1
82000421.74024099,13.375400716721217,15:27:43,-1
64316473.301370695,32.50544459806244,16:01:23,-1
76519187.71187267,251.22944623220675,16:24:14,-1
48771610.80387363,261.0304565114348,15:26:56,-1
35776687.74996223,149.7956034169815,16:20:03,-1
31633953.05001714,237.67482235924908,15:36:12,-1
48219242.53796078,320.8866781404,15:42:18,-1
19959212.213618796,327.56722465134027,15:45:24,-1
84036078.15377606,14.110121517935266,15:44:07,-1
67779948.15051746,140.38266248417875,16:22:44,-1
41813506.38719722,191.877674245997,16:11:12,-1
7718087.219267196,320.7159494076533,15:54:03,-1
53780282.50184032,197.99301953924663,15:55:11,-1
64904898.93183196,198.36608527479788,15:59:38,-1
337516.73530965333,348.4322468448775,16:05:21,-1
11323818.130760096,235.7095685088328,16:01:37,-1
21025508.683797173,9.393095356348882,16:03:00,-1
37787538.56514649,226.7773843995819,16:11:01,-1
63194542.22187417,207.46737771947625,16:09:17,-1
53192584.60697518,43.86958557982018,15:34:52,-1
75117116.63807365,190.37838816041344,15:56:22,-1
18128529.506114986,244.3181748129475,15:34:49,-1
31300277.771046765,193.5682842038706,16:12:01,-1
84065477.5367557,289.1241696428825,16:05:00,-1
57630234.35870802,341.7781834435125,16:12:18,-1
3866918.24234272,162.09697332855916,16:15:25,-1
53041189.80993291,47.70618107380469,15:42:40,-1
9651357.147708587,170.34375304690488,15:44:31,-1
8963768.378163772,191.42560271195677,15:59:53,-1
12135030.27621372,298.95780348876485,16:14:50,-1
86027165.039916,0.4428720519820439,15:42:31,-1
70670574.72333506,34.86222392973233,15:27:42,-1
61167992.24313863,140.41735016023657,16:25:13,-1
42658273.02176917,94.8593547230559,15:26:36,-1
83616991.88852826,342.84752611778055,15:55:07,-1
82817467.38168184,172.7371065600374,15:27:25,-1
30316572.086417783,289.6290310433376,16:20:20,-1
43389064.53447227,276.7224415715984,15:57:24,-1
70449641.42730497,76.79378522361259,16:05:48,-1
30585107.012086585,338.74314068322303,15:55:17,-1
28708705.018273275,249.2240844949237,15:34:56,-1
41588804.8396527,246.9634287033835,15:34:28,-1
34148535.448707946,198.2829346655126,15:29:58,-1
77386280.24988346,268.11967344288166,15:26:30,-1
4545740.196996746,30.00953005204329,15:33:09,-1
34253073.89993818,135.1324250641657,16:04:05,-1
34530704.23000274,109.63943676899558,16:15:32,-1
13331903.21866618,189.1812520131968,16:16:00,-1
85641571.24908514,281.9232660878444,16:09:16,-1
81034559.41155921,244.71012962254508,16:14:08,-1
525038.5485521626,246.22707656308253,15:36:00,-1
61667023.294351295,101.19246717415638,16:04:28,-1
6759145.318916573,27.26627910830935,16:21:17,-1
15530158.241639083,189.24831114498565,15:27:23,-1
19640033.407453544,40.16008085915612,15:57:12,-1
77731574.0304937,25.46163263988769,16:17:02,-1
11812106.995321956,9.678638359695956,15:33:25,-1
25999560.60904277,311.8250334817492,15:36:10,-1
29674168.95425101,327.92474576970886,16:04:22,-1
51243588.9036965,21.568824286160535,15:36:36,-1
29121780.80165313,27.785006932298785,16:03:42,-1
21336346.61495426,121.3273584595201,15:27:10,-1
4920979.562947983,348.8320932402329,16:02:02,-1
11917233.123113662,230.95247633818457,15:33:23,-1
38988088.08295041,125.9576299383621,15:55:56,-1
47813047.26299499,101.34250315641438,15:36:25,-1
4481352.501516168,20.30055391357806,15:58:07,-1
46374166.10717566,313.4176786418539,15:38:03,-1
16281343.037577836,328.4081311397408,15:36:36,-1
50010031.32127193,179.06546890881123,15:53:14,-1
29412751.81651988,243.7998404861152,16:01:18,-1
36135431.304247774,92.56678974576693,15:28:55,-1
66363278.38282199,294.3334079127672,16:21:08,-1
10547396.453331023,309.52910428977015,15:26:46,-1
47575077.15255421,96.94025007650627,15:42:14,-1
33501396.902003143,52.77027577031728,15:38:48,-1
71037412.07158892,192.070650891095,15:35:05,-1
9213038.38373842,15.231839693486684,15:32:01,-1
17413316.821745533,239.2500064871515,15:40:56,-1
70750749.16133744,8.070308159755463,15:38:17,-1
44797665.94658748,169.4094016658025,15:57:52,-1
10261213.331689993,207.48690824387697,15:54:47,-1
20235682.73805563,359.2781311593022,16:16:32,-1
21319739.91976975,59.51003055835098,16:23:16,-1
13471066.822513651,243.5372501211388,15:32:11,-1
56801642.90859985,278.44442858749136,15:36:52,-1
64547484.54386024,249.9289353493672,16:00:56,-1
27987254.13759237,103.0192197074796,15:30:25,-1
243756.67510134407,61.976978634513806,15:27:45,-1
29877592.81672521,290.2579725012615,16:12:55,-1
16759435.54663108,176.522603931181,15:48:27,-1
12624226.05706648,65.21742039400527,16:22:34,-1
65592593.642875694,73.55466680694903,15:39:21,-1
16448190.64951237,48.44768395470511,16:14:25,-1
39810638.14233468,8.188936947266816,15:28:13,-1
8193430.010123569,315.1617525572451,15:45:43,-1
10406876.444138302,164.11859023684906,16:20:44,-1
71103568.99510579,141.77429552272022,15:38:34,-1
87673343.16845776,346.48554090280044,15:57:01,-1
11216912.901240366,220.73508279947907,15:29:31,-1
43414119.93383285,111.71116765011182,16:23:47,-1
64460440.78093159,93.65036071617736,15:31:08,-1
67910880.07690346,51.747493368897736,15:56:05,-1
29612995.91010547,15.440746315897872,16:04:08,-1
16497854.915056763,354.55432265398883,16:21:39,-1
83517542.96387497,127.61588045081844,15:33:34,-1
73843515.41364759,167.37669664611042,15:39:42,-1
41671709.41910391,235.10266433339908,16:21:08,-1
73167956.4066539,9.281422175491816,15:52:09,-1
56740246.30323884,275.88757869958243,15:32:54,-1
66862611.41498383,62.68830976341817,16:06:25,-1
40694660.95412564,350.9812552710866,15:47:54,-1
60129090.615640335,303.9986754369112,16:03:57,-1
50843804.12243098,330.49483944300124,15:42:20,-1
67435008.0017434,100.6939662999462,16:04:56,-1
7563839.208030037,306.1946087065998,15:59:38,-1
36305545.12742653,287.30048235780754,16:06:14,-1
27483649.342784997,274.5413454867923,15:55:49,-1
73158235.8787448,279.0758540603229,16:09:54,-1
88980212.53822093,329.05855964197195,15:50:16,-1
59825295.15007838,343.9601537391543,16:01:03,-1
16943618.20930573,324.94558038925084,16:12:05,-1
16462431.77399542,100.20079693651527,15:27:33,-1
5279540.389086324,250.8530069522395,16:19:42,-1
38837424.876821525,310.2819423879152,16:18:39,-1
60016135.392976366,128.61094400198945,15:29:35,-1
44573449.92530175,61.38347058448803,15:46:56,-1
35586464.33244567,81.95158265083724,15:56:55,-1
17400602.635212474,223.17951874893456,16:22:35,-1
57236144.36839791,217.343878668648,16:08:48,-1
55515255.95027966,178.74427190643206,15:52:19,-1
80630538.30467945,176.65884869944006,15:32:34,-1
71387235.94303747,49.14767829152578,16:05:38,-1
14505941.933684988,312.8563983404475,16:08:09,-1
47890912.86812143,42.08248319645248,15:56:59,-1
36645052.75666602,74.61679514454615,16:17:32,-1
52157221.46831696,318.6753512305722,16:08:57,-1
42177191.80293415,289.95325047533674,16:13:37,-1
25714678.54492975,309.8316201762726,16:08:16,-1
65629978.20832767,356.64741818419367,16:21:36,-1
52797749.97782942,192.5156936782286,15:59:07,-1
76006281.51767193,191.58381989961805,16:16:09,-1
84794121.91020924,68.74640951260436,15:36:37,-1
60071625.48753472,344.60958945432185,15:59:56,-1
24405913.24997135,227.0750254679318,15:59:58,-1
70950424.1101113,78.70131528631849,16:21:15,-1
16601499.0726782,308.1398436512316,15:51:16,-1
7516084.908501169,294.8380372076475,15:34:53,-1
32025491.086958043,270.5493982547883,16:09:02,-1
5418115.543563858,67.30551057240336,15:35:46,-1
63438517.87137242,283.73032722934363,15:52:10,-1
35704214.596654944,67.80714282852018,15:36:01,-1
63874332.16631374,242.18752130807388,16:04:46,-1
51096431.6179288,198.5814335391531,15:30:31,-1
4764670.885402649,147.23754029362698,15:46:31,-1
38035384.75014135,111.04211578402392,15:29:41,-1
13578638.317895176,284.7800166228864,16:04:19,-1
24255011.65403709,249.1143655968492,16:04:06,-1
68091235.60560067,212.3425095881335,15:37:04,-1
15213767.674049666,215.38332462551676,15:47:58,-1
18216501.165190738,233.33299502232603,15:26:48,-1
46661794.109033816,207.6699798537417,15:41:49,-1
9744424.941604031,142.04685173574532,16:16:31,-1
39506608.21907522,188.1845726270178,16:10:15,-1
67734483.45209306,202.69013507931885,15:36:19,-1
60892104.164887466,17.076601387990124,15:45:03,-1
83255014.56442833,74.53803725153249,15:30:08,-1
45740763.20628394,77.73005445060853,15:49:34,-1
7094236.328359669,216.27488856444583,15:59:34,-1
12577690.009986514,298.6619637272711,15:52:26,-1
51681885.01714312,323.1499543691578,16:08:46,-1
67261413.87199695,212.7929751514077,15:41:45,-1
79998973.27575769,329.8661185006374,16:07:47,-1
81075137.37704375,205.694817001852,16:17:03,-1
41256042.69291816,271.906079623901,15:36:39,-1
53280039.99281999,120.57918857299974,16:11:24,-1
5218984.128759945,50.31565603392083,15:32:57,-1
83786325.24307482,296.15678156159083,15:40:23,-1
74630654.6162142,250.17509526534175,15:54:54,-1
65048165.46867588,349.9193472575476,16:04:28,-1
75733922.48554428,155.64773658597798,15:43:49,-1
43514328.48057593,98.41788794655184,15:38:27,-1
80947852.23319523,235.53847622887315,15:30:43,-1
4693085.285034138,123.60298542932529,15:46:30,-1
53620188.36070591,226.5861382135976,15:54:01,-1
19864726.22099355,83.60926553677818,15:53:56,-1
77963538.34199986,228.18067101046657,16:09:55,-1
3984568.0819056015,117.76568651953764,15:36:21,-1
70753410.13841861,28.4403493098597,16:11:29,-1
59112795.0347972,188.6885100844522,15:41:15,-1
80565906.52543916,258.3449114908973,16:11:37,-1
70195808.70421708,167.1876744197221,15:53:24,-1
20189891.40068239,150.76705680496312,15:49:18,-1
15370089.404207326,73.8472422835139,15:33:01,-1
88752916.28748304,152.63855157906002,16:05:34,-1
68496313.23417917,162.38127366742356,16:16:36,-1
1717279.9113270813,341.8197533170956,15:45:50,-1
15773589.61094117,278.19465327244785,16:12:09,-1
18483582.264891032,181.54362226568557,16:05:52,-1
64143683.03994326,318.4902851588999,15:27:02,-1
36384824.50146428,169.89904334651516,15:29:34,-1
31208228.5214105,175.68848521498683,15:47:15,-1
83210675.11805941,308.3692739451431,15:45:14,-1
16995081.992539756,213.49392611893956,16:16:36,-1
16284813.639906049,50.0279719292442,15:35:00,-1
23615823.912217256,257.2650192721662,15:56:27,-1
35836214.43519157,117.08674575522168,16:01:15,-1
58113710.77107641,40.0300239383032,16:20:45,-1
15470764.244795538,284.44249837712005,15:30:25,-1
44159496.53641026,250.03361962928508,15:40:45,-1
18343050.96711378,198.00725485559585,15:33:17,-1
34185831.79549288,45.03566973634445,15:43:37,-1
48949264.08426626,110.59989171066324,15:55:30,-1
79523406.8199164,128.2063418399264,16:23:03,-1
59875256.235992834,297.96422043972444,16:06:38,-1
9230152.90583996,6.455027383191876,16:15:13,-1
58650906.74655055,172.5010783016342,15:40:56,-1
7856282.088427702,38.57875248471923,15:53:52,-1
88588277.48777512,168.72003034698903,16:09:52,-1
53534284.94038314,75.20724387216107,15:56:10,-1
39721709.25098087,25.3502559270687,15:36:26,-1
80982062.48292997,30.03866400348989,15:29:08,-1
65838843.14705883,84.14369421568985,16:08:37,-1
36332657.23581991,127.0776351407741,15:52:29,-1
22503799.31233019,106.07785229267076,16:22:44,-1
43039457.84862427,303.3749214311312,15:26:08,-1
8747070.044042042,90.8833988525873,15:33:14,-1
32173006.65211332,228.7350919173801,15:25:44,-1
316591.9454077088,85.45969568205562,15:40:03,-1
5796625.612987951,145.57243422565088,16:06:07,-1
43887674.678931706,172.35881310851363,15:44:00,-1
53219701.07053197,52.780463230568,16:18:01,-1
40173667.03401264,43.92489074115159,15:57:18,-1
45948311.04204316,76.8675691251519,15:39:58,-1
19723604.9567702,57.27574500513374,15:57:57,-1
44100430.78289304,318.5589998296763,15:50:25,-1
38007740.784035005,27.544967602415063,16:02:59,-1
69133298.94379303,290.5740238139173,15:38:51,-1
18960609.96610908,343.373949272596,15:51:35,-1
16662961.533446956,174.9871994942273,15:26:53,-1
59639065.67456024,209.81238480241004,15:31:00,-1
61801722.3371096,163.00650144314668,15:49:53,-1
18369092.64260521,345.4433272712156,16:11:27,-1
64965700.22452845,354.36662525758106,16:08:38,-1
37625543.897177614,67.65184540021778,15:44:28,-1
21615073.02617607,151.2056514372757,16:20:44,-1
3657066.542664666,342.43216049757126,15:48:40,-1
35338435.362590015,153.3201116352831,16:11:59,-1
30084017.990603045,33.92283808471815,16:09:25,-1
18674197.94042552,149.02001256317547,16:08:30,-1
33461283.993003767,262.3387005953704,15:46:27,-1
66166652.3995944,352.4368957659972,15:52:09,-1
81649839.74878314,349.21626506348804,15:49:27,-1
44107503.02204207,80.76675676025307,16:16:45,-1
71006255.58069971,84.7595369244704,15:26:29,-1
20777776.75259944,102.4841903625492,16:12:32,-1
25263702.627719566,156.6676202851183,15:30:54,-1
35697992.5649653,254.4791748589165,15:43:33,-1
20286013.349322498,242.7489350528677,15:26:19,-1
23304793.93156859,19.533022789252637,15:34:09,-1
23782484.665843014,239.07682885676687,16:09:41,-1
41891778.09350503,307.8603331641208,15:33:28,-1
35259372.984438606,172.61599372013796,15:31:01,-1
81030675.06259924,332.09852211413335,15:58:35,-1
5239130.346536107,20.61484511747,15:37:10,-1
26497391.75939676,22.96120458456471,15:45:16,-1
3072131.538755657,275.83351397685243,15:35:42,-1
12263523.74348292,128.60641431645172,16:16:54,-1
84557822.85196747,229.891417985634,15:53:40,-1
49594292.329686575,281.1158040719,15:38:46,-1
9489347.876870722,200.44641281428548,15:42:31,-1
80289173.97899646,184.85520170118608,16:09:12,-1
15781855.16776615,141.7535476495098,16:16:02,-1
75355440.22909461,242.35260967558537,15:36:54,-1
8626791.905520484,115.41148398424028,15:42:14,-1
2714926.8310444904,68.45536973885947,16:15:48,-1
19964940.01774519,306.8424980965028,15:55:10,-1
77462576.3148231,342.7901965099109,15:44:30,-1
15245413.873409737,316.778803465314,16:10:18,-1
49792023.88234926,86.89045527363017,16:22:10,-1
1432961.5351842002,270.2700609322602,16:14:49,-1
5647678.53512421,228.94923908271565,15:49:27,-1
22361955.11583685,221.011239889404,15:48:22,-1
37493320.5290193,186.49287354620245,15:28:28,-1
71455632.93739483,173.4069752320143,15:28:29,-1
22357493.535890747,323.8239190844727,16:00:52,-1
62408206.26706385,107.85223599807505,15:27:42,-1
57928857.816896096,45.9895297659711,16:07:10,-1
46419487.385374606,24.545632812242737,16:13:27,-1
56449542.86374492,298.8600782752638,16:11:09,-1
37501702.30948476,135.23456002078876,15:29:28,-1
40227896.7087585,239.23380119921805,15:57:57,-1
62553211.09800024,104.71109339236584,16:18:08,-1
77301364.54258631,159.03570814876804,16:15:58,-1
10747415.356383435,11.39984162954975,16:21:43,-1
64237349.59559571,147.82689291882497,15:50:14,-1
86696691.28294405,179.15046650786763,15:28:16,-1
88114290.77624615,219.9022250225588,16:24:04,-1
75477715.37029912,63.251300056117614,15:51:21,-1
46782815.98162072,204.47304728041703,15:57:46,-1
58807821.36197527,312.6028105875387,15:31:18,-1
83965515.5786687,193.17482042451965,15:37:00,-1
66969381.99930644,292.30087595972594,16:21:13,-1
25168381.99065985,73.72533572903954,16:03:57,-1
20773140.66344275,284.29314630669904,15:49:17,-1
31833165.547759764,299.39371236251026,15:54:40,-1
17344398.66160667,60.64677804956092,16:01:18,-1
77638554.94118333,306.706202465916,15:52:47,-1
78031699.61058126,240.76598419999664,16:23:42,-1
31359339.455861237,207.9995562424474,16:06:31,-1
63392532.5515514,59.11449598058974,15:50:39,-1
28234850.33749089,331.3144419896382,15:52:10,-1
34999375.688938215,143.37613332754253,15:43:55,-1
58428156.29759848,248.27382327530324,15:26:25,-1
17161129.64688017,180.778634584259,16:03:28,-1
40521007.84260918,32.01922896801528,15:39:57,-1
85235522.53344995,205.85741215583357,15:31:48,-1
63035954.612478085,48.46937465987483,15:38:30,-1
5381201.887108948,182.72698425994997,16:08:21,-1
17648264.217583954,226.62274664103597,15:59:21,-1
40368458.40280943,93.24883938886424,16:08:14,-1
37615559.13581058,180.37973309777425,15:40:52,-1
6025024.923289571,165.22084152391352,15:57:22,-1
2535533.7547996943,255.8270316094446,15:35:16,-1
56430751.04413895,1.3801048247735492,16:10:07,-1
42443889.28920837,242.16994471448533,16:22:59,-1
26779404.946834248,269.3453589459121,15:52:28,-1
57917408.63599753,340.4876152564862,15:26:40,-1
38729996.64648336,140.78612511247144,16:01:03,-1
8097091.020356892,195.82868747942857,16:14:54,-1
37722221.41710435,25.91033220277844,16:05:21,-1
28111870.85846153,244.27441030845725,15:38:08,-1
7583220.057867423,76.40532367242972,15:50:46,-1
61753008.11633949,240.46445662444165,16:07:27,-1
67664349.96528248,185.79990244461823,15:44:15,-1
1413952.604895736,258.3561063399509,15:55:17,-1
32886241.810409967,10.177192832201092,15:48:51,-1
15481072.812648382,53.74683033739227,15:47:14,-1
73994283.09924066,38.55329348704116,16:24:01,-1
61516915.9763927,338.1001658446753,15:42:54,-1
18198212.505972814,136.45148667420796,15:29:52,-1
52812171.75478276,237.88703314160333,15:54:39,-1
12271641.83321456,121.49876514020544,16:13:24,-1
56030969.23563733,101.2821238138051,15:42:26,-1
36038382.51240646,287.1400421228407,16:15:41,-1
34673492.39788407,172.03595447150644,15:50:19,-1
66412531.106106415,134.84592221894852,16:18:02,-1
52615176.53369978,318.7077821165141,15:58:27,-1
88759630.44741338,296.06130038046695,15:56:41,-1
74005069.5310738,140.60457242851606,16:10:41,-1
69535674.12752083,260.26380204109927,16:02:31,-1
28562330.20758808,62.56813801284342,15:46:17,-1
31081683.771333583,351.93680511970985,16:23:44,-1
19238409.252548404,267.559937427852,15:50:48,-1
20940564.58028833,136.17854261633502,16:00:54,-1
72132010.4170032,172.41514044112185,15:32:10,-1
22790473.383401424,323.7659689028365,16:04:05,-1
11209126.923388315,261.4702653001008,16:15:22,-1
20497533.255308464,352.8643215661787,15:37:08,-1
32472710.69809447,184.1211192141159,15:37:37,-1
56491133.98858436,311.8859670468376,15:55:43,-1
32281392.09881261,57.03479983246556,15:35:24,-1
19742160.97658658,359.1891781790954,16:18:25,-1
769766.9354329135,152.4352184168233,15:53:49,-1
24855883.78090684,108.40768792874272,16:13:23,-1
68150575.51712641,293.4708360728968,15:32:00,-1
3294208.054231987,103.43186405557496,15:40:01,-1
36635991.2792638,316.11975592863973,16:12:12,-1
13737362.20651522,233.2917876509869,16:15:36,-1
44431628.92851663,108.18195498388864,15:44:46,-1
31864722.218960118,148.4239985625732,16:18:05,-1
1559603.1765099328,269.09453254840093,15:52:56,-1
8891560.73794688,327.74883865673974,16:21:37,-1
16562205.597450998,310.0084652727095,15:41:26,-1
17207366.610391997,251.3693991977628,15:43:51,-1
68627445.11713527,302.89292494845233,15:46:05,-1
7625298.177645077,0.0455135441123299,15:43:18,-1
60282826.48217727,62.08619786587351,16:03:17,-1
2052403.0054055692,279.5167157737196,16:10:43,-1
32683150.14290318,28.1590932561091,15:44:38,-1
89551864.82306984,11.69289117023946,15:47:06,-1
59878295.48906057,186.60468699274415,16:04:01,-1
30942677.997685023,163.28036394563617,15:39:05,-1
75387541.98903728,156.6420090404309,16:21:52,-1
79087703.6677019,48.37925097369215,16:19:05,-1
17809136.173467904,44.537979309413046,16:16:14,-1
37787569.30787474,304.1298949298604,16:12:09,-1
34886691.397914864,243.04443793629645,15:43:26,-1
21298347.33581597,297.93499777370727,16:03:08,-1
5252781.863980652,294.2164427571992,15:57:35,-1
70329960.62112825,77.03823966753603,16:21:38,-1
28360352.14769252,90.66042018008817,16:08:38,-1
11802991.214236464,184.4896457474779,16:11:18,-1
56880162.88146468,140.44636300427757,15:42:05,-1
62934139.123229004,20.631385045171253,16:12:02,-1
36912626.03227882,111.2732628543218,16:15:34,-1
62448444.39600016,79.91542106452556,15:35:57,-1
16427958.263816357,258.1092628449637,16:13:27,-1
29896616.776888102,193.67176581348943,15:44:36,-1
76297775.65556626,67.99208410412949,15:49:55,-1
83874948.23371433,111.24088269084268,16:00:54,-1
8339046.698725746,108.38432283589611,16:12:51,-1
24406690.96987331,112.70064777095642,15:33:46,-1
22016600.856073577,224.52678602531893,16:24:12,-1
23699279.81023116,239.841138185735,16:18:48,-1
59742553.95751826,141.99398366759107,16:05:40,-1
15462724.042192496,91.9197510485534,15:46:51,-1
31174310.04227279,324.0524450716634,16:04:43,-1
34951895.89763076,86.67680649098276,16:14:04,-1
39503074.03776928,66.68149055102303,15:42:08,-1
9599121.984218292,6.2836599541826565,16:15:38,-1
39347375.309026666,179.52275288348486,16:20:37,-1
50846456.15206046,201.3954124774256,16:07:34,-1
5678867.698159285,164.4114193126657,15:41:10,-1
76382736.94246276,260.42715256599087,16:06:01,-1
19426510.17501163,252.14655797950397,16:03:28,-1
31011289.31904355,353.5202594068092,16:13:19,-1
25783876.002720784,251.2366298087871,16:03:14,-1
16334845.783644233,197.57285512271045,16:12:22,-1
13095863.709243195,295.6699871913161,16:02:35,-1
44555159.05116393,190.7024485774464,15:48:14,-1
85582552.62266919,272.5833069077363,15:29:41,-1
47017640.74978644,134.44303501286004,15:34:40,-1
67721006.55809022,234.7870464107204,16:16:31,-1
74165211.13698877,126.453560951824,15:47:05,-1
88377291.6578661,108.16360553117369,16:21:51,-1
66406028.13058837,33.350405536639684,16:18:48,-1
45954605.97423857,208.45078698665844,15:51:17,-1
44781943.88119804,331.5920792181304,15:36:21,-1
18412372.361185923,171.21471022091237,15:27:31,-1
59399108.55001882,344.9540625209545,15:42:33,-1
38934336.92790376,316.4808509464279,16:17:52,-1
78232206.83981183,271.98519193937767,16:03:15,-1
49767791.75425588,1.9275049134694289,16:11:59,-1
31957711.356421266,292.9491759636519,16:00:44,-1
23111387.15360509,103.30929406825524,16:02:42,-1
33702271.070098594,300.2199266810469,15:29:36,-1
2773273.235116835,197.26313188256,15:42:06,-1
76147964.59784053,94.917341449488,15:41:57,-1
80992303.42473996,304.7341815161392,16:00:33,-1
37728170.232497,115.777591911464,16:06:03,-1
17406218.27511605,238.63428092758545,15:25:37,-1
30060447.675534237,278.7572414133127,15:31:28,-1
32261778.87449001,212.38844135366168,16:20:33,-1
3106548.500900185,71.73038372176842,16:19:31,-1
23464695.36723094,144.06922877889258,15:43:42,-1
2330942.970391622,134.3237997588443,16:04:04,-1
18746892.34152386,108.69861664732208,15:29:32,-1
81179149.06737177,102.10139638027452,15:58:36,-1
19323766.987339456,291.29512607818964,16:20:01,-1
42038168.88525924,15.01476625373742,16:09:10,-1
68415589.65378855,15.3800306222921,15:26:29,-1
70407411.15782407,358.7720918302342,15:52:28,-1
14885430.472931655,30.729006570828677,16:20:54,-1
54019171.560280375,20.948015438687072,16:21:09,-1
62469693.456288666,143.42118286112566,16:22:31,-1
79105841.54815988,182.6227659353535,16:23:54,-1
58985304.64969995,30.508794658922767,16:12:38,-1
80380959.11046156,93.37440184190665,15:50:13,-1
62626404.81700131,9.252365662520845,16:09:02,-1
34263289.77403144,314.070636738064,15:28:24,-1
22998471.79563996,246.63824418297747,15:58:33,-1
65369889.535042726,333.86126259910014,15:42:35,-1
44290308.41429443,332.5277860348222,16:10:30,-1
36401236.65178596,86.43446610301085,16:04:59,-1
59714960.500545,188.7918053335978,16:15:58,-1
66070477.534994006,359.7888398186571,15:46:36,-1
40603861.081031546,27.48390136106785,15:38:45,-1
64391885.62162394,158.02835505326237,15:34:00,-1
48878570.7782194,277.2404796133991,15:48:32,-1
76933203.1099598,101.07328631730104,16:17:53,-1
21395976.24619464,188.36323851476988,16:04:08,-1
4827483.796385713,214.7559799227205,15:34:55,-1
18292607.2116068,29.303197348643472,15:28:38,-1
82030042.77564819,123.92425630999271,16:11:29,-1
84939076.81343229,157.82807914433087,15:52:45,-1
70324158.43460386,324.39526389426925,15:41:25,-1
17974511.974503916,314.51575195828195,15:39:32,-1
53917984.93279963,340.2960423396125,15:26:07,-1
42905444.958151385,292.52912012401924,15:47:22,-1
22008165.22831425,249.39443430752857,16:20:39,-1
77034049.83083284,228.80955576052435,15:35:14,-1
83106911.50711304,96.6511090998096,15:43:06,-1
9467022.468747327,287.9013957882464,16:20:34,-1
19748221.82220228,224.44149107946143,15:48:11,-1
74228552.76672411,52.96899324337219,15:34:20,-1
22137276.95303815,59.33368931969034,16:22:41,-1
34323661.19843502,54.08040441398347,16:08:23,-1
57890600.00603098,102.13074840297804,15:27:35,-1
69563241.35494834,304.67291284484776,16:12:11,-1
44810642.37830926,335.354608568001,15:43:01,-1
47656696.889308594,87.56007490471076,16:09:22,-1
47210098.90935046,13.672231878268546,15:55:20,-1
34136600.037516646,153.4641493529261,16:24:12,-1
53139820.72073435,52.60872706524725,15:43:23,-1
46003358.7695116,179.51530594724235,15:57:12,-1
19699855.31914488,62.293121202301855,16:23:37,-1
27471747.007437613,207.4749583826231,15:30:23,-1
12071512.357623272,297.486863416741,16:05:15,-1
85715180.21327604,225.49032733189028,16:20:21,-1
44351059.29989227,134.88427825726512,15:36:20,-1
18257110.398067985,168.93782098211895,16:19:16,-1
75985159.90344742,140.33184495718837,16:17:08,-1
24454167.242556877,75.02256165647785,16:15:21,-1
59451815.71449035,262.6084988298982,15:31:21,-1
26067601.230060227,3.2414780172787294,16:14:41,-1
44622988.71587773,68.4996200236658,16:22:51,-1
11575327.860228289,133.32575739678813,15:30:42,-1
45397271.76718419,237.0606108958788,15:35:09,-1
69646513.15513822,89.78986932840168,15:52:41,-1
83727328.31068677,234.6306995317098,15:56:53,-1
463675.4844073516,231.9833125908567,15:42:37,-1
59725797.999865904,121.28138529033328,15:58:36,-1
13080829.473714428,189.4472240302176,16:05:23,-1
4376190.610773608,269.7349960998149,16:20:12,-1
61337345.95722284,96.64427271646298,15:28:29,-1
75597637.51056318,209.89058389344297,16:24:06,-1
76943453.91534194,301.468844937526,15:42:56,-1
28357514.744711917,171.17561805514336,15:48:48,-1
729171.2741622168,66.11674330033021,15:46:31,-1
84812426.52344602,141.47622544403242,15:57:25,-1
68746381.38268514,268.2298030128052,16:15:27,-1
7381127.598365432,6.564746214568453,15:42:12,-1
53883771.203227006,224.87386496686597,15:57:11,-1
45546317.5042934,265.64093800275754,15:46:13,-1
9972110.930668443,264.2370738608111,15:37:28,-1
21330799.48596091,289.21854057674744,15:42:34,-1
75651841.21268062,105.46136632831072,15:49:02,-1
36031832.547037125,163.17573381817863,15:42:23,-1
5411584.289208089,148.0790731776777,16:02:36,-1
49383068.51294607,36.78840359432836,16:23:20,-1
48453595.840285085,158.71508874308606,16:13:34,-1
32887574.320103884,7.914922999758551,16:24:30,-1
6657190.611093879,254.5519520739985,15:43:07,-1
85466147.51235732,278.6641479218082,15:52:18,-1
74464106.96500006,10.589075683483188,15:37:53,-1
77485000.01356241,318.15120650453946,15:58:05,-1
47792168.06168748,208.19844719097983,15:49:00,-1
27470784.352313183,137.2683565913333,15:51:08,-1
23403684.80522424,334.88219070595363,16:03:33,-1
87804607.92902678,194.23594799525964,16:19:17,-1
68364360.90129077,240.8321046790933,16:02:52,-1
27146000.251742125,33.44756287384555,15:29:17,-1
44439505.20289133,200.18253909681985,15:39:35,-1
53515343.34703193,332.85716601880165,16:12:22,-1
27788882.87052551,268.2913640520877,15:31:25,-1
1126154.0016490223,246.78100206362453,16:14:10,-1
4515885.443933342,100.41326339033566,15:35:16,-1
33456189.53206734,284.5074102159923,15:33:22,-1
60330421.35885673,310.450920471814,16:04:26,-1
50170555.11498512,246.43097230609203,15:44:40,-1
42363312.68638127,244.3846237955432,15:53:13,-1
181179.6809121162,111.46172074804628,15:32:19,-1
73436433.64114948,286.58088745703793,16:13:55,-1
66273179.00710008,122.874998933413,16:19:44,-1
28518268.91141717,216.04655258856272,15:51:45,-1
18833994.56311042,187.37835423666505,16:22:00,-1
19217833.12899362,191.58570921061752,16:24:12,-1
77647958.63475849,126.6475685292285,15:27:37,-1
29881682.616582595,201.3557088238706,16:13:00,-1
42293195.194628425,14.008236037869054,16:15:38,-1
79877457.4495853,241.5996350535604,15:59:09,-1
19914646.57498487,103.9382663791337,16:08:51,-1
78646522.48156483,161.8974644547866,15:39:11,-1
14037321.938039787,352.335947169092,16:22:10,-1
2969038.161614011,274.7932256486611,15:30:52,-1
34036305.21087949,297.82721502514306,15:32:25,-1
4047449.188725226,326.2347115469671,16:16:21,-1
15247550.644918496,96.96024076978438,16:06:11,-1
20062409.038194846,254.08817908689983,16:23:42,-1
81426909.0752834,249.16954698373556,16:06:16,-1
73878960.17571834,180.16185245211628,15:57:38,-1
53287316.31678002,285.5169921300519,15:44:31,-1
35298327.454288006,303.3007706993392,16:08:29,-1
39143466.02843494,173.10591501068689,16:24:35,-1
84691147.92421898,353.4329310881482,15:37:53,-1
71493558.36330625,101.60441532663236,15:40:14,-1
9719204.558034064,305.18178785280975,15:56:41,-1
21008328.41436316,343.1000109834503,16:25:05,-1
7836580.092839245,155.97209160332207,16:24:20,-1
56331372.95779673,70.46872073843068,15:52:27,-1
25575204.608802717,277.06545312915006,15:55:58,-1
24930230.38221881,244.30341821268644,15:41:56,-1
20526402.15422105,215.49785047205208,15:53:32,-1
81256642.15244634,84.89581260058188,15:51:33,-1
64228602.682056025,303.7574608148411,15:40:37,-1
80139034.78951035,214.1250337905412,15:58:46,-1
19883777.481155425,205.13322267876052,15:29:11,-1
49012798.51188227,138.42719346129644,16:01:29,-1
4360797.137217818,99.37639342391624,15:54:08,-1
39965715.408272326,359.82832432072775,16:03:08,-1
75681755.59454896,128.04387361261675,16:13:39,-1
52450973.63377811,81.05470538968505,16:01:35,-1
60599380.35548616,240.66517919987737,15:38:37,-1
68869349.10664943,207.24323009937,16:20:19,-1
9128306.174798485,101.29565592768344,15:44:36,-1
75793415.87406272,332.44433078586724,16:17:13,-1
14395568.978619391,335.4617670578398,16:18:06,-1
49415390.16726293,146.29291919669643,15:42:59,-1
88699622.81107812,197.17095818890647,16:09:52,-1
56036774.37034851,292.7289683521831,15:43:14,-1
46191539.40449946,351.0540402868801,15:49:06,-1
27089728.53839628,298.91061331693777,16:09:56,-1
30816792.191463184,224.4603385529284,16:20:51,-1
85425916.75141293,193.71078657057785,15:56:35,-1
45970293.75847869,202.1592123943128,16:04:41,-1
11673498.66607416,106.2261951867936,16:03:22,-1
28713172.86540452,2.1416117969317927,15:25:49,-1
26127116.560772467,223.79164167943105,15:44:37,-1
69669636.57280861,337.5234330499899,15:58:20,-1
61606169.39357963,264.1787809375753,16:19:13,-1
82746820.90485694,250.80950760654304,15:29:17,-1
60273149.0772955,171.4654794991318,16:17:37,-1
26763966.810200065,325.2272333546681,16:21:42,-1
3267731.58603292,250.5693577443173,16:24:06,-1
24488511.439110577,287.6106302432894,15:47:20,-1
34958703.963556975,160.62245179284014,16:24:51,-1
72419832.75086184,212.0924804051604,16:11:22,-1
33342256.84410533,170.57539142754482,15:50:28,-1
52685972.6395053,185.2370314678709,15:42:42,-1
35613021.76813648,105.70337327682756,16:11:43,-1
46910445.66825673,190.77968320470475,15:54:49,-1
50323317.616162896,160.21143061630636,15:48:43,-1
71069173.70547023,201.89973563188911,15:59:11,-1
3710698.435937344,190.0325783185653,16:17:00,-1
51210118.19421933,60.44002745367964,15:55:30,-1
47899985.69077048,277.7132992338801,16:07:59,-1
44177923.8242298,340.3493646349827,16:23:20,-1
22572760.77428254,167.0660701459743,16:14:43,-1
19672757.41548525,168.72523608443475,15:27:51,-1
77983543.59412067,5.990363799718463,15:53:27,-1
62992143.36344361,194.79213222688023,16:12:10,-1
13357670.504592445,69.82145865954932,16:09:40,-1
25794657.39004854,284.3751913416026,15:42:41,-1
52948995.24504759,239.1859861194078,15:34:09,-1
15034185.488200609,51.578396040713,16:18:34,-1
7192305.898912947,13.654452606932894,15:56:03,-1
1895486.5566532912,78.02298286556596,16:21:00,-1
23878947.06011685,41.75829960832053,15:43:53,-1
85507076.05066872,87.00404393953501,15:53:21,-1
63392525.98056406,92.46629300371818,15:38:30,-1
65237738.04505464,190.4700330075252,16:17:19,-1
51730386.848365925,306.55521901264626,15:47:54,-1
39811338.485409565,319.03264209855763,16:22:16,-1
24825428.981149435,44.651892241139365,15:52:30,-1
67367431.51540135,233.91262942561136,16:12:49,-1
84684668.76978411,272.94690594155315,15:43:25,-1
88472737.17926067,339.8986584144835,16:12:40,-1
35627703.30835348,339.67349636259365,16:14:51,-1
14249270.693403663,287.8387715584489,15:37:47,-1
78158827.00930578,196.7699172407344,15:53:43,-1
3598007.3092882647,332.4488111440657,16:05:06,-1
17757053.764833353,38.3031372529481,15:29:09,-1
65517620.677969486,283.0638637721578,15:33:55,-1
17226214.294439603,345.1789078236789,15:33:51,-1
88904149.00397134,220.88359690135923,15:37:31,-1
22714934.19309958,97.0398328375934,16:15:59,-1
64352209.68217064,334.5778774647389,15:27:16,-1
9486247.818091411,222.5845089734935,15:39:09,-1
60192789.69486017,147.65523892238386,16:12:51,-1
85031404.57829633,113.8715712024996,16:05:28,-1
29653412.79454428,313.7617084472052,16:06:38,-1
56223022.66079351,332.0187862444323,15:52:00,-1
22145566.227338903,74.80951331101609,15:37:40,-1
78392687.15761515,235.6840071539332,15:38:33,-1
68565180.4190979,288.23760183466493,16:05:32,-1
45857903.43094646,83.89477289157622,15:36:41,-1
67756625.78030571,329.89509988251274,15:44:54,-1
67024647.03449784,46.85974534152321,16:12:08,-1
55886504.891582966,192.34777397187597,15:45:18,-1
51463201.60995796,193.6747690645861,16:20:32,-1
10306166.132138466,350.6306015758217,15:37:23,-1
4561382.650911028,85.3391555840239,15:57:41,-1
42814517.79944976,280.3017279780047,16:08:00,-1
15200788.846553566,83.32649270423902,16:00:40,-1
36521814.99087277,318.04182328675097,16:00:21,-1
39293777.72984853,195.6247619542321,15:50:21,-1
50103752.26264847,146.4309772796749,15:37:22,-1
78571770.81668194,141.2671989890058,15:55:11,-1
34247023.98352423,137.2371706056433,16:00:40,-1
76155459.01298834,27.8713649899233,15:46:02,-1
68319116.6906288,13.858785312765356,15:59:32,-1
43742851.95466886,84.5196116599657,16:21:06,-1
64277019.59651066,324.07268180241647,15:30:58,-1
80740670.15328127,8.285144018888854,16:22:45,-1
65957391.3015035,285.8198404407327,16:03:17,-1
18009337.71144619,24.739638632088973,16:19:09,-1
64361896.55484844,58.71204485633192,16:21:18,-1
34284169.238244,20.05621255010365,16:16:02,-1
35706970.20174622,248.83390173001047,16:07:44,-1
16292540.61587938,75.67911803868289,15:51:31,-1
83778425.05735713,31.56063262826813,15:34:29,-1
32887822.974476077,172.79476997351534,15:38:07,-1
52705725.64351496,133.9989886335403,15:44:56,-1
35907488.89971413,9.95111604416628,16:07:15,-1
80521571.63878688,233.7216124033836,15:26:42,-1
16703952.44595045,320.4040647836869,16:02:39,-1
14755835.307993086,125.92708700502534,15:59:53,-1
67111638.12440333,238.24587880055392,15:35:49,-1
50186590.62844373,156.77703255872885,15:40:32,-1
57096371.57383116,216.258205230432,15:58:02,-1
55478879.57896037,247.2819819340951,16:05:42,-1
18343562.68417308,183.9077399039365,16:17:21,-1
83642859.05125558,288.65890458591844,15:37:54,-1
21289992.559727825,0.5306069705077299,15:29:38,-1
36019370.68054102,195.7074771855615,15:40:26,-1
18289094.67571881,348.073959799853,16:08:13,-1
24354463.36413576,205.04379524040328,16:00:23,-1
13242602.492401948,82.0274571160419,16:22:14,-1
55551203.2827077,277.3939597805169,16:22:56,-1
16307044.682204315,239.97231717669428,16:17:50,-1
69464696.41997981,355.3864197125154,16:09:23,-1
27352433.431609675,333.7409899770917,16:09:51,-1
85987961.70427068,254.3566873728635,15:47:52,-1
84810457.83560681,85.95349857027277,15:41:17,-1
35077798.4068005,316.6443091042732,15:33:30,-1
36381631.69026412,63.11862686388131,16:19:48,-1
82347274.6545145,226.28975868076785,16:10:43,-1
23727119.9450151,252.022368746204,15:32:01,-1
1145200.2881197485,355.77382260384354,15:31:25,-1
88071852.10811792,179.44742510339825,15:45:22,-1
73385395.95956498,173.4697582664746,16:05:32,-1
34030360.76666748,344.23858475665446,16:03:17,-1
38768615.07365833,9.3988101963836,16:00:04,-1
60683546.21802491,352.04194699215657,15:50:11,-1
1361223.6983854405,349.783902655892,15:26:12,-1
50305007.585369535,180.84962552728925,16:16:50,-1
88936294.7679836,333.05455109798964,15:46:28,-1
15490258.86404502,71.88088171169278,16:11:18,-1
28674218.508183528,115.57762802740304,15:53:24,-1
78180754.99778295,348.02949764532576,16:12:50,-1
79763381.73791817,180.253144160726,16:22:29,-1
7594784.808976463,197.12213248575043,16:13:51,-1
8563943.145352257,62.86778633832172,16:07:53,-1
7061815.90549826,339.8730564079149,15:49:33,-1
23089769.06329078,49.31600893111634,15:36:35,-1
47260466.469606005,34.59006559128176,15:37:15,-1
73422892.8557097,120.1486689589554,16:04:35,-1
46944101.55843846,122.96022356779278,15:40:41,-1
9882888.702959368,317.69206785640347,16:00:00,-1
85733990.56859237,302.65026764493314,15:34:43,-1
3036372.7900723624,269.9001885654748,16:12:40,-1
65534045.03090156,3.172066379198135,15:33:30,-1
87969225.57161331,188.03579837962516,15:42:43,-1
39136912.683444045,130.8738992749268,16:02:01,-1
37504224.46091555,45.02340414116345,16:17:28,-1
23493196.521827992,286.11454539776673,15:49:12,-1
5015848.875028273,18.707282801117376,15:55:21,-1
60169861.64947381,283.6712896842852,15:53:54,-1
50861611.20220481,172.2497031235009,15:49:13,-1
42979319.26809741,235.61613352420065,15:39:38,-1
71919494.80679485,20.57011118304084,15:36:13,-1
23590970.163455542,223.91450276077435,15:52:54,-1
73222484.68845084,223.46612362816455,15:36:59,-1
77456797.44862065,144.27342864649054,15:58:51,-1
20497698.390194826,58.86578226379537,16:22:44,-1
59742637.77894636,248.4035415270352,15:30:14,-1
43504614.69391065,107.78251086334082,16:02:34,-1
73253234.39580245,191.9864462462951,15:40:04,-1
24702394.684718244,353.6995351383723,16:19:20,-1
67097066.41461696,339.34619987939084,15:35:16,-1
77548916.56903969,94.45588863787684,16:22:00,-1
8937075.718404146,169.37131083271694,15:30:46,-1
52508150.6523376,91.3121523216458,15:54:40,-1
47138125.36330444,330.73469119798784,16:13:28,-1
33862220.4635922,47.249936104602256,15:43:02,-1
6223328.675134138,27.491624439509344,16:02:46,-1
42194825.76788895,151.1350425402535,16:13:42,-1
36916288.19657379,85.73889526916278,16:23:58,-1
67911464.60054474,55.66013338839618,15:45:01,-1
19548534.83386359,359.5358641648076,15:50:12,-1
7049090.784309611,148.66419287072566,15:57:47,-1
31988216.6611192,194.62101929826665,15:41:22,-1
5462236.070393542,159.61272217173635,15:37:37,-1
57160343.927088894,98.92212561909464,15:33:20,-1
82975749.37468377,333.82738134599697,16:14:11,-1
18532419.194839984,169.6017006996554,16:08:50,-1
71908423.36507483,214.5330055925273,15:48:43,-1
60697825.702059455,24.493430978274656,15:43:57,-1
68813428.87846906,199.60354281837053,16:01:40,-1
82529104.41225429,121.39846007501204,15:37:15,-1
60920139.66145297,333.60825896618684,15:37:58,-1
72003440.64188984,357.51276862738456,15:31:44,-1
57508810.50007827,260.93434733168635,15:32:32,-1
23615890.316430487,119.93870118578536,15:57:41,-1
23254417.93787707,263.3265444494403,15:54:23,-1
85042072.17730978,222.12111903648065,15:30:16,-1
25444407.817553792,178.8311770841436,16:14:20,-1
50451230.3258394,285.1927952077084,15:45:55,-1
85476027.30850838,205.9697337245566,15:34:59,-1
82277240.21315995,231.71966957364967,15:42:59,-1
839958.4937270293,142.75005401677913,15:33:19,-1
72535360.24612612,343.95233783196085,15:29:54,-1
61199400.510034576,36.25898355226808,15:56:47,-1
33399736.92276283,251.836965517116,16:24:14,-1
30291764.03971429,34.93491101327682,16:11:37,-1
35445156.2835133,135.6252699682788,15:41:27,-1
72533796.38686608,94.88161983513642,15:47:07,-1
73512418.46280345,152.64555796321943,15:42:10,-1
80904708.47862287,81.247052796981,15:29:08,-1
32142357.267533954,314.33043951685585,15:49:26,-1
73544243.19785677,31.93456630611098,16:10:15,-1
63928752.755583,336.1626011592926,15:44:37,-1
87213452.37979792,289.42316786861454,15:25:53,-1
86662903.24992564,279.9265768726204,16:06:50,-1
20516264.459272936,296.91082966365656,16:03:40,-1
13938712.26579039,287.9619488012851,15:56:46,-1
82250513.01431847,274.9317828246429,15:52:08,-1
79431636.55269167,267.84295926201594,16:09:13,-1
87370920.85566668,148.32087438930458,15:42:14,-1
35283839.508376345,43.125502448130405,15:55:00,-1
34523193.11299967,214.3545527402509,15:56:07,-1
72754401.2273885,218.8904213751863,15:57:34,-1
87681140.11677149,64.98118008136483,15:35:50,-1
51271413.58865855,286.75248574275287,15:27:49,-1
43485035.55099365,166.52587126104146,15:43:28,-1
74264204.21817283,274.78982553341143,15:43:39,-1
55526396.89653426,268.038316119284,16:14:41,-1
31394027.9598255,299.89834121563285,16:20:02,-1
84651853.63133934,301.5585422114452,16:03:55,-1
42035224.5527816,210.10726595961185,15:58:13,-1
65919452.095335394,47.57072450670261,15:54:33,-1
11493798.420825696,125.20610833765204,16:18:03,-1
19703595.18635765,324.24952991069307,15:49:25,-1
6618535.734731434,120.28974942764916,16:22:17,-1
54383995.07161603,325.2121838566697,16:04:18,-1
56952861.251434326,192.5868650426882,16:02:27,-1
67891745.98049676,177.7995447723214,16:21:05,-1
39382790.8727446,109.37145796627722,15:46:50,-1
51092625.44437401,341.6986027844691,16:19:34,-1
27859296.297353365,63.65261560482065,15:37:09,-1
7835079.937851214,175.03492345637494,15:50:00,-1
82125523.22199258,44.40447519747031,15:52:16,-1
16502898.269379277,310.0978050507848,15:54:32,-1
69599119.51589163,123.9887919743023,16:09:26,-1
47035397.22603346,203.82291967633464,16:21:02,-1
24785441.958619595,312.3030325503281,15:28:11,-1
46571064.27602814,98.34158733122678,16:08:03,-1
34194110.61734274,154.0945975139382,15:53:50,-1
87922669.88571543,166.75320736859064,16:22:42,-1
89928685.0831562,92.76970267913076,16:12:59,-1
74301619.89202254,21.78025781703528,15:41:26,-1
79437453.4435047,161.61218021707913,15:31:34,-1
8985749.022582803,0.4638934088507351,16:10:41,-1
43058823.42928415,181.3740213659769,15:31:30,-1
65649657.66699494,153.92924551221503,16:07:21,-1
8078456.88056252,280.0721784174975,15:46:10,-1
87425061.57600583,122.47451118126484,15:56:05,-1
73324194.91230552,75.22487684685817,15:32:32,-1
17372590.45488766,315.9431273924561,15:37:20,-1
14347161.321354937,286.3976890759021,15:27:50,-1
85049159.88985312,14.69301993456741,15:25:42,-1
22634229.18591717,9.766673386831965,16:11:54,-1
74596278.52283482,162.02363773290298,15:52:16,-1
59708372.12037152,306.8010693351315,15:37:17,-1
72774609.3707272,75.52554430671728,15:49:25,-1
41054298.05274134,282.075694083727,15:34:55,-1
61638949.40831499,326.5542161531129,15:35:04,-1
82959841.94875427,159.162656598585,15:53:29,-1
12307197.859224154,185.44819593304703,15:31:51,-1
18299578.223621093,222.01323987245425,16:05:52,-1
20578535.83901852,45.63123086448159,16:10:34,-1
67662773.30159782,306.3158608141019,15:58:24,-1
34979248.89507244,316.3915214466508,16:24:38,-1
12296599.667277422,265.6177342845454,15:57:14,-1
18519999.81759367,192.18518415924277,15:32:17,-1
74726368.79361075,307.38149543887056,15:37:40,-1
42498146.94575778,140.50773408170116,15:29:42,-1
72076077.2234425,49.249474352319126,16:03:54,-1
82538907.51036917,23.819425118018355,16:21:33,-1
8360870.640732614,29.196993047706407,15:31:28,-1
40242943.00918186,353.3181534256375,16:25:20,-1
69048525.39282231,243.2102589757564,15:26:50,-1
36372593.32886696,169.01898349505535,15:59:42,-1
53186687.46703719,109.15970455160716,16:21:29,-1
84524396.47520855,42.47205340042738,15:42:56,-1
18240798.3562953,316.65340036969394,16:05:50,-1
56035526.916863285,286.1444623087706,15:50:39,-1
56126910.72615785,98.91420351203304,15:28:52,-1
23708277.64658985,325.94126029566456,15:28:54,-1
28192738.40630624,103.02076108762988,15:59:49,-1
87913558.12898618,290.90874478357364,15:50:52,-1
8645454.990554418,318.85985013191026,15:35:10,-1
81968196.59736708,135.32999464482913,15:38:50,-1
45133688.91678357,6.322433866137067,16:13:21,-1
77801609.22333072,129.82099708623463,15:31:17,-1
56294691.40192099,2.2538876766480787,15:56:34,-1
61288032.87256697,111.1046147510014,15:25:31,-1
35713826.02380946,177.40154339558026,15:36:29,-1
81010993.11845954,54.06007304544789,16:08:00,-1
24762879.441210814,136.7016376384024,16:08:47,-1
16408616.551165726,112.9657780663068,16:23:39,-1
83096086.21223922,26.962847740344337,15:36:28,-1
64252929.39143965,312.91030141363035,15:52:14,-1
54222975.81609236,182.5112643119153,16:18:53,-1
53597936.54596471,315.2083916233352,15:58:58,-1
82214911.03003362,64.01046153223915,15:48:37,-1
55230856.1996097,10.0278145721179,15:38:07,-1
21445273.82867888,36.48000588276897,15:56:08,-1
26296734.402338285,21.282531613465064,15:54:32,-1
43691403.13475847,341.47919764732114,15:56:11,-1
11338663.82039067,149.81432189388303,16:00:45,-1
89905896.31600444,164.86169348696103,15:40:45,-1
52040774.05261203,291.43255812377726,15:27:27,-1
39790871.18631181,45.91654485485128,15:42:03,-1
40733419.183887765,242.91759961192452,15:46:44,-1
68349360.30583857,173.63320899385684,15:32:32,-1
46792629.06732631,136.01001281703037,15:28:52,-1
80120988.62676051,95.28866212955784,16:23:23,-1
83576095.17993322,290.1400131965458,15:46:41,-1
29994954.852652084,348.33299105050435,16:13:18,-1
19635699.502711937,157.22425003614003,15:47:26,-1
69805976.27374257,283.7868768693611,16:06:43,-1
46865800.62317824,39.53710931311058,16:12:32,-1
15752277.22681464,62.26077402134882,16:17:51,-1
65672279.07664458,51.41269205066753,15:48:59,-1
39703647.72572929,269.9129866190322,16:01:39,-1
54359716.33768974,132.3398722114767,15:42:50,-1
8484715.548539395,9.01777419176134,15:26:16,-1
1636582.0482621114,228.0717611432291,15:38:06,-1
44685056.429365,5.952272529132285,15:38:27,-1
67977237.47023833,284.4619569881882,15:42:12,-1
73592366.21402289,332.96234569234406,15:35:35,-1
74549065.42530736,170.4226098266681,16:09:54,-1
13599374.28486489,323.532026284488,15:51:06,-1
16911934.54800148,159.60351250021668,15:46:01,-1
74544456.74892886,199.7892650037343,16:23:22,-1
82065615.82319355,36.81074868264351,16:18:43,-1
75719187.16116653,293.9781959872625,16:13:40,-1
12527545.92658225,74.70611265104262,15:55:46,-1
14144756.205751402,244.52229982993208,15:57:14,-1
69943693.25655538,223.77447120146604,15:35:30,-1
83467065.66641633,40.49259764692283,15:48:47,-1
73812582.0364373,290.8258665942768,16:16:03,-1
34992592.52736712,202.0018940273066,15:56:40,-1
29419018.551304054,352.5104992269913,15:30:29,-1
75430997.83297308,43.50219951716009,15:30:08,-1
79789355.14543687,131.61970780685516,16:23:28,-1
87190111.94729768,254.9166313126636,16:11:41,-1
48614261.68861999,53.29205244601206,16:02:31,-1
50074673.08176183,336.4662249112481,16:14:25,-1
23039880.92123819,106.69524856496176,16:16:52,-1
27614738.63802335,157.5390232483914,16:07:52,-1
42459486.690343685,349.61493259601207,15:35:49,-1
43581926.49692024,140.408729204474,15:47:51,-1
77713951.20923646,124.06285553410272,15:53:07,-1
37819339.08629377,247.40343215393167,16:17:00,-1
75227934.07510254,289.7129153623663,16:25:10,-1
69170573.47810109,329.4762642510344,15:27:10,-1
54988626.140827484,90.96721853446826,16:13:31,-1
58421189.3203915,294.37921669651394,15:47:35,-1
68382784.37759858,27.09551261989118,15:49:09,-1
36635879.92530861,94.86079929743198,15:42:44,-1
30100114.872941203,295.9670939983781,16:13:39,-1
47530782.86672727,292.9680110226259,16:00:54,-1
46500240.6074215,56.97969099905895,15:49:36,-1
65084519.67577689,214.22770151345853,15:46:45,-1
61493327.75493655,123.44869698842908,15:51:43,-1
52390791.02826703,221.7832951621554,15:49:00,-1
61143540.68666761,143.3845946802593,15:36:26,-1
21199725.11663464,346.1248717485128,15:59:30,-1
30192875.916361928,156.61080545277068,15:27:51,-1
53788295.09226416,70.53605279012027,16:20:49,-1
56242457.77565611,144.75722098017013,15:26:30,-1
25224858.707908288,224.3170310753285,15:55:07,-1
78827827.37517664,197.1555290972971,15:43:15,-1
55817705.444762886,232.24951486715025,16:04:49,-1
13769784.853992764,195.54371540347364,16:07:19,-1
5460503.43068737,131.11399716912578,15:49:15,-1
48037050.11533243,347.1530624750213,16:14:20,-1
43557846.73924156,67.03569716845803,15:51:19,-1
27725215.491935827,216.0502578344022,16:15:54,-1
43584372.02484786,20.16915176204513,16:12:54,-1
89660572.92123528,327.2645931101338,15:25:47,-1
55544381.68642648,118.02154964737475,15:50:53,-1
44015352.96655707,144.6557169099587,16:09:15,-1
70922532.1659015,80.72015215564288,15:38:30,-1
87709037.43192123,273.75468746389345,15:25:46,-1
27576068.610853497,81.57742697447168,15:37:23,-1
54140813.67249134,34.6471072503068,15:29:49,-1
46686089.96159864,127.94274460048013,15:31:29,-1
72034206.92372513,167.04943643317628,15:55:17,-1
25733004.07191226,132.75297566637883,16:09:38,-1
31947935.67041733,330.01292738825407,16:08:36,-1
61533711.74308671,61.368978824491535,16:11:19,-1
55632082.57466026,260.5786846708799,16:01:15,-1
64835351.047617815,62.77138925558236,16:00:34,-1
47440437.38857129,24.562115127460405,16:08:19,-1
43175589.20242938,93.65726405241976,15:29:49,-1
44091856.598747656,120.6415073682701,15:30:10,-1
10807088.205097038,333.0796875316711,16:00:51,-1
3081330.133427515,6.507651133015808,16:00:25,-1
22724989.37795001,107.13440771749322,16:19:18,-1
73427834.86141121,18.35895499765964,16:11:08,-1
43578763.70804633,271.91250980314857,15:42:51,-1
59156077.01427654,58.51878451081894,15:38:48,-1
72473385.45286319,310.4373208078697,16:02:59,-1
62734739.43329261,4.724457769331054,15:30:57,-1
8991404.899501499,117.6471632734111,15:36:26,-1
79621691.68428068,101.30324507153398,15:47:16,-1
67272545.94246298,188.5797816144382,15:58:10,-1
72520004.3994279,190.71649422825695,16:14:16,-1
25773745.130200997,66.32355957586321,16:12:45,-1
23188514.01034313,10.182890618000906,15:46:07,-1
5798496.810462802,113.91898675891868,16:11:27,-1
37275533.288316645,287.66172545805904,15:48:06,-1
34064641.99791926,218.3055540975944,16:14:17,-1
4304451.465740722,331.40867042089127,16:16:16,-1
30997794.65608634,183.4795953481284,15:37:11,-1
43788307.96103647,2.2310367634713746,15:52:45,-1
62536127.35815353,91.72936136122225,15:39:36,-1
65923089.89693266,121.10404429033484,16:01:28,-1
83024662.49610859,255.7812413031794,16:08:45,-1
2887030.4240647084,174.82322365901,15:52:37,-1
73490790.94152102,312.67305221830804,15:37:27,-1
80211961.7097861,354.52604942506724,15:38:33,-1
10762727.81585254,21.70693489526876,15:41:53,-1
83027467.0435454,245.8553559887265,16:08:55,-1
50619238.897557296,300.0712738748605,15:58:37,-1
40615243.41513392,136.86807723337154,15:39:27,-1
22752046.227091268,277.9046318156307,16:17:47,-1
40408700.02991571,35.56092171337265,15:48:08,-1
55024153.81209547,354.27470211462406,15:40:03,-1
57233927.14055598,324.09470556092947,15:40:22,-1
62046836.844644286,230.4289636062695,15:34:26,-1
66734772.77098614,209.1471596729073,16:20:47,-1
37811989.32885728,34.389055525645674,16:24:52,-1
66647793.33229799,203.2144123173767,15:56:23,-1
83811164.50403853,256.34622503574394,15:47:28,-1
50861242.949123256,41.24540109518061,15:39:02,-1
58356802.03597243,163.59888953546226,15:40:49,-1
21821139.513934467,344.132897813903,16:05:28,-1
22741497.151261788,319.735603637476,16:16:30,-1
290345.32004806626,294.32429135985416,15:55:55,-1
66962239.30611167,283.76691713218463,15:30:45,-1
78942901.17651321,308.4961654832149,16:15:12,-1
31101208.310304765,245.2217129511368,15:30:56,-1
48783191.55973695,164.450358001044,15:51:24,-1
64795901.23309582,119.71924623527558,16:18:35,-1
52034146.27962232,303.53525328377043,15:30:38,-1
86116679.2299527,124.19686904040503,15:40:58,-1
446448.2025335261,130.61989951087733,16:14:35,-1
33810932.9085852,345.5922866164538,16:02:45,-1
59067706.889752194,209.5723376556393,16:24:55,-1
85794888.10895224,79.04446897347259,15:35:25,-1
78619859.87625466,29.670054480432697,15:51:17,-1
79203906.20598438,45.81504469116371,15:41:19,-1
36448321.67937095,32.312261796543574,15:53:44,-1
710597.0099250115,268.1383860158079,16:02:38,-1
74971536.38560936,95.86999955869226,16:08:58,-1
33140704.89110784,318.8713472884157,16:01:32,-1
54325606.04989803,66.5955202290659,16:07:49,-1
2131921.342139988,221.43219061849376,15:30:50,-1
22924068.108221583,46.1190154406445,16:20:17,-1
58171471.21142245,33.248354575935565,15:28:42,-1
54726838.70330428,36.1505627931985,16:14:08,-1
70224464.8738286,104.27441481562248,15:42:20,-1
21107903.423033908,95.6752408727226,16:13:21,-1
74074061.0484358,319.4052065779184,15:39:37,-1
65485008.25798789,141.81510084624423,15:26:30,-1
22150276.50289172,132.50727168825208,16:01:40,-1
36632725.41444668,231.2954968610917,16:16:16,-1
47860030.57042515,187.0809877897354,16:11:02,-1
5008572.333470469,336.95030474171364,15:34:31,-1
58662103.30158116,86.12352436741331,16:19:53,-1
28101312.86657483,115.39193947495606,15:28:34,-1
74778682.79246464,142.50255984730498,15:47:53,-1
89283805.32860464,303.4763749890341,15:38:37,-1
74656952.67923455,314.3208575056955,15:48:20,-1
48939267.68337901,250.90805207553024,16:10:04,-1
63523619.31933575,265.39946230237143,16:23:24,-1
82100673.25962764,212.62461124031483,15:59:23,-1
64710080.006395936,293.593389643032,15:29:29,-1
79662200.26430261,181.2340808506604,16:02:44,-1
1381229.4102559548,185.2682236549037,16:12:28,-1
21837508.165704034,92.51537673520468,16:21:36,-1
50621699.19134564,5.207305513764147,15:45:58,-1
698093.6297851491,89.34827949030014,16:09:47,-1
75958725.03421831,311.7199445729143,15:39:16,-1
81848316.95461938,202.4765419795868,16:01:06,-1
51413113.02479696,204.81474630921807,16:18:35,-1
59032368.11353918,152.34429024725398,16:24:08,-1
26925167.95108433,155.44348092163693,16:06:32,-1
71733450.92388886,134.53229477696337,15:32:34,-1
15322419.500111772,189.7224261112347,15:44:36,-1
37896995.507449135,118.38451986584492,16:02:57,-1
52467988.61887141,119.48311357137884,16:22:52,-1
87829956.26882403,182.73216709080532,16:13:59,-1
31897085.063068766,268.8990010352954,16:19:30,-1
60810266.18385835,18.5004680800887,15:59:25,-1
14563054.84643928,87.42661125390454,15:35:33,-1
62300211.138252586,333.01662319564906,15:56:18,-1
25664482.0815656,86.91793323572372,16:13:34,-1
26542895.858685724,115.3733749985867,15:41:14,-1
15378425.952543156,209.78480726707687,15:59:31,-1
54329228.43324855,6.582087874896794,16:23:43,-1
81087108.73025444,357.9428929600252,16:09:54,-1
31152726.014124487,89.15038433591393,15:26:56,-1
52264422.86178706,188.2353862173628,15:57:20,-1
78906329.91332138,327.2149373470781,16:21:58,-1
25984239.834646508,256.72573320716225,16:18:06,-1
15821036.975047912,7.173740674421545,16:24:35,-1
86145414.27398363,120.9527465993028,15:59:34,-1
44311751.93055652,33.79616814867801,15:58:15,-1
40807523.52026133,21.528894677659824,16:15:45,-1
26097715.28659192,78.01951192457054,15:56:19,-1
19665731.89115358,327.4848874366357,15:30:05,-1
4396057.305848513,351.001342211099,16:01:35,-1
81985144.63662392,132.2443275116389,15:52:27,-1
47866333.34706816,216.9718744271499,15:58:37,-1
31672702.77941512,203.32529811900312,16:07:05,-1
68056119.09247157,65.01635630315478,15:58:36,-1
53656434.84246114,150.38192405906636,15:49:45,-1
67495540.74860378,158.28499962782308,15:45:57,-1
87368366.5939354,233.6257988288405,15:33:53,-1
29186114.59747032,95.62195394631892,16:21:37,-1
86279225.916306,214.1814989907364,15:51:06,-1
5462555.407927508,260.18921962214506,16:23:10,-1
217817.97770876225,323.26473977883774,16:17:32,-1
6180454.866442986,67.64238374011566,15:41:24,-1
59442651.66568976,281.70076031223323,15:50:13,-1
66577944.377060734,215.304078142394,16:08:10,-1
26842722.44860968,292.9716511631269,16:17:12,-1
16768667.036942484,140.1011803867716,16:09:33,-1
54478891.77659705,329.79388590378335,15:39:32,-1
47879248.41148954,6.465413366017443,15:29:56,-1
82816542.57281975,78.89840629978087,16:16:14,-1
59830152.68261517,43.52230945230617,16:13:21,-1
35157401.455762,332.2105028160285,15:49:21,-1
31184037.94367488,282.1203191088159,15:50:22,-1
59212799.29531407,132.04104088109443,15:55:12,-1
82315282.95662427,324.06458193639423,15:41:28,-1
1023861.3499584368,153.5208218626187,15:36:48,-1
51131246.12313565,201.46102978748087,16:03:06,-1
69969964.87738396,238.99172142406687,15:51:42,-1
67324726.85797137,211.68608791463012,15:42:18,-1
68599672.5218188,240.6097693551498,15:33:21,-1
10709675.803253751,27.282533893537053,15:30:00,-1
12558142.06905975,174.40724955732952,15:36:03,-1
46551502.82797601,330.02697426273187,15:39:54,-1
16603542.645041125,228.9789252981324,15:34:26,-1
12397370.258995296,71.7179228013294,16:17:14,-1
58787345.65944943,73.32101493832526,16:06:40,-1
57418425.014058016,346.41353582904463,15:33:49,-1
42182594.80110702,298.03461140050115,15:57:34,-1
1909553.5738814548,106.73639142484558,16:07:35,-1
63267089.81819999,20.161468193151997,16:05:42,-1
35730854.34707713,313.3546817643666,15:30:09,-1
53445668.51297552,223.18167929894977,15:36:16,-1
59305178.38344499,208.8663844644338,16:03:35,-1
38306884.9925278,154.92627768465823,16:01:56,-1
11407549.057565574,38.38579914869808,15:40:30,-1
16157900.732209709,152.87983653259408,16:22:17,-1
55729573.199105136,31.70521913861041,15:49:01,-1
4208950.861764413,158.42430830154424,16:17:29,-1
17409482.034667026,14.760157710273852,15:26:30,-1
68457478.86990476,189.92621432906645,16:21:44,-1
74408488.12851244,80.29825171474691,16:12:59,-1
53330362.75869656,157.32718071075806,16:23:58,-1
62300119.926519394,148.91642802299222,15:46:35,-1
24656626.59040246,204.03394966048097,15:41:46,-1
53953883.475934334,249.65145244205263,15:33:20,-1
42471612.434810445,292.6016211075215,15:30:23,-1
28673583.73583261,259.20434283455194,15:44:49,-1
73628881.565018,141.6262677775951,16:05:11,-1
81294110.9727091,254.9920684469121,15:34:35,-1
51664561.4006958,227.6899543237429,16:19:56,-1
20780589.197676346,315.85035160216194,16:06:31,-1
34549596.38976877,136.56880436274517,15:31:36,-1
14347518.24186008,18.001231399313372,15:26:47,-1
56554622.45106588,202.6764114239672,16:15:43,-1
74606488.83733189,228.5156994821171,15:30:57,-1
18569048.74518776,253.0614633341079,15:52:20,-1
85340006.08011809,188.9137972498553,16:23:15,-1
28533417.344888613,84.5176683261645,15:47:28,-1
48712053.3291464,129.9448152194231,16:15:01,-1
27232260.78690829,109.08200029611588,16:19:12,-1
74795681.46661998,123.2108910377172,15:40:36,-1
64327943.06370362,257.29005994233574,16:04:57,-1
34625166.33461924,22.900994852800643,15:26:35,-1
23460740.317835998,215.0953497607406,16:23:49,-1
44499683.05249393,98.28290364059887,16:15:21,-1
11905634.545922212,214.1845726513288,15:40:04,-1
87407419.2138638,208.52584336946865,16:05:07,-1
60410396.01519963,214.46514965094056,16:20:37,-1
4540586.810094738,346.2343471744742,15:26:54,-1
89688370.19653133,269.12793096956995,15:26:53,-1
66620313.6489164,291.52348912135625,15:47:15,-1
85875744.84800184,239.7246517017508,15:40:33,-1
84768467.85787186,221.46594255463845,15:27:55,-1
89586850.02234401,141.8097302472645,15:29:14,-1
6303672.987255358,75.37363228024087,16:12:49,-1
10274973.596252808,16.736824944407395,16:13:06,-1
42344815.9054163,110.35950782980716,16:04:39,-1
47398610.15390806,100.0702186440558,16:22:20,-1
32617365.60296834,180.30313898539623,15:56:09,-1
12930349.166987844,265.152366184588,16:05:19,-1
66620580.67298352,259.6829728080396,15:51:35,-1
14764244.917330625,333.6791938262935,16:07:02,-1
76802848.7255566,129.23340242168905,15:33:45,-1
21420037.418532822,155.9665231545904,16:06:15,-1
58602816.82363828,10.828219031353846,15:47:15,-1
29200992.954305667,153.32560516284423,16:13:49,-1
26869326.77268984,100.83238343806023,15:54:29,-1
6290256.382491159,106.41837152969732,16:01:41,-1
48012231.504762,273.3368829123164,15:37:19,-1
58255292.55060401,162.81338219893797,16:00:12,-1
16836408.06653314,126.53939351589892,16:06:42,-1
59810417.11132983,27.950918949135,16:11:52,-1
57285347.98851945,288.4876960104209,16:22:35,-1
14635873.278366104,31.4851750109514,16:22:02,-1
25564999.05605812,235.4951088468029,15:58:05,-1
87353969.98481566,176.02606563669505,15:47:57,-1
22547281.643863924,51.28106991751612,16:16:00,-1
50745338.62014851,144.1724960273742,16:15:44,-1
42582308.21723434,129.3346463604902,15:35:40,-1
64549187.974869885,37.02844665193937,16:00:48,-1
23420114.45261779,258.5370045327347,16:16:29,-1
17759437.894712,3.310102137435451,16:08:32,-1
44834947.05775795,12.206296248206916,15:46:44,-1
56906351.08117758,283.62987840155216,16:22:04,-1
81589288.98031719,102.00499570593516,16:02:06,-1
60051862.96453685,275.4860152902364,16:16:04,-1
70002072.9268312,97.29654880471216,15:58:22,-1
64813534.66910366,302.47970401550526,15:27:55,-1
30484858.64224134,355.80775342854514,16:25:13,-1
50276963.77139211,240.99787772100592,15:48:21,-1
57966765.995063625,303.0768888327931,16:20:49,-1
68221569.85598513,313.97893819695315,15:38:41,-1
69788639.96792406,77.66479122419884,16:14:29,-1
19188586.15057498,84.80054548100719,15:34:51,-1
60834814.91850321,241.61415400186797,16:14:48,-1
34835461.20777349,104.12033881824908,15:52:18,-1
11021166.074965969,37.03850721779197,15:46:13,-1
9948187.344456265,323.1530097180692,15:50:50,-1
79803053.58335216,248.02364015376563,15:46:17,-1
73533422.44249529,118.05400490745076,16:04:17,-1
77825339.85974528,83.67076017057462,15:41:52,-1
55837502.2686996,309.6503514297517,16:17:35,-1
26898384.234244924,226.83094689958105,16:11:40,-1
27679882.5073536,239.06375007651195,15:54:52,-1
59337739.27826363,120.20977620414442,15:43:56,-1
57144970.62801445,144.20592384891427,15:33:51,-1
35898472.93990212,29.187861682524016,15:36:53,-1
32294665.991148,77.52707826865934,15:57:38,-1
33387486.346198466,321.6298993640923,16:23:43,-1
33175849.306729637,300.96317985327784,16:11:55,-1
13274344.266452596,202.44782991075712,16:00:16,-1
19097020.709702957,149.25355721986932,15:26:15,-1
56163889.44392952,77.5401844091638,15:55:19,-1
74868557.48058076,131.59231496662025,15:49:27,-1
22376581.97220394,188.43871391189796,15:51:39,-1
68061010.88248712,300.80210469206133,15:35:33,-1
30494991.155117523,245.8871567720817,15:30:49,-1
71170326.62891158,93.12947010001513,16:18:16,-1
46730376.20779436,27.15923600899641,16:02:06,-1
41956269.35305838,20.628432582025887,15:58:42,-1
49472869.34646721,280.2756770270713,16:13:39,-1
58984198.36156902,244.3250578486841,15:47:38,-1
19408766.24446466,343.58249205456247,16:09:59,-1
7059577.687213087,158.0969390598059,16:06:11,-1
28356402.567686785,140.21757570977303,15:42:36,-1
78683817.60175784,210.2189779899578,15:38:31,-1
46784917.10713918,74.54772705560684,15:30:21,-1
34819535.83788801,91.60935755107592,16:05:42,-1
8283499.259453779,260.1655436447867,15:35:49,-1
43636109.23663042,263.1723136796258,15:44:02,-1
11019286.633593196,306.75679322617646,15:26:04,-1
31475246.30699788,340.482694230994,15:28:25,-1
38512296.42084277,304.9362138067736,15:36:39,-1
27976257.3644909,165.2285560428288,15:59:23,-1
44767831.2553731,95.46628038436256,16:09:51,-1
16245656.96707032,188.2605154536596,15:40:52,-1
68196357.36926901,138.3495610243557,15:28:44,-1
73962122.32459873,5.101348393185425,15:31:05,-1
26689564.99003609,256.3911397289847,15:37:53,-1
14115748.068391856,155.08826387733734,16:11:09,-1
55360563.021266446,63.623492606701134,15:37:08,-1
4165279.725147224,159.57529288061892,15:32:59,-1
64156430.225597575,331.4682117844091,15:57:24,-1
34000052.7639505,279.1071986469772,15:50:39,-1
52327608.96932847,230.26738847050595,16:18:34,-1
76050109.32618317,244.9894618439083,16:00:25,-1
26144236.576330665,302.35745222125684,16:12:27,-1
25101291.781568315,231.29993344036316,16:11:26,-1
40518551.092708446,311.1577025369889,16:23:29,-1
37781713.99833542,191.9098585606244,16:13:31,-1
65699848.79712168,90.70644248365704,15:50:35,-1
66891975.242091686,165.1347194541867,16:19:14,-1
83098331.29784991,191.67726283271995,16:01:02,-1
59767390.93283999,192.86167931073277,15:36:24,-1
23134556.71267892,69.68139220796513,16:10:10,-1
75367291.56531098,62.13831002274624,16:18:15,-1
9381991.363420334,236.77607662691295,15:39:55,-1
15216196.683394756,131.21287817008613,16:01:34,-1
51791239.08130599,82.00781327914702,15:34:18,-1
40985526.00096698,113.31514525003814,15:27:35,-1
28684067.67467257,290.63569782382496,15:57:41,-1
62164148.72500032,267.812914913903,15:45:00,-1
4778954.298721812,221.84684194956063,16:20:46,-1
28059339.94012398,175.5003431067209,15:52:31,-1
14509501.185440084,237.119173308024,15:48:22,-1
41827354.41358759,92.5381681680333,16:11:40,-1
48640550.47955587,15.82515506061938,15:50:39,-1
69526229.50272536,203.54303165857348,16:24:18,-1
53723557.91512261,281.5949222251708,16:24:51,-1
10919228.876246616,190.720623708791,16:12:49,-1
55738651.86924646,259.3451286837268,15:34:38,-1
63591583.33950731,319.7585382800533,15:34:26,-1
50306626.455148265,16.179752814739423,16:19:18,-1
29761857.901239127,156.02140406744388,15:49:14,-1
62164462.20187154,112.6018734635246,16:23:58,-1
5549631.010186261,336.4363439014588,15:34:40,-1
8344219.998662853,305.27582581687227,15:27:25,-1
72041885.62369953,260.59127799005773,16:05:41,-1
31437110.981396947,257.55479945806616,16:22:43,-1
54801444.06638802,331.4991870226503,16:25:21,-1
68579841.36711144,118.48816064680037,15:47:09,-1
85130379.34952076,323.8305981032419,15:51:47,-1
75258355.85651617,214.25482349156763,16:14:38,-1
10339566.176398152,173.48046846365105,16:06:47,-1
56315582.611045495,283.1790183031415,15:57:21,-1
62751442.51396167,140.64266238392318,16:15:14,-1
81908584.30691545,12.036174780753624,15:57:26,-1
66024817.70552911,242.67492404580767,16:17:26,-1
10285405.709683318,151.44975105594708,16:15:06,-1
71324805.47169164,6.395640215575962,15:43:34,-1
79317317.62521921,277.4763514417363,16:23:33,-1
11054923.384241324,61.073935798995,15:52:06,-1
50983207.03408767,280.8848144360869,15:57:04,-1
35796220.67720261,6.239495649971212,16:05:50,-1
44104710.65350052,17.360945506182727,15:37:38,-1
25271396.34292435,143.24838060583045,16:15:19,-1
28798781.172726877,145.2989792485894,15:26:55,-1
22627363.677694906,91.93307561086816,15:27:26,-1
49801977.07569719,319.08747949503163,16:09:25,-1
89747437.08511737,302.8752368994745,15:48:45,-1
33721573.84422623,144.71992245486842,15:39:18,-1
57504398.13499493,291.1203365819643,15:48:08,-1
10961191.627509031,313.413289866184,15:43:24,-1
82226346.01292792,320.7311061921951,16:24:40,-1
24511398.12316456,26.53364952303584,16:15:01,-1
44376406.91527722,0.5794606972830385,15:59:00,-1
55781822.76120751,122.61800255336196,15:46:04,-1
11054963.568649547,255.48868340921692,16:13:31,-1
60491779.87600611,123.51333678387196,15:53:46,-1
35083294.455398425,185.18312510733372,16:24:11,-1
62753234.52931948,110.20632915717697,15:45:03,-1
7445907.125880182,197.4412272614616,16:02:09,-1
76163099.67958322,318.2278389346467,15:39:17,-1
9017137.22072528,153.80254144006497,16:06:43,-1
11338658.657461852,175.89001721774113,16:00:34,-1
19913207.789180804,79.13462662092643,15:46:55,-1
56779143.26084908,62.90801990341757,15:26:49,-1
30453784.82726721,17.26902746572104,15:36:01,-1
53355643.94988655,286.71280815343005,15:33:02,-1
56181096.64968686,302.54050143165097,15:32:15,-1
25131834.6640466,180.91040532901596,16:03:12,-1
3870103.1954727145,183.1789750507372,16:08:12,-1
2123660.5900064297,268.8230814081273,16:11:47,-1
43495910.46420031,319.6382290980624,16:16:01,-1
78406292.2493542,82.19066553664399,15:48:20,-1
65104326.3039859,101.4825443919402,15:59:16,-1
28318459.76398164,205.1819225915416,15:46:31,-1
57267497.8957917,114.1123048318414,15:41:48,-1
42100782.41018073,9.416099604765533,15:36:54,-1
89067290.27494788,106.56048096276956,16:19:14,-1
67063472.30642698,0.3977310260255962,16:25:17,-1
44957075.18078936,356.9308893625736,15:40:15,-1
36915220.31412788,91.90705246817724,15:49:28,-1
36826184.89929512,83.59272442261596,15:26:14,-1
71915511.57399246,145.3200699388893,16:08:44,-1
16967676.52070052,117.28797387143412,15:35:38,-1
71698678.90981552,40.37818275502421,15:45:10,-1
14691248.23383044,234.75605964281584,15:54:56,-1
52751201.19050431,29.855263402122056,16:02:14,-1
48891573.54987492,359.1832032320139,16:09:09,-1
57365761.18984056,297.6028554005458,15:44:46,-1
84643428.978398,302.1889962988217,15:33:05,-1
72447072.02363722,259.12150000138604,15:49:39,-1
23302715.275652494,138.83689692502716,16:13:48,-1
55921626.603264615,227.6906385970944,16:05:22,-1
8786267.834215447,179.58857954339098,16:05:13,-1
75707343.92618261,207.5394475153132,15:48:32,-1
13229688.578535048,50.80147678190847,15:26:41,-1
88953054.66279054,73.88838908247077,16:02:24,-1
57154597.345753886,211.4584312814584,15:57:09,-1
6265639.88157567,141.6672880698656,15:41:18,-1
33983253.44066251,147.7377715821851,15:50:16,-1
80513966.50684449,266.0287358107375,16:20:01,-1
10554843.612744374,350.455253672258,15:30:32,-1
27269039.13598873,357.28421578294774,15:50:37,-1
31276914.2091225,267.34907722940727,15:46:56,-1
83284484.79946823,64.27552410897835,15:45:11,-1
16407343.755452923,81.64596355312975,15:51:50,-1
17450428.742851436,216.54932272358155,15:49:32,-1
84577191.9776985,278.7409166756033,16:21:06,-1
27275200.762429945,227.4273906364311,16:17:48,-1
58401180.33965054,160.16813754623345,15:49:59,-1
46539324.58202023,105.10122541209772,15:30:10,-1
20123663.045345813,147.392567578264,15:47:38,-1
86749740.78160034,47.64567832599316,15:35:50,-1
49649938.3280848,86.46637610329314,16:17:07,-1
38413324.278532594,143.87040502743903,15:57:22,-1
25567382.85222503,130.85582546407932,16:21:25,-1
14833338.266088111,281.2956835298872,15:42:32,-1
79358900.3708102,200.91103264544472,15:48:19,-1
34286529.832424544,205.52670781760304,15:35:41,-1
66523378.61198815,345.8665187684195,16:03:11,-1
71235632.4378319,266.85971643909096,16:19:39,-1
9616049.785098951,353.76284709240747,15:33:51,-1
63548608.31401699,221.356968208807,15:50:31,-1
48594173.59972891,210.94081118348444,15:33:40,-1
17015639.620580897,139.191039937376,15:43:05,-1
12926039.133163473,201.3902656238736,15:54:59,-1
64528644.8044505,33.736161885971974,16:03:39,-1
56468112.75276493,322.09888332394434,15:42:02,-1
73512333.17220402,47.460209671105126,16:00:25,-1
12238510.46651188,301.1146893501098,16:10:08,-1
12792026.19602139,304.69931494267865,15:29:19,-1
77168871.870008,167.31443036046224,16:10:27,-1
72807575.06905921,317.25653149392457,16:13:05,-1
70401277.77439004,293.7824623969484,16:11:35,-1
37964362.171929896,47.83814432365539,16:01:50,-1
37452849.75422624,201.96210814106288,15:52:01,-1
73589284.1826251,286.24654813829466,16:25:00,-1
42620864.08570216,251.85599358208225,15:56:28,-1
8999329.008425212,264.8758831932621,16:08:30,-1
53848394.771236844,51.60107442914337,15:51:54,-1
9393669.40670909,188.18052689738568,16:02:23,-1
59913465.67139731,257.0779669767517,15:37:24,-1
51322607.526023164,173.49860174207942,15:26:06,-1
16463013.757096948,16.11450451297297,15:38:10,-1
26198496.41625356,116.57739571528664,16:07:45,-1
34535897.96797345,70.15040756209461,16:18:33,-1
18319149.17149194,228.2494498903652,15:33:38,-1
4960291.586686376,234.29441076660265,16:16:23,-1
49050717.83723298,162.4231356404146,16:12:47,-1
68396989.90565355,280.1264389214047,16:21:27,-1
89746320.81380333,9.405826898075835,15:56:16,-1
26398602.7534252,152.45399946964147,16:16:22,-1
5916646.38311027,204.7770193681668,16:17:26,-1
35030880.14690889,43.57027554800412,15:36:19,-1
41990424.041459896,313.9230452563476,16:03:11,-1
17542670.451537408,220.39716397640692,15:39:34,-1
42836790.21960114,184.0657278343392,15:51:59,-1
65597240.79191869,7.839044218828195,16:07:59,-1
13548389.495644132,129.4509926238538,15:41:38,-1
5408501.314402426,351.2961766980404,15:54:47,-1
10968667.725423846,40.68811192890803,15:39:30,-1
74362262.89378704,344.0699867708907,16:06:34,-1
74877378.25444512,139.6540008118727,15:37:20,-1
51424943.82656788,80.60668121090534,15:45:04,-1
35446240.936921984,246.3572421641801,15:40:47,-1
87528680.0001953,132.99764163649132,16:09:35,-1
67024883.96491966,287.93305789327394,16:15:38,-1
55061018.69676264,301.62542367531626,16:25:11,-1
87178755.969014,176.93429478923696,15:54:13,-1
89584012.97228557,67.28852639981663,16:18:57,-1
69645325.5116623,44.37436783082278,16:05:26,-1
47245142.05926078,53.35043351119301,15:35:48,-1
81323267.93769565,292.7865976544446,16:19:25,-1
33534743.513225097,156.48542576156095,15:45:41,-1
78003327.04966114,92.93814409334024,16:05:39,-1
51148117.560810015,158.75136644459775,15:36:24,-1
34971592.99179784,310.58526934414454,16:08:33,-1
70298410.91807635,247.9172564154736,15:41:42,-1
28294207.84075959,82.34667292922376,16:04:06,-1
4188418.208806485,41.79362970832693,16:17:10,-1
29465616.49502891,39.94501717086051,15:46:55,-1
68975687.32826596,207.37754246122347,16:17:36,-1
29516840.459310133,272.3561716660406,16:23:10,-1
60578316.528627954,74.0173531297538,15:37:51,-1
61649223.32912801,281.6496890334401,15:40:14,-1
33993732.867526695,310.2436491476072,15:48:29,-1
2647395.6542174043,262.69871030437014,15:55:04,-1
6640988.272783078,308.1354794753542,16:09:44,-1
35730762.243291534,330.41198440759075,15:54:15,-1
55209368.83694076,117.54181932226784,15:39:58,-1
8046542.90688381,8.98020110572463,16:05:20,-1
57827016.39667484,251.1883941117169,15:55:11,-1
71887525.98422603,92.30666564886954,15:30:39,-1
68511117.62808326,15.579520204344425,16:16:22,-1
85208278.28681827,143.49100027913207,15:47:21,-1
12349672.495487573,109.73095987702824,15:49:20,-1
76137125.78873233,48.699237131726825,15:28:59,-1
67878287.12901132,294.424311405363,16:18:25,-1
48153737.489277095,172.982843977503,16:07:45,-1
42926678.92119985,291.25042557528496,15:31:39,-1
69052459.1719239,91.88925788818536,16:05:26,-1
48829201.44729813,200.028319323433,15:48:04,-1
17837980.851671875,283.6937112347373,15:39:00,-1
34699389.332144134,48.6994837498129,15:53:09,-1
53925079.56712808,93.05313696752526,15:38:15,-1
807130.5814749709,291.65069855295985,15:45:38,-1
65839328.43488,255.24059746897507,15:56:11,-1
65855367.88420285,223.46481203035736,15:50:14,-1
58840542.88158019,278.873724766585,15:46:43,-1
26091507.86513587,320.6212553848209,16:19:06,-1
69298670.96339436,45.74443177668353,16:21:34,-1
83855513.3529427,145.9769126874082,16:03:48,-1
42074614.48233236,162.74121129425822,15:30:59,-1
68505700.10957007,15.480781428858991,16:20:04,-1
9800574.819754362,106.20467339235331,15:51:26,-1
37328663.70800006,193.0924571829196,15:54:24,-1
10552265.64353063,231.5108007388636,15:49:34,-1
11282718.50529354,80.5002936734904,16:13:58,-1
35575267.799502976,164.67581813262402,15:39:51,-1
89887158.13507786,117.42805559598465,16:24:13,-1
16279155.062383585,269.8033212423529,15:29:39,-1
4347752.159367928,308.5691944962766,15:53:38,-1
38267236.61259376,146.4886512794991,15:56:50,-1
25928368.980508298,212.95492727617767,16:04:07,-1
77284263.61072253,223.45651303667623,15:48:24,-1
49752784.63030261,210.9261335177336,15:47:19,-1
28126790.76461539,303.4588578447864,15:34:07,-1
40622851.3090422,120.38783927647162,16:24:30,-1
56287917.75803766,66.17439676629681,16:01:25,-1
42087693.22574683,9.625981188312384,15:58:35,-1
44947691.28879583,203.03784091096207,15:58:43,-1
24727038.337765463,176.39707629074178,15:42:10,-1
27632220.84291129,196.93715668678223,16:08:30,-1
42913407.21251637,290.30564601679254,15:52:20,-1
39691656.30178787,79.86475178401335,15:48:27,-1
26654976.350143712,279.19812335105536,16:15:51,-1
68753013.86651136,187.41406502345265,16:12:57,-1
59904596.29727265,327.9415417960528,15:46:39,-1
1759659.386620815,17.544835236757585,16:10:11,-1
47795784.90069411,162.7456661873902,15:28:38,-1
77303519.17307025,357.16206893690355,15:41:37,-1
13963874.536694344,330.6920572055716,15:50:51,-1
1668408.1010406287,347.48046696389645,15:58:43,-1
2033753.760759726,207.46986372139528,16:03:32,-1
40867240.134050265,252.3228138110697,16:22:22,-1
49116272.19861987,252.48656954760068,15:43:54,-1
67756640.00898966,325.4824819585599,15:36:26,-1
81674140.24434158,159.9850611223083,16:03:02,-1
28052556.12013552,265.67500349155426,15:39:45,-1
89967541.58552636,153.62274669460191,15:55:54,-1
51541913.39191576,275.13326139199125,15:57:07,-1
14206307.553101117,28.50864345811406,15:39:54,-1
8082909.029407413,199.43968129886116,15:30:52,-1
55048832.232751,284.7939488658039,16:00:08,-1
86752351.29282531,350.76192649140324,16:08:34,-1
32418772.392852414,135.52766937341724,16:05:00,-1
17507814.793802693,21.76299237371844,16:02:55,-1
21104264.497045346,181.33794457106345,15:26:55,-1
51387743.53471838,294.12030803051226,15:42:31,-1
49306686.36357144,88.30061415698172,15:37:00,-1
9846072.673248302,118.51905560819245,15:52:26,-1
31006673.652132828,284.18399986230224,16:03:52,-1
61660381.38154286,17.028698710492307,15:27:45,-1
26110716.6927838,42.89185288984488,16:18:50,-1
67726404.18031946,124.83483858107644,15:48:40,-1
50974297.6004295,187.8527282828324,15:54:30,-1
14761914.415354555,15.121827091790395,16:03:33,-1
16040385.337054506,168.13001526311763,15:46:22,-1
60738232.4315474,267.6909265341444,16:00:29,-1
23897137.4829404,98.53593896393392,15:53:16,-1
25936099.093481347,83.3954857602679,15:58:46,-1
21867570.5331054,92.42574392661083,16:00:20,-1
63979376.90214043,101.76729054644052,15:39:58,-1
86464800.88833861,21.43086113600201,15:41:44,-1
48358376.3699542,48.37636629359143,15:27:04,-1
36124159.10200798,88.53015356233809,16:22:21,-1
47760948.81009556,294.9007630536746,15:45:12,-1
30382487.03335878,98.3930933305236,16:12:21,-1
59723308.99625005,132.7547720419084,16:09:50,-1
71163956.51896071,271.6169467889345,15:49:37,-1
80885352.37310442,156.90333450270674,16:08:44,-1
18102384.988789413,69.17392950481644,15:47:38,-1
46591569.46427729,208.67137647144304,15:57:02,-1
81839450.88014697,275.73372146302177,15:27:13,-1
53050210.81321743,332.7544366014886,16:18:27,-1
74961680.41571836,238.04606230216,15:32:46,-1
37683241.69987931,348.24789363060023,16:18:20,-1
57197893.09791619,3.867229448207428,15:55:19,-1
53575286.11510442,14.02489862948805,15:46:55,-1
19726368.09775828,275.1232451951477,15:31:44,-1
41225548.8475109,263.5513390097705,16:22:44,-1
71068605.11281832,51.06738487937407,15:32:35,-1
40694770.50396595,34.386262366764925,15:30:46,-1
54902868.44240109,163.69327391883513,16:13:02,-1
85160259.35626362,349.90657966738803,16:10:20,-1
61630324.05917256,293.671779970964,15:31:18,-1
77944642.00417615,306.37987136103914,15:41:39,-1
87295578.39348623,337.0724060640049,15:27:59,-1
63377942.05344778,244.52946208747417,16:09:12,-1
16985128.229540184,32.1662203237505,15:41:35,-1
38224969.06446844,302.27790725663,16:15:06,-1
13330675.109284636,156.06029790654162,15:59:25,-1
47122362.46059725,51.34001779425803,16:08:58,-1
60509279.268639885,225.2900379212392,16:14:32,-1
22519381.005087733,151.7927377110684,16:19:04,-1
17428328.713309344,283.5200364788211,15:56:59,-1
45213995.22240524,133.71102616392702,15:51:30,-1
21730172.012520146,276.6515083187885,16:15:52,-1
82436275.98744614,181.68123189611893,15:46:48,-1
67200353.97429802,157.57086959552217,15:48:17,-1
23384175.83391745,305.8549307065706,15:37:29,-1
49450465.68403779,156.41990488147198,16:21:21,-1
32007350.85690589,55.00356481834692,15:59:43,-1
75884231.52112013,321.2002235709614,15:46:56,-1
34986069.55116394,64.57862893578633,16:04:39,-1
79489320.4788948,238.7118504674636,16:15:03,-1
43390231.74436347,69.55718098553356,15:56:33,-1
35202912.66949429,136.56354508978413,16:18:08,-1
557601.0036825786,136.57755474114677,15:50:24,-1
75946840.83292782,40.15360156670507,15:42:59,-1
14865154.336076625,280.1719011072858,16:10:38,-1
58394303.86370927,160.17386159856645,16:18:14,-1
15548469.579720177,18.609249634766787,16:16:00,-1
48187009.32536438,266.9859141692321,16:01:20,-1
87955819.98205039,146.3820710246404,16:16:48,-1
73788128.7056588,338.14410383732724,15:29:30,-1
52842540.09110776,178.1548555037617,15:37:36,-1
70311345.260901,71.19230392632659,16:11:03,-1
60220821.45429153,231.51688064629911,15:52:16,-1
47253921.42295009,312.1452983772999,15:43:25,-1
74378050.41808335,54.29913454102957,15:35:35,-1
30769237.519913163,275.5291843129521,16:01:10,-1
34712651.35422159,332.2170769523295,16:11:03,-1
34096229.89565585,110.85892410107786,15:39:49,-1
19933011.11857267,164.17691856694404,15:35:57,-1
82566420.9914105,60.75013212306583,15:28:04,-1
1525435.2623980322,16.113293517185,15:44:43,-1
54490195.798606925,283.90863239229765,16:07:58,-1
39354406.96978289,170.67533070629656,15:51:58,-1
28842934.91742823,352.248746121829,15:55:54,-1
44900197.90848572,329.7022211058088,16:21:45,-1
35936906.87374238,228.3319866541364,15:44:54,-1
7314470.353340453,298.4240884198587,16:19:21,-1
10665264.363534706,127.1664765799986,15:34:12,-1
56613294.92471067,265.4976932114675,15:26:14,-1
5610250.838655112,63.38765978251218,15:33:30,-1
10358955.981582064,328.80179865911134,15:39:36,-1
54710268.45855136,83.8142571548192,16:11:53,-1
13369232.767428195,45.99983683456215,16:09:11,-1
63878000.50753706,220.97578438931856,16:15:10,-1
71682791.00547607,38.98060586714327,15:52:08,-1
16786174.86532971,276.3280577572512,15:29:35,-1
74564707.93021697,342.2708974200614,15:53:46,-1
37074030.93867471,306.313564633757,16:22:03,-1
40347970.90674521,8.788508610584586,15:30:42,-1
55606452.04397752,39.95377084625446,15:57:26,-1
24898412.014615763,36.43052741689993,16:15:06,-1
57868444.896937065,64.1222396345871,15:57:21,-1
27807516.54960759,305.5610238275465,16:24:10,-1
60726031.53148413,324.9251827551973,16:01:46,-1
68641042.01022997,46.20893108964011,16:22:49,-1
43732353.87431824,178.81167153598815,15:48:56,-1
82439593.56034371,21.64079592653788,16:24:08,-1
8776039.704043927,206.59576156533385,16:13:29,-1
38960138.20542566,337.61351396221016,16:20:20,-1
47549107.87009685,354.1192198486091,16:04:53,-1
72999245.67348722,164.39216010021403,15:55:39,-1
74200082.83214739,106.12692706826944,15:58:26,-1
87354004.28826092,330.8373019323564,15:49:09,-1
28681128.174261343,204.6614515036006,15:54:14,-1
65920865.14528321,247.25085697759764,15:40:26,-1
13543081.971721482,307.5659521481651,16:15:15,-1
66497801.68288055,270.2999503764481,16:14:05,-1
69660497.85570589,223.4970716633873,16:06:27,-1
42010673.89175862,152.59826728181685,16:04:59,-1
41814492.53456949,44.30568157716563,16:01:36,-1
5261816.653794743,1.491525440709318,15:56:58,-1
22430127.031639174,43.829266823138944,15:59:01,-1
22185442.819762666,162.43511814853267,15:39:13,-1
81442120.21883951,219.23462603893952,15:47:06,-1
34470015.791913606,306.0826644665709,16:02:22,-1
6893614.496563737,192.9419834566106,16:02:33,-1
78855569.51187745,184.17769657518744,15:39:57,-1
49614235.97258017,290.8873653196181,16:07:49,-1
41170496.18142104,219.5697505493501,15:33:07,-1
70158917.78828149,200.840744038949,15:32:13,-1
41420719.56231099,198.6937219098387,15:44:52,-1
61650332.03029114,264.68595363659523,15:36:41,-1
35767608.62045878,49.231912374146255,15:25:53,-1
17379895.098047607,229.16321017788263,15:37:30,-1
67161749.04300898,31.276265307553388,15:49:56,-1
52928261.00615044,275.1398876450973,15:28:22,-1
40248850.56951479,308.6937045181943,15:48:44,-1
40596828.03744653,122.59679829446016,15:32:17,-1
445443.2682643312,121.6919541438372,16:03:21,-1
65450376.588718295,237.4847037851179,15:48:26,-1
74332277.59267686,342.69629695133693,16:07:57,-1
40530550.09194903,192.50704410618468,15:30:04,-1
73536576.56197287,127.471637641248,16:14:31,-1
19185748.50426901,237.66790207423057,15:57:04,-1
25239249.24897824,43.34523178876501,16:05:19,-1
79610165.91118129,177.47059399801918,15:57:14,-1
10558426.313193737,244.49026076729905,15:52:57,-1
36318517.83653582,329.35320634927723,16:01:12,-1
13663440.429659285,148.0068748566986,15:27:47,-1
48373569.56754997,252.15431638149704,15:46:51,-1
60716301.83818872,312.0866432231158,15:58:14,-1
42529239.414025895,312.2637438913462,15:47:56,-1
46857974.12133906,330.32995537553387,15:55:27,-1
46076623.17556835,338.2716537201437,15:36:42,-1
52152647.14449139,55.53196567003007,15:31:44,-1
69547681.49135105,137.18977663332703,15:39:24,-1
64977055.33068834,98.32471526610388,16:15:41,-1
38644144.61841247,124.8992192023948,16:06:56,-1
70798012.52046669,128.86482184152442,16:03:06,-1
55324217.826886415,184.71574661136725,16:10:22,-1
6333094.631639597,346.8162162321663,15:36:21,-1
43705184.261009485,338.0697806037517,15:30:23,-1
15801039.320268791,293.4824428536848,16:14:02,-1
6960467.534600592,171.29920051471004,15:53:31,-1
80265025.80118889,70.52270800201458,16:00:53,-1
16382769.325116096,305.13880981817385,15:52:11,-1
66956514.62560927,14.97549937726892,16:14:43,-1
42223484.06114937,317.17747831633994,15:40:23,-1
47470532.71328306,344.14437061601893,15:55:56,-1
87307455.74037318,142.50378434665447,16:03:24,-1
1712831.8171054302,315.08330670239724,15:55:03,-1
37051872.68079153,187.9249741185524,15:28:51,-1
24513928.64424706,298.24477348391906,16:04:38,-1
10097932.35294163,306.41670523099566,15:39:07,-1
67134059.15180072,187.1995030700045,16:15:30,-1
76648491.00707102,30.97768941604587,16:24:26,-1
43477294.64916954,239.22698921655092,15:56:04,-1
70397676.58248408,204.77178550460064,16:09:43,-1
80240809.9986503,134.45480487847584,16:16:19,-1
76138533.39919834,176.89009691883984,15:33:50,-1
68425976.68135336,277.22609906802626,15:48:28,-1
70944314.9611073,315.9949264438392,15:50:22,-1
87548103.90536544,337.74538982464986,15:45:02,-1
5146711.836649901,158.56148572134782,15:31:17,-1
82414518.50619586,244.11492959649337,15:50:34,-1
41939470.37732844,221.61142388367725,16:13:38,-1
32796000.20511313,58.330692824739735,15:25:31,-1
61871750.45019376,106.45845240459704,16:03:17,-1
64792488.5629902,337.18689819354495,15:55:40,-1
54636048.17622128,242.08985266880504,16:15:36,-1
49039933.0139408,161.58987457969224,16:08:30,-1
28774133.933190435,1.5267120477911345,15:59:09,-1
79721416.78396177,104.92611811198182,15:44:47,-1
60231190.81432804,74.03767197210486,15:46:31,-1
39518282.435700506,95.75568549685514,16:24:50,-1
64551622.80308619,343.5144269308306,15:58:27,-1
75622416.17193608,214.6123221724208,16:07:42,-1
63156701.883107565,60.26005890177883,15:41:19,-1
25850804.92630205,152.5928400092727,15:26:56,-1
33894348.95934479,94.40646435126484,15:32:32,-1
88856192.81032509,212.55889269615807,16:01:13,-1
38034545.102826364,79.99566408414177,16:08:57,-1
78061781.57977441,336.87680832191666,16:03:30,-1
29500341.978556626,164.00570683268054,16:07:18,-1
19636185.24036124,139.17787696871932,16:19:31,-1
23473727.252186622,28.31723090381133,15:57:31,-1
49475252.12276273,17.504376376765638,15:35:23,-1
42780360.97648102,206.4301617977673,15:29:15,-1
84777602.87629229,120.86974994473958,16:08:56,-1
68942379.21440147,154.12852975435055,15:51:37,-1
71059857.69733055,230.5288454716136,16:00:51,-1
37806015.137747325,154.90883778734235,15:41:04,-1
13750673.28227248,173.09159683144185,15:59:26,-1
63820861.82487848,35.97118828800459,15:29:17,-1
24184281.526652347,309.28386428414257,15:29:47,-1
85150949.72302991,130.99464001064823,15:44:37,-1
49233786.03518208,248.29030380551364,15:50:47,-1
25078135.29629497,30.346827017250043,16:10:47,-1
79884808.1189365,179.95920714213554,16:18:40,-1
4170641.5645965855,197.62450077430097,15:35:47,-1
23799772.03835424,39.86654124968101,15:37:12,-1
31493331.476978395,238.32475907392924,15:55:44,-1
21278526.06631976,71.02473877575083,15:30:53,-1
58143094.00385148,66.1002366038485,16:02:32,-1
45223818.2023382,263.87804307241623,16:11:49,-1
81055802.87202229,216.82343421400515,15:43:42,-1
89539387.73200099,237.69956387896755,16:25:22,-1
15946057.116178662,288.5463426857695,16:24:58,-1
28558619.55018208,140.0501435229598,15:58:10,-1
1945223.0947014336,250.61367758239123,15:54:15,-1
3302880.102198203,155.19558787650078,15:56:44,-1
34288512.00968824,178.37938189346335,15:54:45,-1
76646821.3971603,128.87493086816667,15:55:29,-1
30055960.56178043,233.7507786030075,15:40:19,-1
14812781.746262483,125.77009051665786,16:17:38,-1
77711549.8645729,21.14304361034348,16:24:28,-1
67220026.46094011,169.43183029034438,15:34:19,-1
15384135.813011551,108.07094592198482,15:38:23,-1
74582336.97405355,278.4412341629422,16:18:09,-1
73398588.03684646,329.38596288013866,15:32:53,-1
85210501.53187403,130.897858881534,15:52:33,-1
51957010.07921194,3.1869902665786265,16:25:08,-1
75342555.4701183,61.79083496680382,16:14:46,-1
86482094.57112241,52.27688357510755,16:12:14,-1
74829547.75708796,230.53417495462472,15:29:16,-1
17494450.636010736,334.46645477651725,15:59:16,-1
68586969.10445833,158.74162642748686,16:04:52,-1
68619206.01126304,246.89579701962128,15:26:35,-1
43292731.49636269,106.16191462102196,15:35:43,-1
67186758.6261549,189.08048018127784,16:23:51,-1
72488434.77984522,113.09228262635172,16:00:38,-1
72233465.48067956,177.44047178562116,16:16:44,-1
76938542.46706682,216.432899154696,15:51:39,-1
74184379.6570365,36.66134509293955,16:21:39,-1
49762799.37238039,174.5434734374391,15:47:33,-1
74934330.70470002,244.44907066655992,16:03:03,-1
29263540.74123108,7.536025932272259,16:02:32,-1
37550815.5265976,40.504251434096666,16:19:33,-1
17856038.312683485,303.2084456952184,15:43:01,-1
58236465.63844262,149.71291254098128,15:37:02,-1
44453389.13336066,230.9718341419983,15:52:18,-1
12641467.89073889,221.50837727044063,15:41:37,-1
64815735.32011143,346.73883354066686,16:13:15,-1
18143790.06458573,12.897238077480328,16:23:08,-1
77283691.8504043,207.6010661276852,15:37:26,-1
4437177.752724925,70.96189358393549,15:30:50,-1
85027621.94244201,128.16818086766685,15:28:41,-1
22011757.750956085,50.73056722988779,16:16:26,-1
41342580.23203789,216.9907964555268,15:37:34,-1
55604041.80848829,71.22797857673444,16:08:57,-1
61520550.66783384,7.099517872016574,16:03:59,-1
6610940.862440317,4.204503024920401,15:52:21,-1
51298377.58496936,343.112546953664,15:51:50,-1
47910443.88507441,333.87739532978264,16:09:43,-1
41380038.26557907,160.60741902740742,16:15:42,-1
81842408.75535263,177.68678823722135,16:04:17,-1
878613.3242239036,237.62311622031132,16:08:08,-1
56101907.48389718,324.34801906299543,15:45:33,-1
24175007.617599186,328.174370643948,15:42:24,-1
20260564.98921217,181.19695620380017,15:38:03,-1
34689419.51836036,250.54371680949848,15:34:40,-1
2775675.777405734,275.15299312245554,16:21:07,-1
86041607.44985911,18.118674189740624,16:23:04,-1
18300462.79080322,87.3285680380733,16:20:48,-1
20809103.18989073,241.24496547008889,15:32:59,-1
88849266.50458167,307.25670696137297,15:32:30,-1
29879047.540766068,269.83227872827666,15:33:41,-1
79424213.42646305,274.8657174840008,16:21:52,-1
79773387.7629432,236.68224840325368,16:19:41,-1
60861900.96834108,151.34713680418983,15:27:31,-1
10404809.791907515,298.83577079711444,15:52:38,-1
67863290.87702708,94.63060275172272,15:43:23,-1
32891589.397936985,276.1514365081294,16:22:23,-1
82991619.23802695,262.980552304998,16:07:33,-1
61683048.677676335,10.635593557683013,15:29:34,-1
67529951.61139984,228.76822009812932,15:44:06,-1
6091438.181005346,84.56528131680155,15:53:41,-1
33632009.637025505,158.05356293582375,16:22:49,-1
79798768.63509358,311.4162874639971,16:01:20,-1
54351949.88112873,325.3879475084956,15:39:24,-1
23344081.160553705,0.7850136196971569,16:11:07,-1
29783220.798667222,122.7072949867934,16:01:58,-1
85324923.84847735,116.62149078199886,16:13:50,-1
11025973.217008142,79.40099365451341,16:16:49,-1
38578667.2143667,57.006205156988194,15:58:46,-1
77406770.83925772,280.7092348849903,15:38:29,-1
76762831.96080935,211.78985907670128,15:49:32,-1
82076895.96475764,354.0348803355898,15:30:59,-1
19289621.00167599,247.08119424678296,15:29:43,-1
43661696.48610952,337.15431753496244,16:19:23,-1
5381011.372281843,94.06151664462188,15:40:59,-1
84315914.47639492,203.9394286339565,15:45:09,-1
72646654.8734505,259.14679396932706,15:39:25,-1
9987390.611765465,34.26541016478699,16:12:10,-1
43498873.08557891,322.11340004175446,15:39:55,-1
52427127.99312509,339.10419936775554,16:11:30,-1
4440908.440275555,26.907766299455425,16:17:20,-1
71871691.07692401,303.42614071531824,15:36:29,-1
30353679.89804125,127.53350205531989,15:40:04,-1
50623934.59332147,231.62940383558248,16:16:00,-1
89742029.2141689,229.5334501748868,16:10:15,-1
52219098.71715763,256.56905926368694,16:22:16,-1
12435348.218335012,212.12357906821043,15:38:47,-1
75815597.28915799,10.677200642349815,16:06:12,-1
33770023.011476904,279.7616454258406,16:06:48,-1
34003581.293594666,28.8909903958838,15:30:20,-1
59342777.11068956,148.04074081238485,16:05:50,-1
43200841.78426565,111.78230365460172,15:37:14,-1
15917674.907634605,311.701067846007,16:05:25,-1
27287793.996271346,113.4852432456412,16:04:53,-1
49411065.081836544,299.93148243650273,16:16:25,-1
80746819.15746899,219.69444576609663,16:20:30,-1
59119134.32274171,249.63508540059823,15:53:16,-1
66246762.44947499,307.1430685630541,16:20:37,-1
23418280.88183413,69.91785993213287,15:25:57,-1
42890591.14956533,319.91474917979133,15:39:45,-1
70767240.53002498,53.32968720268661,16:19:31,-1
10242100.793586912,141.6732704146826,15:47:11,-1
44475199.42213668,331.7972518544631,15:42:04,-1
15201200.5363108,240.6226199936605,16:00:22,-1
69807235.60608812,347.3214443397627,15:34:59,-1
66037365.52490292,137.13010791659354,15:26:06,-1
42005025.14603649,34.1790746738269,15:34:06,-1
87808413.3077087,260.0491470773704,16:03:57,-1
15041540.765568055,358.724368650182,15:41:25,-1
87069744.11200148,28.658953551463963,16:18:43,-1
89196639.71128696,327.6333481580043,15:25:48,-1
14794923.246254109,54.30398343329903,15:51:12,-1
30428601.582367584,201.78264877953467,15:38:07,-1
49048998.74989776,203.5600986172647,15:32:58,-1
68988267.70689526,83.47664569191448,16:22:16,-1
78827667.82427546,167.47367027953354,15:59:07,-1
68837676.39485745,74.01835072452596,16:06:05,-1
87407472.19338052,26.482746847215974,15:50:44,-1
17082644.053058233,252.021652093741,16:12:51,-1
2162803.0878300616,186.0039836609794,16:00:15,-1
22389952.2930924,45.36388005107983,15:51:55,-1
31246335.92300257,249.5105294214734,15:36:48,-1
1751065.4698299994,1.7250668775965703,16:20:09,-1
3896169.622028272,132.54968107073677,15:38:49,-1
85758530.37960693,84.9264219648705,16:22:07,-1
49003698.41206514,339.04083270238374,15:27:21,-1
15465039.522376835,189.56543257301703,15:44:39,-1
38052929.806929976,206.58636390019575,15:53:03,-1
72338372.28515168,315.5728509513525,16:24:35,-1
15687712.7276308,55.232476514569846,15:45:57,-1
57014556.24002855,242.56109475244375,15:53:02,-1
36003152.290972866,150.01150607332582,15:33:20,-1
3366624.777100178,236.8027485843554,16:02:37,-1
64859549.09672525,223.43734909755867,15:30:26,-1
69075121.15132622,63.96485087606382,15:34:14,-1
49668146.10569682,310.6523128410828,15:54:27,-1
44146812.74058467,295.1772144650322,15:55:09,-1
23298556.11696924,67.25181084503352,15:44:50,-1
5568201.393753544,229.41602820430828,15:40:41,-1
71776227.75900781,346.4928668045836,15:26:56,-1
83905303.46577345,295.9995697854389,15:29:15,-1
41922363.73645014,16.239225934120682,15:30:36,-1
60350188.36591955,90.23674931753808,16:14:04,-1
24438926.516369622,78.80619052815442,15:29:29,-1
70208024.28223582,287.8974084375324,15:43:11,-1
87629405.05890192,26.70471975005864,16:17:53,-1
12779018.212463915,60.74577517524155,16:18:43,-1
15087558.251424195,109.27509952405651,16:01:48,-1
54103439.91472136,182.3163395718236,16:13:24,-1
12989735.462835196,178.06480702127195,16:03:19,-1
50389819.011587925,281.73630373303257,15:33:59,-1
17963385.02458183,8.883503487963601,15:36:37,-1
63979838.25308332,146.6262736010453,16:17:33,-1
44479538.95393392,291.0878502965141,15:55:46,-1
85956129.98834027,49.43090936435323,15:43:10,-1
76114749.07695928,163.59080292362736,15:45:30,-1
60181255.05226948,44.1567140292414,16:19:25,-1
67005665.14582239,87.88640491285099,15:58:34,-1
80367111.43270117,352.8059806533488,16:23:36,-1
66137785.4709173,228.335547067674,15:36:14,-1
32563451.365613848,221.8245352017821,16:10:14,-1
78945320.69694385,10.077628448451907,15:44:51,-1
29067635.61048564,225.7249046481004,16:01:34,-1
71827170.86656299,350.4973051603704,16:19:38,-1
40586513.08230034,21.016643848302824,15:36:24,-1
46613983.93662359,238.04158113335347,16:04:22,-1
31736094.251008894,301.3647738447144,15:28:48,-1
8072720.57554226,263.4538780859996,15:31:01,-1
51457346.39555568,283.3473825895307,15:26:23,-1
87103939.38684447,51.56656420202807,15:44:22,-1
87804730.46234332,199.87069189296145,15:45:11,-1
46424052.98214031,338.8085281329819,15:41:01,-1
51561121.53762062,260.5191949025174,16:07:09,-1
44280320.16632655,270.58926267344526,15:43:50,-1
20117728.65231723,44.333971876326046,16:02:06,-1
46374164.21320368,169.74987300970176,15:27:35,-1
60306021.66964088,122.59302763382452,15:48:16,-1
47827361.16547896,12.334779480982547,16:01:39,-1
17636211.624022443,335.5677163610827,16:25:11,-1
74189694.50205436,282.8837304075667,15:53:24,-1
62314231.44957084,185.1650596556473,15:42:54,-1
9890489.931222765,358.2858116961422,15:58:48,-1
27289048.80895837,1.0776451155484024,16:12:16,-1
74796301.4018212,159.96697417228847,16:08:50,-1
22072543.3267351,113.05018978993334,16:18:53,-1
70645591.91761702,65.70069460353724,16:00:07,-1
58847338.18837952,191.84371140941437,15:56:44,-1
20130826.016002808,24.81235734589895,15:49:23,-1
50424615.70279818,344.1411290726753,15:57:10,-1
33660100.16345478,137.3928855371672,16:14:03,-1
11940936.907652631,103.3791506117197,16:25:00,-1
77300911.77100483,237.5988674898935,16:17:32,-1
77500813.99948458,137.8215586039214,15:27:44,-1
17409083.58032094,230.67944067220503,15:26:01,-1
31757257.998958863,171.70632208891908,16:03:41,-1
71726227.68014559,163.99427009685346,16:05:02,-1
21552470.356678937,143.10890137369856,15:26:32,-1
63333645.458782144,10.572558226240826,16:23:41,-1
29377347.984839905,109.62946685010104,15:58:07,-1
80677800.61595581,64.90032265045835,16:21:19,-1
42257452.50263578,217.06320908175877,16:22:35,-1
21077685.74595663,117.50725834856556,16:05:35,-1
79664353.50515749,338.81016311440425,16:04:44,-1
10424570.56500319,304.6225710735051,15:46:06,-1
62511067.12968361,171.01633929620434,15:58:40,-1
60867228.75604975,66.32031113808524,16:10:27,-1
30508231.218784183,207.96004877170975,16:02:15,-1
73372631.62201995,119.05453334222744,16:00:50,-1
45010072.83137284,120.43995892119068,15:44:11,-1
32966298.283488665,152.84297945802993,15:37:08,-1
30077529.91999379,190.6135832767792,15:33:19,-1
81140144.59000134,223.03610763737743,15:42:29,-1
16554538.251987062,323.5656235245563,15:36:36,-1
19993787.893806484,208.91836894701092,15:31:36,-1
38370646.8862365,94.50418107839724,16:06:10,-1
49970511.12039713,86.93449826798214,15:39:47,-1
56357534.46135878,14.911920565083324,16:19:18,-1
2744030.8925344185,135.87637700893237,15:42:10,-1
13660527.398225795,125.08737711273275,16:04:46,-1
81214125.82919298,335.0071996646902,15:39:39,-1
45573829.55011415,172.55690102217778,16:24:18,-1
3561548.3518743785,294.8177467562184,16:13:54,-1
44284895.66503653,221.43700236694127,15:36:57,-1
57873739.47522076,126.36949364678074,15:59:13,-1
67274695.21283105,62.81651930795153,16:15:19,-1
40008806.91007775,38.52854957135576,15:42:32,-1
65968405.45299639,309.6570876138307,15:49:02,-1
82999914.11139685,12.98206915312862,15:49:10,-1
42284085.01619841,47.78258311373582,16:14:23,-1
70155421.79012586,149.04869153394745,16:10:15,-1
65414843.8066953,300.76975332792296,16:08:14,-1
76589663.21044146,141.9940000365953,16:12:26,-1
13448493.327649934,19.00464153624645,15:40:17,-1
72754288.6537457,276.4940101508588,16:12:37,-1
7388065.101990368,264.2272906223781,16:21:17,-1
2794985.4315418378,334.74378549839224,15:41:06,-1
42669155.70132323,99.97407603477276,15:41:20,-1
5791181.776533116,165.88732847175075,15:35:56,-1
54346869.20700983,286.4611611132128,15:54:20,-1
69331763.82795997,43.28991352604048,16:20:14,-1
43891564.54676954,72.20386388018082,15:54:55,-1
19529779.183558267,317.1081183482865,15:46:48,-1
33518177.54852682,72.3910260469083,16:24:30,-1
19265898.443772703,195.24606399110337,15:33:42,-1
86347279.3292927,168.65903590641588,15:34:22,-1
59383742.295547694,25.19699947550248,15:34:43,-1
60681926.1641919,338.18413423384135,16:10:06,-1
47051822.425378375,225.8259864462592,15:51:31,-1
21881090.41216112,11.780531778341556,16:10:11,-1
50162536.279824056,84.24208925620603,15:44:52,-1
6126370.004744937,94.61935254383611,15:51:47,-1
51592610.45321351,227.9387968027159,15:28:12,-1
55170693.9411037,102.59707918650922,15:46:33,-1
63099001.34923408,131.2383864880087,16:08:39,-1
16713639.862658951,276.38248865729213,16:23:07,-1
40303322.39101554,159.73854092353236,16:08:43,-1
5701877.359015414,178.4590087139686,16:18:42,-1
82769247.966652,154.8943056229731,16:15:50,-1
85502637.36545496,193.4438330980989,16:24:10,-1
13096370.973385548,270.442278294881,15:26:00,-1
31435802.19717221,113.61781605874374,15:34:49,-1
76469519.84290513,54.54700886588542,15:54:16,-1
13824573.493140465,67.57820552238466,15:41:12,-1
53058679.92348792,70.55226882447353,15:47:36,-1
75524185.98159567,326.93815417276573,16:00:58,-1
42567328.294286095,18.500555294834488,15:39:27,-1
38767800.43273357,69.23446853549561,16:22:36,-1
16720589.14902501,86.63752511163293,15:34:41,-1
26596935.3132092,29.24741938361855,16:09:46,-1
46307383.69068443,14.290588015432078,15:45:10,-1
7525053.931378195,310.1493723918704,16:16:07,-1
14438408.486652084,217.8942976166224,15:49:00,-1
65599603.04394763,207.9919704181574,15:50:29,-1
32562063.516142104,230.99696436403653,16:23:31,-1
79592541.1568787,101.25329214385252,15:56:40,-1
75282286.20623155,109.25391734685228,15:42:36,-1
59239108.253956735,203.2934225059921,15:28:50,-1
28059325.643009983,68.34871951670638,16:00:04,-1
74402600.40514416,320.994269115283,15:38:56,-1
24987330.68022468,35.888284201582,15:34:51,-1
83413479.17629725,337.28790982268004,16:02:55,-1
61560878.91082293,247.74082074090077,15:29:07,-1
30247155.004454643,281.0958480718121,16:02:49,-1
73527195.59450756,39.21940411630336,16:08:35,-1
71198682.39966534,313.3818341658798,15:50:55,-1
30718266.82418116,295.9407754341455,16:24:51,-1
79399232.55990379,55.37776005928566,15:48:56,-1
71959711.78572015,226.75352252299268,16:22:13,-1
77657605.71748039,209.2327850632088,15:57:22,-1
5242937.579208077,316.6837545452428,15:32:19,-1
32703941.107524075,79.63570507588767,15:49:05,-1
18499062.72744682,168.77944577523408,16:08:41,-1
38195868.3556767,321.43762959441443,16:02:21,-1
31453715.31157583,55.93816970642083,16:17:00,-1
32201774.877315924,68.89192453487978,15:26:12,-1
14147557.475106671,173.2005540248533,15:34:59,-1
61854966.82763128,86.74241775231921,15:26:22,-1
8312639.043365301,159.1823594327332,15:34:02,-1
17644609.468073934,14.864407068591849,16:23:26,-1
74807527.46991388,53.81350797038438,15:55:10,-1
48447699.65961044,108.4474021751034,16:21:59,-1
12825076.899365095,162.2292679962577,15:56:11,-1
69215565.58697811,158.13357216050332,16:13:02,-1
49422565.53781675,142.07567832081622,15:47:04,-1
82117134.42520298,225.8269416292683,15:42:45,-1
39382285.39117377,100.68096491296792,16:16:31,-1
48521695.94189921,118.54320231753177,15:52:06,-1
18169101.03556161,274.8643309079769,15:32:39,-1
3946770.898647748,295.7156465429801,16:17:44,-1
77428599.6920993,326.0878697434121,15:28:04,-1
37472016.761959486,19.25068901793728,15:38:28,-1
2248549.963118858,70.03969446756534,15:32:00,-1
25522361.306721594,77.1344802209819,15:58:40,-1
14148664.591379909,287.83923883027404,16:20:41,-1
234318.74384916303,177.27264475548807,15:43:17,-1
30102601.01038568,120.37347370939526,15:45:54,-1
6343410.920642824,194.6317871229936,15:43:15,-1
68333653.66067944,205.94507903911708,15:58:59,-1
6204551.901569318,122.1412016963134,16:02:06,-1
26722745.617545776,249.86381146380543,15:53:24,-1
59438114.94848523,50.72519392897817,15:58:58,-1
57142584.58848937,353.97427113546166,16:06:31,-1
9607511.282565985,66.93862182473251,16:05:48,-1
22008146.123876724,117.8315496326428,16:22:15,-1
65551797.368075445,166.95029883007933,16:19:46,-1
2458274.402457711,274.5334212011543,16:19:51,-1
43384946.25684539,201.34206040655656,16:24:48,-1
49702903.19807322,0.5842325608101984,15:55:09,-1
25725800.519620392,262.93095228355054,15:27:03,-1
75267151.7926417,45.1836200176726,16:25:21,-1
13070345.2377638,309.5504420775156,15:49:18,-1
5755388.003977508,13.617712161361125,15:57:51,-1
61036730.03900786,354.9631015008853,15:31:17,-1
67365332.050899,289.5100618778508,15:50:41,-1
76339117.23181342,332.08682610633525,15:38:22,-1
66065439.21927361,31.285856268846825,15:40:53,-1
49571119.01915288,59.74444379787536,16:17:39,-1
49223152.96424527,357.1367811513578,16:08:07,-1
72777201.72075534,157.25954806801542,15:49:54,-1
2821597.2986112754,257.191041307211,15:59:53,-1
68818332.83555983,53.70840502600203,15:34:34,-1
63486426.39823978,195.4255751807754,16:05:57,-1
69129387.95645612,179.07928847047958,15:33:23,-1
43900770.82016826,273.8497628973381,15:31:29,-1
83653947.79740342,172.6592292128364,15:51:34,-1
18300026.01014345,325.47076945517034,15:53:41,-1
7208722.006913421,53.001404766133305,16:05:05,-1
48798847.64957702,3.432165630974797,15:27:05,-1
31194565.977405075,304.7822654552671,15:38:47,-1
81586153.53296103,65.12444507437566,16:09:22,-1
17864547.634279963,129.6384883288285,15:36:30,-1
27826123.150274254,143.7088283680677,16:24:00,-1
20180257.125972528,195.4007186738076,15:39:50,-1
2807070.0542226383,146.2835855688922,16:13:09,-1
68111385.75396821,351.2408010204681,15:44:14,-1
5694556.128978459,44.38350712493089,15:33:53,-1
54182206.08694649,207.65019374197104,16:09:42,-1
9317911.987654386,61.20162294055568,15:32:04,-1
189370.49704220355,134.47964748732403,16:01:41,-1
31436927.447078325,66.86535195271225,15:57:02,-1
72791631.77021946,138.79179480302645,15:45:39,-1
23895381.854866736,59.25959705054537,16:10:56,-1
57109213.56221506,244.8447027683091,15:30:04,-1
28116358.650179926,80.79324587003697,16:12:17,-1
23619928.5631458,135.2924693388849,15:34:08,-1
19355740.3383593,258.55362798414586,16:12:11,-1
70950136.24081221,27.8126697226805,15:32:27,-1
75153558.26943988,187.4080872800514,16:19:48,-1
53675083.71563908,16.547502537022364,16:07:52,-1
83484260.39711608,87.51220166577137,16:13:05,-1
75693039.12373856,153.0293950539306,16:03:29,-1
89152796.42808104,285.04679536276416,15:53:08,-1
45379940.21614265,294.4037055111969,15:36:46,-1
60361537.3823975,96.3314041436878,15:53:39,-1
44550607.46399641,131.64257842635456,15:35:10,-1
69720384.54292873,213.9951789209623,15:48:43,-1
5635745.548393159,309.7144281255118,15:42:47,-1
35827990.87721788,26.322304534941683,15:41:21,-1
67540445.22508162,198.7107445942389,15:39:16,-1
68591300.19216794,37.57637527481998,15:53:48,-1
30977230.80166251,180.03938067811146,16:22:39,-1
57245031.02363306,208.19336975659047,16:17:13,-1
57590233.55163506,65.64370461716916,15:55:49,-1
22005814.548321445,224.79409309167,16:24:40,-1
26617259.208965063,62.9514722756189,15:30:13,-1
12325800.296090003,278.53816572527546,16:05:01,-1
62222922.55916608,177.74925002502988,16:21:42,-1
3375008.269250152,267.72156618239654,16:17:40,-1
9188245.31734045,310.5879042044058,15:36:10,-1
70554441.27792144,52.72639448407862,16:02:41,-1
23101556.62832559,48.95075662196382,16:08:54,-1
55892899.32655658,226.9446975131356,16:15:49,-1
88429186.15819962,297.4265700591299,15:44:51,-1
59315437.185860224,3.258196752421876,16:09:26,-1
50064480.55276963,185.4311280928892,16:09:39,-1
30721554.63857034,120.47823944987655,16:10:00,-1
76762723.19803537,83.54146403789096,15:47:32,-1
86567081.51226686,337.90924494445187,15:51:38,-1
56228496.088799074,332.41753332460564,16:13:28,-1
4144518.565946289,342.50301509425304,16:04:19,-1
4611130.439491591,182.34623454015207,15:30:10,-1
313480.3654008658,114.89728077497638,16:01:21,-1
82177336.92544365,224.02780280796176,15:51:03,-1
85465344.83127263,279.817711135603,15:54:46,-1
26241432.846796248,238.4142256768453,15:54:06,-1
60142124.111657046,39.31887862425662,16:01:30,-1
16332702.154250495,247.47035215194796,15:47:30,-1
82696888.27027395,46.84897188777229,15:53:39,-1
16272031.998632817,190.56572393187903,16:07:16,-1
504202.9183400477,151.42515481173163,15:30:51,-1
57321713.22617617,59.566913139892165,16:09:19,-1
59864149.13134016,264.7976846618878,16:00:54,-1
64789717.17661909,120.30871280938388,15:45:25,-1
87724491.9685342,283.2060555888923,15:40:54,-1
21660302.73080669,25.454964883877643,15:27:24,-1
30297208.61187408,44.30691339664625,16:03:08,-1
33240264.73679028,34.350985307907315,15:55:34,-1
13823562.499481848,158.275547237693,15:31:16,-1
11447246.807857806,201.90646253327472,15:44:12,-1
59255152.72250012,105.59152708206372,16:16:29,-1
26574408.46062834,26.94322221810225,15:41:48,-1
42279601.11618664,63.3964110225666,15:33:41,-1
16174821.223641552,260.51535677798046,16:13:13,-1
42534905.11536714,350.5995537623644,15:33:07,-1
51340983.48164456,12.403110670913712,16:23:21,-1
50076081.1554827,74.16135942283628,15:28:49,-1
41024175.28273568,212.65123549676733,16:08:05,-1
3069193.748879498,88.73897319625658,15:51:13,-1
17131636.5995568,260.85114972394325,15:34:18,-1
49927402.351638086,53.59934867765385,15:56:10,-1
43392308.19231698,180.79384618341211,16:12:29,-1
87131954.56990878,241.9033208319665,15:51:11,-1
474417.4524453459,258.0058894610303,15:45:18,-1
41424114.37700487,288.1035860351672,15:49:33,-1
215290.94233562629,263.2594833265406,16:06:35,-1
63758522.45724341,220.44306321173943,15:36:57,-1
31591799.311692838,168.21748125345036,15:36:52,-1
62072169.01430024,185.0838875192417,15:49:17,-1
60674405.58229013,333.4548614687383,16:12:31,-1
39259908.23785851,359.9470487773131,16:03:44,-1
48129593.30387618,23.8680813319071,16:01:31,-1
71951907.64898425,122.20285482898136,15:32:43,-1
4659487.854935093,14.65289260994754,16:25:13,-1
40248059.39636451,344.9917696127294,16:08:18,-1
14740220.97671655,224.52456521235075,15:26:14,-1
79124371.38173535,278.02845333381407,15:26:05,-1
71973069.69762899,221.1444080004273,16:04:01,-1
77647064.0563515,198.27098658503343,15:29:48,-1
8873138.11834129,64.40022191836484,15:39:03,-1
47858979.11368323,187.8723412874578,15:44:31,-1
29396785.26005237,69.53033375937777,15:26:17,-1
71725589.13307592,305.96146216160014,16:08:13,-1
40101374.91374251,84.25688842170878,15:55:34,-1
6137907.2136061005,122.38612075126936,15:55:27,-1
45768841.184066296,80.04708576107346,15:48:50,-1
43693046.70383999,243.8181159669271,15:33:16,-1
83574173.05429545,166.66902990446883,15:46:06,-1
43862513.31296728,291.3771351681656,15:37:32,-1
31877737.162518386,164.00138230188134,16:18:50,-1
15351726.48755897,167.68001509878044,16:04:57,-1
33829945.25289595,239.22086634775053,15:29:49,-1
86435972.64334378,49.22861373683947,15:46:34,-1
13783552.419929016,141.98369115389738,16:04:23,-1
12317990.716139805,341.0442006898564,15:39:06,-1
71601078.1163298,219.81161361746587,15:46:31,-1
29629326.509251308,34.56564876476581,15:40:28,-1
39528693.59681199,211.94522561895243,16:00:38,-1
75595143.51953599,316.03953894128,15:44:04,-1
78353467.8944602,204.98707998600952,16:15:53,-1
15819991.32257956,2.001665923871445,15:35:44,-1
46378275.9192044,172.91175554091495,15:32:35,-1
76782601.01698856,285.8126759013457,16:01:43,-1
40975022.95940773,353.95896279258466,16:06:28,-1
3363281.3801686866,186.0366430743813,16:16:19,-1
15555683.176319206,234.61378163744237,16:17:55,-1
1753771.9768246035,53.40470606942127,16:03:15,-1
45095544.61710707,358.44976175372085,15:26:10,-1
8152334.251223166,177.39662086820638,15:46:31,-1
1039390.7567925092,279.46234685349185,16:21:42,-1
3398096.825108114,40.6219334873374,16:18:10,-1
25532772.65800348,350.39247388142496,15:43:49,-1
49580979.72663129,184.56944062901704,15:27:48,-1
80866228.58330324,158.1096836029304,15:34:29,-1
49487157.33199384,229.15221038529685,16:11:50,-1
83744264.40471832,70.47394115758951,15:40:31,-1
5976899.883671747,226.59659854061195,15:58:27,-1
12741087.299785804,136.29278280831744,16:11:21,-1
11497631.73762889,43.45777731786172,15:50:52,-1
41483756.68061367,124.96515651042834,15:52:07,-1
10888195.683355378,106.05006679049728,15:59:24,-1
61582742.8674023,309.2313976641377,16:03:11,-1
28592836.929477222,349.23906061740144,16:00:11,-1
14643255.632656127,155.54490830430396,16:19:06,-1
13058576.33102096,345.8670913344665,15:36:53,-1
57867583.78954959,3.92348803334162,15:56:30,-1
55656604.97032287,112.9031711863517,15:45:58,-1
12576867.523044009,182.44238327926223,15:44:40,-1
39163259.51422434,180.6632933666142,16:08:25,-1
52447473.41658462,203.7509745578216,15:58:41,-1
21107297.020250563,162.9530673309944,15:36:38,-1
83283458.07651192,119.4207625513344,16:20:14,-1
65505001.42786685,155.38427491083488,16:21:56,-1
66864852.48622262,208.6964262776873,16:23:34,-1
9185102.594573485,315.2334234840957,15:42:45,-1
76738675.41287601,255.21175677664303,15:40:59,-1
76853586.64093384,295.5844815667793,15:28:23,-1
6281793.757754043,183.4427669328552,16:20:03,-1
22940156.810168423,165.4476242599983,16:05:55,-1
58649646.20955587,287.78092179937204,15:31:21,-1
55826130.4195611,216.62741952285643,15:50:46,-1
45158157.6360894,354.14226824266893,15:46:01,-1
796882.9375574567,106.1570401290471,15:59:36,-1
24933795.78103166,255.7477818450862,15:44:38,-1
19670474.957168512,43.04347520824085,16:18:20,-1
57542325.60028943,207.0182695396405,16:08:45,-1
76018716.38759498,81.57884176435329,16:19:23,-1
56993604.7839484,164.75465160897525,16:21:09,-1
16454153.709000949,309.4645128821288,15:53:11,-1
68059636.57477379,221.8718848103402,16:04:00,-1
43503401.04668515,358.0434355987989,16:22:59,-1
29991136.000813097,168.11340846066582,15:27:13,-1
82280629.56783067,205.77385289627705,15:36:59,-1
5358270.499191619,53.33526014719452,15:57:00,-1
20776673.569715515,307.0820512569443,16:04:22,-1
17663731.508167244,129.74914057623582,15:40:22,-1
79610738.67127423,154.13508758315243,15:32:19,-1
16406790.197749505,114.6918267616812,15:42:24,-1
66753671.41590453,227.15110618478224,16:00:02,-1
85971582.80473684,199.24637066542147,15:44:59,-1
80671717.07344063,4.179121378699411,15:51:44,-1
41141544.617156416,32.23862778953704,15:43:49,-1
68682174.44795303,249.30382615437017,15:58:30,-1
88736035.26481844,137.47796209913147,15:30:18,-1
42488119.66852825,289.53987827729725,15:29:35,-1
82459833.80505899,86.01322865039576,16:06:13,-1
71159248.64413138,215.36584294145916,16:20:36,-1
48356704.29866697,115.4637617298478,15:44:13,-1
69237071.83016446,344.63850614896853,16:08:52,-1
39710262.02103807,308.4707736451284,16:17:55,-1
27500199.10783159,74.67243279791728,15:32:25,-1
13808445.215822378,131.38655145694548,16:25:13,-1
76312339.93322913,169.306680369638,16:07:59,-1
15324194.495529111,32.699348967576384,15:27:29,-1
59384368.81769501,66.68140620664096,15:46:08,-1
14783057.188791271,116.2789954822994,15:58:31,-1
11670660.9912451,262.50120796932623,16:09:20,-1
68858362.97991769,150.67525666382647,15:51:18,-1
74526135.03354165,12.595933122650646,15:56:28,-1
57108729.02023616,161.70717398898816,15:31:39,-1
52881873.32974525,208.02145140984825,15:47:57,-1
63994308.00458214,94.3127060199298,16:12:30,-1
77962835.7433834,108.2534131770988,16:10:07,-1
82511006.5121473,261.2554459641314,16:01:32,-1
54796899.17944441,300.88555754676844,16:23:34,-1
20211470.15296501,304.4915588938652,16:16:39,-1
80091586.39320487,7.0762448008200085,15:42:22,-1
65271832.16124482,61.90875407699778,15:33:24,-1
68645240.09048462,69.44894894696131,15:39:17,-1
70661862.71506381,270.28297914809605,15:38:24,-1
85575923.11420374,224.4977267085656,15:54:49,-1
62382066.14908823,13.736141755461867,16:00:27,-1
61319156.33085044,353.3092237606573,15:59:31,-1
33593454.62959526,16.891929772141822,15:52:40,-1
60355752.38781682,19.579708566148803,15:43:45,-1
86460915.78320806,0.9897493711019756,16:15:03,-1
88629435.77609275,205.5184348976042,15:46:48,-1
54018213.28753004,165.42158937327477,15:31:17,-1
61675594.76541298,236.64084760108892,16:24:19,-1
59127303.14669801,252.93548019850044,15:32:50,-1
86714527.93463305,243.65320484832887,16:05:58,-1
47234905.43943664,83.14580346246701,16:20:23,-1
56892687.152631976,317.6578120130176,16:23:29,-1
55970930.93892688,27.460196750461403,15:36:46,-1
15024557.02697009,41.49571338395817,15:56:48,-1
178267.5375634136,45.52469861241451,15:35:57,-1
80905687.31468236,168.11016725682265,15:27:25,-1
56150500.01797107,229.2082504163129,16:09:12,-1
78872490.2971896,122.10150029515908,16:25:29,-1
30932933.17603146,77.5550639892306,15:25:56,-1
47461923.25411566,51.626185471905714,15:29:07,-1
63311598.0629511,255.12357471066227,16:17:01,-1
43466776.30584369,241.0097037497217,16:02:43,-1
63535398.04487745,182.52541691213844,15:59:19,-1
76183395.31736515,182.5115406010549,15:56:28,-1
31251230.386513565,129.29605583923905,16:10:33,-1
71377007.01596081,219.6150176106293,16:01:34,-1
20201500.81636798,203.91905310140717,16:19:23,-1
79996281.01437157,175.55943924626072,15:39:04,-1
22466502.70962931,329.57322886974924,15:50:01,-1
16457613.359992236,53.982537110098406,16:21:13,-1
5271999.461064598,0.2569739784259095,15:58:18,-1
37267033.689685866,181.42315291859688,15:56:23,-1
18052072.38836785,58.06991428842397,15:38:30,-1
12225974.644116769,306.2790645415024,16:19:27,-1
81299863.12019578,264.5026123102017,15:38:19,-1
72866248.4332752,27.355338282321107,16:23:45,-1
74585664.8155867,326.6782481678194,15:25:57,-1
3897691.517650184,143.8389615177651,15:57:30,-1
86421547.14519584,163.82671975180855,16:22:13,-1
73763000.79744375,276.2203956865634,16:25:25,-1
4664947.383484738,291.28296988407124,15:27:29,-1
21309345.66517596,41.65061361964517,16:21:50,-1
31982781.245452665,301.68881075414805,15:55:17,-1
31324048.54018167,223.2927727509084,15:41:59,-1
87224493.11472166,102.07682730751068,16:17:34,-1
25093741.70517634,267.2268229784237,15:31:54,-1
77672752.37582743,262.8963977646132,16:24:25,-1
37928094.50184814,4.223969644898902,15:37:10,-1
28021751.025710948,301.4249639739202,15:38:35,-1
44711708.808384776,31.32324233763093,15:27:51,-1
63615669.1133816,286.9870543564535,15:47:34,-1
19796367.88112193,77.58337080097247,15:54:07,-1
12359529.268336322,102.10131558107769,15:55:51,-1
24997395.57884237,304.54318599468684,15:30:44,-1
70162868.61509179,341.5596917845733,15:36:54,-1
53874127.30109611,170.51948566327184,15:52:14,-1
28238472.848464176,266.27735354897936,16:15:30,-1
65159105.95892379,69.12664439956869,16:00:08,-1
76743246.80106305,149.9123215767993,16:13:46,-1
21879982.695133276,316.0937149767016,15:47:58,-1
83436249.24236417,295.9138362816083,15:27:17,-1
82977540.5837322,135.89301023037197,15:45:09,-1
77179023.08647312,279.4295490008727,16:17:14,-1
29855950.103436485,290.26719332517337,15:36:06,-1
54680034.88166392,147.19570447365385,15:54:05,-1
7118143.634577068,219.6886204411743,15:50:39,-1
61627929.32714708,214.08980644985024,16:23:10,-1
86484411.16571552,67.0561338917334,15:48:22,-1
15206824.492000123,156.5689894086468,16:17:00,-1
6115436.782697859,120.61073902568762,16:18:27,-1
19905248.29785741,131.91940166150604,15:55:36,-1
38999910.01548975,86.43205866505897,15:56:19,-1
30441168.323111385,168.37245200808968,16:15:59,-1
51672235.33761873,174.75577617359042,15:49:39,-1
48266308.14011316,207.30852603422423,15:31:34,-1
30278632.796547,210.7923180178132,16:11:38,-1
26177521.139601678,94.6803514707382,16:13:11,-1
10818187.796760738,166.77359472951952,16:10:47,-1
36706914.70526551,39.406388515466006,15:38:50,-1
3714594.858278353,225.70578215269344,15:46:29,-1
75369232.2696174,268.74009108211175,15:53:56,-1
67783029.32296337,316.0635379812581,15:37:13,-1
74738012.61789179,202.4173480428865,16:07:11,-1
60923266.933904216,128.41236382868095,15:48:16,-1
51648308.26933085,198.7035905744204,16:23:09,-1
49456534.05839057,222.9643165133209,15:44:50,-1
73791040.7963644,297.2035706958308,16:09:02,-1
80047889.59944424,134.55580063608224,15:52:00,-1
13719489.689433817,159.15173326107077,16:22:51,-1
28822049.94614184,175.2139033428696,15:40:47,-1
68372915.20799418,156.19783483760605,15:37:47,-1
825597.0492098005,111.4168595469014,15:53:40,-1
87779841.26020455,5.740862329571423,15:58:36,-1
78199164.38911296,98.2995320439565,15:51:21,-1
29496824.79796068,162.77224536125777,16:04:56,-1
37321754.10807747,136.54561139113991,16:02:07,-1
78907903.35966852,36.72073708159427,16:22:19,-1
3654378.756245324,148.8571725947093,16:16:30,-1
41949222.010558136,194.3628797403169,15:39:34,-1
15806140.93798065,224.81793447906765,15:34:42,-1
44217813.78886518,119.61422735612877,15:35:53,-1
70981014.5508508,182.4675757349396,15:41:26,-1
7504283.474749905,19.77449736120095,15:39:05,-1
31613030.686696075,308.0337734881751,15:41:15,-1
31069798.989900112,89.05070260807645,15:56:12,-1
40401915.97350509,345.64353039046387,15:26:13,-1
37312163.48330624,301.8226594068762,15:54:41,-1
15703788.348195454,75.42746996375048,16:19:11,-1
66217474.277403474,294.96256827758634,15:58:50,-1
16601576.659837024,310.7599431188187,16:03:20,-1
86828904.09590645,224.869133938597,16:23:47,-1
29595449.59674853,252.6960490380682,15:40:48,-1
50930485.01791648,171.23259885383197,16:20:31,-1
73716081.13574302,48.08200653078468,15:35:25,-1
27791961.787613258,344.8840573213606,15:36:12,-1
40912761.68828605,72.65891911786268,15:49:56,-1
79496741.29643832,330.2171094093315,16:13:57,-1
50934178.30323453,299.9107780526437,15:28:56,-1
17916459.188260965,154.55686611742144,15:28:05,-1
82971272.07148716,155.51410148929207,16:01:22,-1
19884259.907367,205.75944618573223,16:19:10,-1
61747668.96627867,175.16652431191096,16:07:02,-1
35065559.461527295,299.852459164688,15:38:22,-1
87726284.44637164,172.4191774035368,15:46:36,-1
55976533.50560468,33.898598932122425,15:35:41,-1
30363443.971571185,333.94185015940104,16:12:34,-1
29367057.60264272,93.26958866237972,15:49:35,-1
81319102.6416779,115.68962758322566,16:16:08,-1
88336620.79673979,175.70471135348015,15:41:47,-1
70573857.05537777,157.10058470948613,16:13:47,-1
68860231.04227015,194.23705063227723,16:09:22,-1
8464988.8088426,226.52979325309715,16:18:03,-1
13705739.32032879,30.83598297900364,15:28:00,-1
24209035.108830985,182.5618151613353,16:04:27,-1
50753485.14745585,89.74280213357467,16:01:18,-1
26797631.20686729,344.62193895529595,15:39:42,-1
89715692.34308262,131.039177433652,15:59:02,-1
70469223.27673496,344.2025852424716,15:38:45,-1
75917465.86054882,8.138452595748715,16:08:21,-1
32852187.162193548,179.1883252983128,16:23:49,-1
87755135.58279821,290.3399637469953,15:51:36,-1
42775477.02012367,208.15865579997563,16:01:36,-1
50300006.4564075,149.35765592555265,15:33:11,-1
43731667.265538014,337.4350802015433,15:36:17,-1
12440229.319902455,339.9448745945974,16:16:10,-1
49814449.34033935,268.75442294709376,16:22:46,-1
87080944.68752426,254.0678935020509,15:51:57,-1
50105474.25905415,200.3815379512349,15:46:18,-1
19490711.875023164,296.6708771456795,15:37:09,-1
10966309.296176346,126.66827093624552,15:26:45,-1
84364446.23322318,63.5400449540229,15:35:15,-1
74350359.18442762,94.47940101915484,15:32:32,-1
32596768.065956183,124.33715390944371,15:25:37,-1
8076741.649916927,307.7856471483776,16:04:28,-1
66319594.27917312,95.91007157211055,16:12:32,-1
51940663.563196056,333.118046975259,16:24:41,-1
47941599.59637119,121.40509037245934,15:43:49,-1
50620369.13561155,85.1796378365692,16:04:52,-1
18921076.85624121,74.92197310636367,16:12:54,-1
21349321.304272074,0.699485911859612,15:54:43,-1
7310877.975799571,199.70687179922103,16:08:09,-1
38208975.95775647,249.5714113193596,15:28:43,-1
35850957.244166866,91.0112280299984,15:51:51,-1
5567485.404733942,220.9621933988148,15:26:23,-1
87281775.95792933,51.1088567052922,15:52:11,-1
20653217.240953885,175.25712262671652,16:12:34,-1
1937853.4002053628,163.70715490699664,15:55:31,-1
45080063.20250215,355.0150367733939,15:27:24,-1
66707098.99576534,223.88435606253717,15:58:40,-1
46894335.40454553,338.5744220682297,16:01:11,-1
23399889.583220206,69.84275646683133,15:48:50,-1
70728632.91594768,6.056329531320177,16:11:11,-1
84736088.35144116,167.94679699893558,16:07:53,-1
70584982.06919146,271.5765692880619,15:40:23,-1
66224787.61510475,317.48141535757367,15:32:46,-1
79261744.33638354,151.99444777743057,15:56:08,-1
78729443.13068575,57.20757587556104,16:07:08,-1
18031546.49815962,199.772618513718,16:04:13,-1
72075835.63493778,347.80854228427893,16:07:01,-1
57703741.60215207,310.51811806911905,16:15:38,-1
83980654.13607198,21.48396699890612,15:42:34,-1
29897738.692853663,16.496223253920785,15:26:55,-1
46971675.92259836,173.53181289777075,15:40:28,-1
18468622.55130753,322.6686690610733,15:56:59,-1
84780341.72968388,203.8533673035081,15:39:41,-1
20274737.640865248,126.12440794771368,15:34:16,-1
64670953.00591849,101.40284953053607,16:07:08,-1
54309884.29497828,163.34010889523964,15:40:54,-1
21114677.05010492,168.67955176996773,16:25:19,-1
45660157.93522397,334.0450246399031,15:42:01,-1
28233006.916028533,102.49601848688188,15:57:54,-1
48915568.70175002,58.011399562323255,16:02:56,-1
7315151.476721177,220.8687060245777,16:21:09,-1
22459310.938927177,180.85398212856637,15:31:44,-1
6699070.510431964,75.52110947158755,15:44:13,-1
36407501.47481309,230.59153112677117,15:39:11,-1
89950465.53465562,158.40960345118702,16:03:44,-1
18111067.640951756,230.69547614131795,15:44:08,-1
25308416.9162492,8.554303002945618,16:13:53,-1
44680770.50101076,311.04477433392327,15:50:29,-1
37281446.95113532,116.34444216116512,16:15:50,-1
51388784.53341308,147.64658229111762,16:22:54,-1
22712207.16018129,41.51313466663319,15:34:00,-1
18433197.507147107,169.91409822485932,16:06:27,-1
41738231.414698936,85.5641506473938,16:13:27,-1
89005823.8504978,93.30370265229888,16:05:06,-1
82510407.96717021,330.88841627261723,16:17:40,-1
77181427.82728674,322.47478444560625,15:57:11,-1
2941171.235745632,357.85012734962504,15:29:33,-1
50516013.84920126,277.0378981921584,15:45:57,-1
44681992.78431306,142.75033261410954,15:30:03,-1
36878966.29608337,121.93202722355576,15:58:22,-1
70332187.32576843,96.81710360196324,15:52:52,-1
59447923.6403603,160.90780300969263,15:47:05,-1
52510755.07360186,253.84474153970112,16:16:04,-1
5475609.145547539,353.93369428955776,16:15:43,-1
63059956.91105091,256.50017341922256,16:11:31,-1
86560616.73257047,283.54053232988133,16:01:27,-1
47762177.900330044,103.72809160003789,16:04:34,-1
26564235.43117866,275.2072867510772,15:27:38,-1
22118958.35757587,333.7886234783479,16:06:10,-1
36184163.34147861,278.98995634257125,16:01:21,-1
82667700.07279417,72.68817555085927,15:58:47,-1
75306364.00056346,182.17160524597347,16:13:44,-1
46646287.8939509,266.48502100713864,16:07:05,-1
23217830.521708228,233.55227017481496,15:46:41,-1
235914.66099693064,218.99805479088343,15:54:00,-1
67156427.14758824,217.7127717194852,15:51:09,-1
13936285.20676863,213.54501409218196,15:47:46,-1
28148155.007572874,280.7030366383908,15:25:33,-1
478640.1646089367,19.296141843890705,16:19:57,-1
40076295.40906936,245.24878532909307,15:30:39,-1
40809999.53153215,175.5213512638508,15:28:11,-1
936686.56554174,238.37662209821792,15:49:26,-1
34851235.73006966,187.77307698880705,15:50:41,-1
3059601.881908877,313.8041897441992,15:43:20,-1
58067098.501230136,21.704444200370947,16:22:57,-1
47072412.12970003,37.72666009360884,15:57:37,-1
3479485.440321973,251.1888800086672,16:24:42,-1
56363858.97765688,129.41973632337067,15:37:29,-1
53738807.99268755,199.357831821785,16:01:52,-1
89883585.88073105,138.0126056411856,15:45:38,-1
21229313.525129803,9.965292403462858,15:56:21,-1
45372740.39564129,182.64923715530412,15:27:54,-1
56376691.39152294,120.30741589439776,15:34:59,-1
37985789.32075906,292.6933484193729,15:44:35,-1
61454315.281546,250.10054612978263,15:57:52,-1
32898596.10263964,256.2775615699565,15:43:00,-1
54008284.66240202,302.0675241581021,15:35:02,-1
41431029.22068613,280.4817044281248,16:08:59,-1
73613250.38006228,319.98204314447315,15:37:38,-1
34159530.11345141,340.56001880425464,16:20:11,-1
17489088.615911223,272.6623698435836,15:33:33,-1
37423943.62185529,228.06208577346464,16:03:51,-1
44645015.77207151,233.8014927675405,16:24:07,-1
61421364.8703471,303.3465340731221,15:59:24,-1
36616973.40791807,185.3123117041368,15:25:44,-1
70604160.48049784,90.41385903979652,16:12:37,-1
55692387.65230834,238.26731090978396,15:42:48,-1
28145949.8453454,340.07008141434426,15:52:52,-1
56289699.35518941,59.16630170890957,15:34:26,-1
83526474.86606644,331.3189460442651,16:16:54,-1
50320774.86908341,156.66023318737186,16:09:26,-1
42367964.36319954,193.55105299136216,15:49:16,-1
43678537.509173885,227.66223513801052,15:26:18,-1
5428123.245641193,69.3453657282628,15:59:53,-1
71568764.33560713,234.1833662921052,15:36:40,-1
22961370.79266161,211.86495433300087,15:59:33,-1
63192540.77040493,210.5165178584051,15:49:47,-1
40361349.527074985,249.39018839537263,15:59:18,-1
62663576.53109594,267.79268193754234,15:40:28,-1
64510430.02011596,46.580729903293445,16:17:41,-1
74909579.61812083,75.28978419569282,15:56:17,-1
4642680.246650032,343.1002306281743,15:44:14,-1
75583925.69472584,177.3241043190812,15:35:53,-1
88045326.46960422,23.588835752466967,16:20:31,-1
8007608.391548367,30.576931543950447,16:12:09,-1
53503751.69904955,95.51013819645549,16:12:02,-1
11677375.050296877,208.4137574323512,15:33:09,-1
50330119.16592626,251.5852238727131,15:53:00,-1
58490961.30328096,85.02151872948308,15:38:15,-1
27717077.119785145,103.33578077864456,16:12:08,-1
15829407.906744149,29.81394328274622,15:28:25,-1
56990287.45334252,43.19042778410179,16:16:18,-1
42017273.27777018,338.09091187420114,15:54:36,-1
58174545.27064099,163.2549970232089,15:40:53,-1
62060968.11963125,296.2285989831732,16:02:01,-1
37245375.40833387,100.16169021513252,16:24:42,-1
45840589.167939454,188.6159761273735,15:40:36,-1
81163279.74937843,248.58857673441688,15:46:19,-1
67268800.44765362,183.237563752077,15:35:51,-1
81380553.67654066,195.58080789329637,16:08:37,-1
8740604.673684238,262.3266029516457,15:28:58,-1
8966618.638168154,14.711301678362862,16:22:18,-1
44802024.76949081,321.63038304273687,15:30:41,-1
82887925.16147152,258.5021138264097,16:15:11,-1
32257654.867957234,161.2577849514365,16:05:56,-1
14721761.270580595,330.3207703847119,15:34:46,-1
28613333.510489795,330.46884009074665,16:00:14,-1
20519189.5092794,59.86121968769595,15:30:17,-1
49230570.280597016,204.5234925002578,15:32:28,-1
86124929.47256282,32.63062839333067,16:17:08,-1
19458089.72742317,140.28246506344595,15:28:26,-1
64623233.73013324,95.6207505237064,16:13:04,-1
74832490.6049926,150.17518044126794,16:16:08,-1
65383237.346301176,201.0587896831246,15:43:42,-1
21520406.70044267,307.5745225408715,16:18:22,-1
18363620.531656567,266.156494358649,16:10:11,-1
86795901.22059602,91.6813010361087,15:26:58,-1
44786487.82887739,71.61187340001823,15:55:02,-1
28303350.88591356,279.68035893745,16:14:30,-1
86288195.2411358,127.14443207158664,15:56:52,-1
40913719.61334395,221.47535627104904,15:28:00,-1
84975186.66572358,221.5045152899052,16:10:35,-1
78144845.23220308,178.0359063920374,15:36:42,-1
12218166.276814902,197.0660734822676,15:59:21,-1
1393620.9534686217,174.8129181163444,15:41:34,-1
17366975.619636882,342.83714991600027,16:19:15,-1
82312729.0412474,100.44414532443328,16:07:20,-1
70725397.02088036,135.7769945892124,15:40:36,-1
38283106.287555054,174.7645774064763,16:02:21,-1
61177991.95554822,2.3398239933864984,16:14:42,-1
7623143.942097375,108.04787127396422,15:33:18,-1
6384533.607967998,232.7121933519204,16:14:57,-1
4748563.546945385,52.40372026821121,15:31:56,-1
54153313.431739,212.72798053452271,16:12:45,-1
83821838.00706379,108.67464246598092,16:04:09,-1
32395483.158017494,32.97682574191605,16:09:41,-1
4908246.971714714,109.52686862262608,16:06:54,-1
76486334.0402494,339.8416736758085,16:12:59,-1
51210394.30977064,217.05256595637533,15:51:09,-1
66568396.83404414,184.52518811377183,16:11:49,-1
14487144.907218557,259.4059812606126,16:16:48,-1
69506941.96559289,60.96813191431221,16:13:21,-1
65058956.63117904,63.92683189193679,16:01:33,-1
9509728.28971034,56.60165133316247,16:05:10,-1
73732068.51984929,336.4773195157912,16:16:04,-1
57156725.51745156,60.53083561752907,15:42:11,-1
20436752.07235636,112.6219658048986,15:48:33,-1
10583050.341769308,336.0528705532791,15:33:06,-1
18822168.16375157,8.07494571474729,15:54:06,-1
32242027.24119987,356.70759304554474,16:18:06,-1
48346462.79548317,218.7642926953792,15:33:10,-1
47864879.03836394,270.2114705235843,15:28:30,-1
79962806.18088256,105.95575440303396,15:46:45,-1
84464377.17386481,133.50396186621586,15:35:29,-1
19196468.778015573,205.8065264423519,16:14:15,-1
79161931.03346379,162.7039516977918,15:50:42,-1
50041790.41171444,239.6696409914111,15:35:36,-1
57424398.9420156,57.75014238274131,16:09:54,-1
5337902.010035139,4.421704454482414,15:54:22,-1
80354068.45727682,155.65347505951425,15:48:32,-1
5806622.304733833,142.7428507738674,16:08:14,-1
71148709.6203622,80.6946514381498,16:04:01,-1
17585057.321653932,184.2576272833776,16:02:01,-1
84876522.81912766,137.0336648216373,16:14:07,-1
86548047.43823044,13.098887619767524,16:00:56,-1
20915440.178791933,183.35714862981595,15:34:26,-1
13990262.598816289,132.87957605288594,16:02:40,-1
4478103.627691727,14.891281445625555,16:09:27,-1
52524915.34987632,189.0499826595499,15:26:33,-1
14687701.69565797,218.2775511814853,15:25:43,-1
85040237.93223608,112.62073306688488,16:12:04,-1
73310052.91602744,282.2758389624867,16:19:56,-1
26541600.779083107,84.88695415028653,16:18:12,-1
72863713.56788719,56.95018239102655,15:30:01,-1
58523662.91617908,358.10309837669433,15:37:19,-1
65816236.54535028,350.45067601318414,16:16:41,-1
79714952.17244545,180.00362438427723,16:24:58,-1
56505951.05580014,87.2150525684616,15:43:47,-1
5248574.199272515,161.11290709606382,16:14:29,-1
47459148.33480658,348.0724413583916,16:18:41,-1
61759565.87953196,287.75442934989974,15:51:46,-1
21704527.96640503,73.81466029883373,16:13:37,-1
80479588.80506612,192.6637782725672,16:22:02,-1
42850892.991098985,307.1733048089812,16:20:30,-1
62749014.25997087,87.66683230565366,16:13:07,-1
33205977.58076463,176.07248447621032,15:37:59,-1
69257508.03951253,302.6658116096392,15:30:04,-1
67661605.85689211,203.47511614404,16:11:45,-1
75454863.88273436,351.1735624975868,15:52:34,-1
17629390.99501762,264.1038312293605,15:34:30,-1
26293239.000382934,277.5727987727545,16:22:25,-1
52915957.54502928,59.577764782668886,16:10:35,-1
21871035.96199859,256.2042829155183,16:00:28,-1
22190767.39609273,359.3544346687891,15:53:00,-1
5668080.820451078,291.7029224224391,16:12:42,-1
53246361.28505831,66.79655078228609,15:57:36,-1
89779944.49145062,128.5733690282947,15:40:32,-1
13469290.1263324,329.36533698554695,15:26:44,-1
12567055.894727448,11.445842115267595,15:48:28,-1
62723399.20237304,247.66813186492868,15:44:07,-1
38121439.124942034,112.33166035709256,16:05:05,-1
25064618.50950597,38.21511163435584,16:11:45,-1
71882905.38577843,308.15112655148755,15:42:36,-1
156541.4168574676,296.8419801297814,16:10:36,-1
48719567.80587646,75.97493689964298,16:03:28,-1
13123349.823910888,107.05574517619816,15:40:31,-1
35822888.9172839,63.46132194683367,15:59:08,-1
55142807.1370473,120.05340022151027,16:17:08,-1
43397589.79839595,164.8953160103907,15:34:50,-1
46499125.64300553,117.93459012485091,15:27:34,-1
6041505.322849056,213.7927169051015,15:43:19,-1
87782762.44230759,325.19071437945706,16:25:08,-1
10531709.005106203,208.51352327244024,15:27:57,-1
42457463.99517504,319.5257166716127,15:28:01,-1
5943639.914964879,39.80567296851469,15:39:36,-1
12784757.761479754,203.2569543690633,15:25:53,-1
89381419.85581534,319.2587757603093,15:27:55,-1
57958490.544925176,171.4808208007945,16:06:47,-1
17316653.326637227,221.07928007824827,15:29:58,-1
49988292.79592837,335.61669590357263,15:52:37,-1
39385972.58193684,196.8649271495231,15:36:03,-1
58266215.9471756,221.1310984083889,16:21:10,-1
70615699.77137539,320.0882225320795,15:38:21,-1
81408997.91930424,340.4734340744535,15:59:05,-1
75071894.78865688,166.8623295467161,16:14:46,-1
67883403.83344668,224.2747485348698,16:02:13,-1
63934128.299760655,40.952795626396025,16:03:26,-1
54742762.48477684,195.45659610975744,15:57:47,-1
17243601.848565966,250.4828099684152,16:00:10,-1
70832103.74528731,254.27264799988367,15:35:57,-1
88496926.56630571,197.64948635904912,15:42:04,-1
1332035.4257290089,116.96563950746582,15:43:21,-1
6525161.552605821,126.40326358216608,15:43:53,-1
19522335.23963787,94.14624429319534,16:18:37,-1
76187939.04864971,198.91171175466803,15:27:50,-1
56904846.87774619,165.85000975042593,15:56:02,-1
62468935.44673197,312.60322962023207,15:36:29,-1
49326253.19663259,159.62782846183356,16:14:40,-1
8542140.903642498,177.9660311229874,15:33:45,-1
5664038.581594049,185.99999122349047,16:19:50,-1
13706878.098797342,219.5913701876264,15:54:04,-1
19538049.10569326,203.2877166552917,15:42:26,-1
8322001.684333242,186.51436273489543,16:01:49,-1
83447511.52019025,278.0356362987199,16:15:59,-1
43620150.20857284,148.75569505828932,16:14:20,-1
58942169.54623094,220.99485600876608,16:09:43,-1
59945495.002787575,93.97848977605184,16:21:23,-1
38996426.66924406,60.63281095721663,15:47:31,-1
32275834.80951041,316.57819962777995,16:16:50,-1
7332595.867106686,345.41860210872034,15:42:47,-1
55503165.23692617,197.40437802950632,16:15:44,-1
43979176.16523033,286.2950179974547,16:01:10,-1
8230982.470740652,172.16311390181988,15:45:25,-1
53701317.058753125,327.59733046393194,15:42:27,-1
50339939.59366141,332.7114802227188,16:04:34,-1
77417737.97750771,273.60897464329247,15:28:50,-1
81966474.63797842,25.883144216831617,15:32:12,-1
77519466.60148261,7.449284747485829,15:44:38,-1
19145352.59511706,315.07330082043813,15:55:12,-1
2994549.7807652103,97.2411894145474,15:46:27,-1
27099998.276068076,346.8648375344821,15:37:45,-1
78221466.92371261,247.6074926472012,15:43:22,-1
79422549.27428642,28.60012268916934,16:19:46,-1
86766509.89029723,100.5994097237095,15:36:37,-1
18389577.92844624,56.98340798330946,15:32:03,-1
37762435.46649866,110.03830403065288,16:23:53,-1
29554266.268004943,0.0918979137677356,15:44:51,-1
37793075.04367576,200.6320183322616,16:16:55,-1
67248257.4253191,240.48955108642636,15:37:56,-1
35129924.473879576,319.19505019221447,16:18:48,-1
35086980.170249134,314.5377677436271,16:23:50,-1
82293749.42538843,326.50204451792825,16:14:26,-1
86913091.09412308,227.38840750009348,15:56:51,-1
34637201.58488276,2.3759890940682604,15:43:50,-1
30508585.425274115,20.425719013434865,15:42:48,-1
12232969.022941409,279.6019199325423,15:44:49,-1
77903113.74204385,227.87243640585865,16:20:29,-1
61824935.89047288,61.99952502343758,15:28:43,-1
5126525.199217306,62.888106513918245,15:53:45,-1
32702035.612172607,318.513359452717,15:41:16,-1
80945024.64555508,339.92490502409896,15:35:35,-1
12221039.088974796,216.8369104816604,15:51:20,-1
69274102.1155456,229.2140758541204,15:30:58,-1
46783252.03456597,217.48679609965916,16:01:15,-1
67271956.34026714,212.64982112702316,16:02:37,-1
78943871.1696834,145.88930423709166,15:48:29,-1
11157989.146166144,305.91931677740865,16:19:12,-1
70737624.0159571,78.02035853490821,15:33:35,-1
44182710.77871245,85.55664591717901,15:49:46,-1
17193083.49526621,195.09696935204485,15:26:27,-1
48159179.97910466,177.32406341732593,16:12:23,-1
36231767.86710654,43.55293130833884,15:36:30,-1
45662427.40105028,107.81283509105636,16:04:05,-1
6815942.637990927,212.62438108067315,16:19:22,-1
71213556.30298029,293.16017779211234,16:22:58,-1
63020097.09214215,221.5389264678445,16:13:53,-1
29247890.971104115,271.1529206844678,15:34:28,-1
6244331.617940362,31.84575283491404,15:53:22,-1
61945857.21304614,24.466212129323715,16:04:46,-1
4368449.362695497,300.8117733443603,15:43:14,-1
25586023.93215144,122.66890798383234,16:08:59,-1
65931458.85151816,156.0562096477956,16:01:55,-1
39431344.89786774,166.50180634217617,15:44:17,-1
9296999.746898891,98.27173725474,15:34:02,-1
3229576.409979289,329.3253589787181,16:06:56,-1
16554830.962933458,43.1365747279951,15:38:42,-1
66281380.20977059,71.64512020281236,16:21:43,-1
22264669.85165549,272.13584390279067,15:59:50,-1
47891063.677138194,277.78048720171586,15:28:40,-1
76205814.32779995,104.5667958632392,16:00:11,-1
83602208.57624331,357.22887914566263,15:55:31,-1
81899330.93810625,200.2562205558468,16:10:20,-1
50265037.05884054,300.8892776668765,16:21:43,-1
42641164.84483037,148.53494050688022,16:07:38,-1
28918993.43800717,286.8291122776872,16:21:14,-1
79129860.97964133,2.020640905482809,16:22:46,-1
37708179.92490403,282.5749327172339,15:31:54,-1
2935545.186369301,319.82901613406847,16:07:08,-1
86132240.52967012,52.6575905235808,16:02:31,-1
20581692.010341898,70.98920051693749,15:50:56,-1
79376126.78675544,40.79755133828283,15:59:06,-1
79347072.0030178,192.05782689882625,16:09:50,-1
14736551.831820328,130.72519648412035,15:28:19,-1
67884851.25273329,44.917393976281694,16:04:15,-1
4840355.89623544,20.92171525159532,16:21:33,-1
81973024.6981927,41.20847760162363,15:54:07,-1
3317160.753966889,288.0471971818969,15:38:06,-1
41943322.78911632,49.796987118449344,15:58:22,-1
54585100.85794712,346.94566840500147,15:39:22,-1
81900559.54168354,185.19232372461065,15:34:18,-1
63625353.26946278,211.04833041565763,15:47:36,-1
75785474.5552926,61.742326920442245,15:28:23,-1
43259868.32394762,150.14761707368194,16:22:57,-1
30398071.83391854,145.8062756919215,16:14:49,-1
54525173.02842332,148.48116258636895,16:16:06,-1
43082436.982358254,98.866750059222,15:29:09,-1
87629995.2624069,270.8376502062534,15:30:03,-1
60965409.60901351,7.991718739924449,15:43:33,-1
20788001.561429948,115.69988975353318,15:52:02,-1
55781173.39922623,321.9010088388153,16:02:20,-1
61080262.82554318,87.59850021999604,15:44:04,-1
28740767.2033015,112.1848705966928,15:57:58,-1
28388469.42912712,216.47669337865017,15:49:21,-1
6403439.872014186,338.74313880303504,16:17:28,-1
89975488.62815619,44.81085837292725,15:43:03,-1
51994410.39628262,38.83874443127846,15:33:52,-1
41642561.263530985,55.82201806082491,15:49:36,-1
69725477.55746774,118.64436563234516,15:45:25,-1
6831752.647021178,14.94438344141252,15:49:04,-1
63898911.4686738,13.903411497415137,15:41:21,-1
27991536.138525944,243.37216534143744,16:17:51,-1
89814920.06623843,300.9071694424605,15:33:33,-1
206168.31632005904,108.53058867583589,15:49:09,-1
89694210.00983961,235.7710069777089,15:58:06,-1
57886707.77551904,10.46004626710301,15:59:02,-1
68618472.28381409,311.23775438060505,16:10:09,-1
78957403.1772682,311.74991331993954,16:00:37,-1
35887718.97753226,0.6522948208356194,16:19:19,-1
68855097.35052554,282.8626772467847,15:49:28,-1
394999.284172669,10.165786512548337,15:52:59,-1
28852088.0093295,309.1017856007237,16:10:24,-1
77705006.74435548,157.2476735305974,15:30:34,-1
45607344.74895845,291.3301155073434,16:05:34,-1
38184580.14054565,257.65321652575017,16:21:34,-1
29706860.425550807,6.707850806155742,15:39:00,-1
20495523.26362428,151.76641637252646,16:00:32,-1
47566153.39644706,264.4523643597097,16:08:56,-1
44531613.94420035,166.24167600291503,15:32:16,-1
30901912.05742304,100.97408740099898,16:12:11,-1
22408267.376021124,29.194712895091328,15:58:06,-1
33091618.06015261,1.2710955185567174,16:14:04,-1
85478091.55458263,322.4837354891238,16:10:58,-1
70298477.84377117,125.22063402001284,16:18:47,-1
51770268.28953296,73.31999126250304,16:16:39,-1
52565683.74019722,242.02152379234192,16:05:20,-1
77366947.81851004,20.32370448187744,15:29:45,-1
54198375.5910037,207.5999245289755,16:22:58,-1
25571597.88895683,94.94683627231026,15:55:50,-1
20343342.801230118,270.9942979879116,16:20:21,-1
25862049.565034736,240.0124660952773,15:28:08,-1
14706451.72294112,13.34507669792135,15:51:40,-1
7834766.715862531,221.36854548051215,15:42:11,-1
29152450.713839352,69.32947329141285,15:31:04,-1
31037564.361798037,37.927821462689614,15:48:58,-1
20247083.604928065,186.1101673369457,16:07:44,-1
32620858.476977456,251.33369381117308,16:21:11,-1
16344584.8453325,65.3099491532396,16:24:25,-1
11438243.918916682,78.63346706786245,15:42:38,-1
10168642.906878589,116.71056102786936,15:29:05,-1
3750226.035836003,14.981898398880553,16:21:25,-1
33255665.775955632,285.4912985691435,16:20:02,-1
37566163.99069102,9.32925938484149,15:39:24,-1
79880560.2782285,181.2444736919278,15:30:14,-1
31422477.7879788,287.3567607202417,16:22:12,-1
16442391.147282347,124.63036074777858,16:25:08,-1
25666496.083005104,349.76299970726507,16:22:39,-1
16735855.390149971,291.5745516021327,15:29:52,-1
60005468.2539025,342.19916229737726,16:17:04,-1
80817263.38484631,44.00876198079072,16:24:03,-1
85729946.81279151,171.00140641670757,15:46:31,-1
56303824.49131056,169.21141047801635,15:41:38,-1
18563512.17277265,192.42843773542972,15:42:11,-1
82597632.63967724,233.9265037322157,15:55:51,-1
2483505.8410141105,127.2770654743884,16:22:02,-1
82405718.3456745,113.75661211485156,15:35:34,-1
13806799.750838898,224.9414437538988,16:07:10,-1
26722072.945194826,41.45091388859869,15:47:48,-1
48497109.65811123,173.7116358286972,15:50:57,-1
52585713.12492434,197.32508425019577,15:47:07,-1
51741827.53968254,93.20917490443438,15:51:41,-1
21516994.07436042,53.17569266111654,15:28:11,-1
4957524.992907371,43.48563487256383,15:38:26,-1
75279489.02836667,334.8058320445733,16:23:57,-1
80922364.09313937,152.50143726360076,16:22:54,-1
44442369.52094441,355.0079496161821,15:57:16,-1
63077667.88324565,10.794582220047024,15:56:00,-1
73928932.9801443,293.09524792416124,15:38:33,-1
52804459.9858432,88.37840996822665,15:36:25,-1
44280296.915123336,43.27231052267248,16:21:12,-1
63496235.69764978,72.9751709515955,16:22:43,-1
86622465.52996752,349.2609181475629,16:05:01,-1
46838711.83277225,2.876107361061817,16:08:58,-1
52634434.36448536,127.36563928182936,15:29:34,-1
12297001.85370716,52.2410195314909,15:26:56,-1
59982810.06997072,157.92576314269851,15:45:29,-1
70200878.300748,128.81212682293196,16:16:24,-1
2888235.3713876186,271.8383075217383,16:20:04,-1
35611662.72513987,98.22518640211582,16:03:36,-1
27919919.030059244,221.7957713703993,15:28:26,-1
81490935.16987225,191.7719153058929,16:18:31,-1
22485145.98328876,76.70168729761566,15:46:40,-1
26209220.008333653,293.60447676229023,15:28:53,-1
40283958.19870882,314.1196171097551,15:50:52,-1
41597821.81678027,95.6404559773021,15:44:25,-1
73597104.29499893,155.67207563109253,15:55:58,-1
21903179.6536779,179.32636455917023,15:39:13,-1
8061165.141580391,196.5755867480695,15:36:36,-1
24810212.89349459,340.0209957383427,15:35:16,-1
46582008.93617645,52.67157254624659,15:25:59,-1
12565374.992144844,113.50633554573984,15:42:43,-1
180810.72156736255,251.4610202410097,16:04:34,-1
74965181.98237814,167.47868436737667,15:45:54,-1
86998949.1463731,278.6044676257716,15:49:24,-1
36866346.62805814,153.91044889954227,15:28:14,-1
7166772.076549745,280.0146809118107,15:46:33,-1
56326570.91367012,43.13796943035833,15:45:34,-1
21320759.58433994,32.75571433789288,15:47:35,-1
55997052.966408186,54.8358658010182,15:39:04,-1
14466783.619476948,27.600903807219144,15:35:27,-1
11188780.791412862,133.9206100984151,15:38:45,-1
27058296.67398892,326.97253540303285,16:14:41,-1
84526472.65086384,29.981327860811987,15:53:57,-1
82969626.14241256,65.03416822998005,16:10:27,-1
75325462.90784346,261.4871640180285,15:49:09,-1
7773134.655516847,226.33772114906444,16:01:54,-1
55449033.6251653,211.26914551724616,15:47:22,-1
1174013.1296162647,67.24281594211982,15:50:32,-1
29226901.310573265,275.9842166457706,16:25:02,-1
68831333.48435259,204.77626210014523,16:12:23,-1
89549192.89749984,169.53842248907992,15:56:20,-1
72232046.61433895,190.4098743110604,15:43:04,-1
18993655.62633756,219.76200808992743,16:11:52,-1
67762833.87738673,15.30592661553133,15:51:59,-1
38357972.028989054,313.42948838545897,15:27:14,-1
55866214.77044113,111.53611641064708,16:07:04,-1
84416419.77806282,252.9234523223305,16:18:20,-1
47888741.189160086,345.334684174003,16:07:34,-1
56142504.11203032,205.1512099539601,15:37:01,-1
16536528.424432624,277.67486662485334,15:48:51,-1
82852105.56191123,108.2900095131174,16:16:58,-1
76133426.3117949,19.08467053189681,15:28:24,-1
73758099.28818758,291.4493968657011,16:23:15,-1
7275790.091629477,249.45353721092667,16:17:51,-1
2620760.0468413904,328.1237278999216,15:51:11,-1
33968690.462691665,203.8199220503269,15:46:05,-1
9475965.027711498,32.53515581048031,16:23:25,-1
10989575.908271434,317.2264270842762,16:20:01,-1
6092323.4819356855,322.0913231286386,16:24:38,-1
8126614.322412541,244.173710686095,16:03:26,-1
74665154.80660623,250.66928483766523,16:13:40,-1
735692.8492942904,94.54814094956268,15:34:37,-1
29018722.09832579,323.4394463116633,16:04:59,-1
36173814.743005134,236.5533846687345,15:30:08,-1
55907887.65555974,68.57389154707089,15:45:40,-1
61132850.59950755,352.2341625109376,16:09:06,-1
11417249.66942644,327.1251282961944,16:09:23,-1
83475705.60654911,115.69528211916942,16:05:13,-1
7618519.914960763,221.88156950552025,16:20:41,-1
38195869.11535554,264.45887773761683,16:12:27,-1
74580046.53921327,55.34521252167512,15:47:21,-1
65365547.828149855,31.08706899344022,15:50:30,-1
74403442.39190501,224.90674274294864,15:46:18,-1
69833771.18330649,207.79223515241205,15:40:45,-1
29254239.69333341,284.91097836036323,16:11:03,-1
87681793.93430695,110.80720825235656,16:08:40,-1
75668841.88153572,359.8111955824044,16:03:54,-1
7065447.654115214,329.0188364148708,16:15:02,-1
58411181.12642996,2.557770962670189,16:07:42,-1
16263560.27442864,74.40931365144135,16:21:44,-1
26794328.772006545,279.49722986232143,16:01:29,-1
49258238.99457474,289.9550292393505,16:09:25,-1
22947352.068299174,211.64725234119877,16:21:17,-1
52741531.686696135,123.55656121770492,15:55:51,-1
25716245.55441689,325.07637577142606,15:57:14,-1
45104136.02837448,129.10152108497482,16:20:57,-1
8655777.518114338,197.06954379512453,15:30:50,-1
16684659.945328197,110.8489393793032,15:38:23,-1
80829974.12978537,201.6468346301214,15:32:29,-1
22778843.413658798,306.90321963130555,16:12:08,-1
76169205.68909042,35.976160270415654,15:41:05,-1
45611984.83050931,348.9291762130923,15:59:21,-1
35270088.18140028,223.62441121661809,15:31:59,-1
73968921.79809424,166.84255775733286,15:39:02,-1
83792517.44679856,24.039873146029528,16:14:50,-1
36519571.685120136,241.8833895576306,15:48:06,-1
66140360.99417633,146.86356662678963,15:28:51,-1
18922857.952244893,70.53145967014494,15:58:02,-1
16320766.54780599,320.00728802426613,16:07:41,-1
52357449.46650212,87.34557193163009,15:27:53,-1
61336422.38057651,208.89121577495345,16:09:54,-1
26651046.991549198,259.5023826148204,16:01:24,-1
67505997.88835841,261.6638088493584,15:33:56,-1
15684499.12812887,216.0447807093588,15:54:18,-1
30923944.85385588,289.3925745802703,15:52:28,-1
44675327.73190761,162.069480362817,16:19:56,-1
19747752.26139069,92.0775254101316,15:41:51,-1
47554071.69742562,304.85654246869643,16:20:55,-1
59451848.06962373,109.34170779483809,15:46:15,-1
18561721.523408584,102.5337337712911,16:00:56,-1
53653837.72009205,321.34144298806103,15:42:54,-1
38855281.64988914,194.2623196123441,15:56:50,-1
58473644.94935638,5.95758413168376,16:16:35,-1
84610744.88592808,209.63239137081044,16:15:10,-1
15062151.936966185,113.18778324926036,16:01:15,-1
36670747.86891888,294.3636182738489,15:45:36,-1
71757850.45661923,233.84069573864983,16:09:23,-1
20452777.032192204,91.0962102274631,15:56:40,-1
67381210.30925696,193.61193812951407,15:48:50,-1
69106668.11853775,94.92898008449012,15:37:30,-1
23480572.79131741,236.1284256588956,16:11:27,-1
28166409.651513506,306.6556775667826,15:31:32,-1
86065661.62921035,274.66623967926563,15:53:35,-1
10707178.163240207,231.33579735977332,15:58:34,-1
57315614.49601803,262.4904965354239,16:00:46,-1
38251118.12520051,294.0435192385079,16:06:16,-1
71872291.92257166,353.60491586694627,16:03:57,-1
84097308.42429194,254.32693484225229,15:29:14,-1
35699898.68654592,101.24225987658092,15:32:04,-1
57560550.536780976,282.4725786289393,15:55:34,-1
29156129.322480187,91.8234946736675,16:22:31,-1
47133494.34881233,34.1686807399462,16:02:17,-1
73859667.15401724,37.32488627097049,16:20:49,-1
20833567.33387226,93.95829232100476,15:43:43,-1
39378142.00773736,111.96900859534556,15:46:51,-1
47392457.25723308,12.190268272254894,15:35:02,-1
70965945.38222693,205.4884638403657,16:24:12,-1
46441818.35018942,30.77485794028858,16:24:56,-1
33971061.96249084,213.966787418496,15:50:33,-1
53217133.151382565,166.8119363709601,15:48:01,-1
18856498.38763718,326.1302174672812,16:09:17,-1
69674612.85445653,341.08912973610086,16:21:25,-1
18047520.525944404,7.785851685887297,15:42:53,-1
17271725.116344925,169.96853774145478,16:14:55,-1
87416868.39396767,258.5848838360973,15:45:23,-1
22255083.93504481,207.4097697509336,16:01:54,-1
85508347.61321647,275.4810547523449,16:15:15,-1
27513244.893668607,119.85734987335904,15:37:41,-1
15689934.148419697,122.42842036130034,16:13:56,-1
46907056.96423302,12.37621920858083,16:16:53,-1
88520248.8959493,96.93451319049947,15:41:28,-1
62207549.60340174,9.010145791022168,16:14:51,-1
4884799.481686457,87.16131707746364,15:45:31,-1
27069228.664917544,35.21525940791108,15:58:39,-1
70874604.83005062,299.84730180297214,16:15:01,-1
11679603.75112745,272.79866737590066,15:50:25,-1
76218891.9032361,182.8174022956162,15:34:05,-1
63037498.914238185,80.9868883600563,15:42:19,-1
18347150.98703925,157.68812276462123,16:17:47,-1
65794599.973488405,158.1437435652253,16:15:06,-1
29557286.961692348,84.0892630163286,16:04:32,-1
49135177.10140134,108.3531955404377,15:41:01,-1
33731195.67340627,186.995538517117,15:45:09,-1
5962224.32312967,107.92659908805662,15:28:07,-1
78635098.71694893,105.99756352637873,16:16:48,-1
10622266.22756816,325.3403769381398,16:23:55,-1
48644493.74145894,211.47053884627024,15:48:47,-1
70039936.33179687,202.23719197584745,16:21:54,-1
33205981.378836323,287.0436451428428,15:54:48,-1
35865253.02776397,305.16632119795776,15:40:33,-1
46092487.375125736,196.1064244294949,15:52:46,-1
27540556.89078905,41.806617859722046,16:09:38,-1
67537399.82157975,144.08604109908543,16:14:23,-1
36650122.80053458,42.1322632639998,15:37:38,-1
16495427.996918278,71.86193348404454,15:38:15,-1
34844203.532725945,338.96213578214946,15:54:49,-1
55252730.29016418,256.33303049440013,15:44:04,-1
61226590.102234304,43.57253636475725,15:41:05,-1
61648653.54063887,320.50754567613166,15:32:51,-1
39530389.048096605,136.6844632103634,16:00:25,-1
38234417.88511035,74.16652695652664,16:06:32,-1
74486420.38890228,225.88590138260733,15:31:32,-1
32256903.24024933,179.92337549946916,15:55:34,-1
47669249.56046072,143.31729331648054,15:30:54,-1
50087911.01926061,304.8449943348669,15:58:11,-1
82946276.52885008,285.022230475538,16:16:11,-1
83544736.99457936,217.2551666267933,16:09:38,-1
89711665.73161356,26.35216915198923,15:53:55,-1
4775254.20194071,323.04424863834225,16:19:21,-1
11881359.53268661,287.4247599302178,16:13:10,-1
49634392.101609685,89.03950479322224,16:17:16,-1
31897318.81333938,284.4881237638941,16:11:26,-1
47649726.06257559,257.13405865981423,15:30:32,-1
23570764.635855194,24.090028310681184,16:05:22,-1
33018811.157483667,188.90127080562496,16:05:03,-1
34774654.55534916,334.59998125530825,16:00:14,-1
63237128.68665154,257.82071620475386,16:15:43,-1
2302884.2771977754,320.24977806946816,15:26:35,-1
4229886.132239491,315.6491985017404,15:46:28,-1
75097359.09893882,50.26374564021332,15:56:49,-1
19193535.54426585,236.31844008140973,15:30:49,-1
19081524.992365528,47.97021775092141,15:34:15,-1
66886967.13537809,243.32039976754015,16:08:06,-1
70335902.02707097,176.9988232714225,15:28:34,-1
81832982.48321384,113.04861537521286,15:58:16,-1
87518289.28657487,64.28680475482774,15:48:19,-1
21636677.454271927,275.49379315500886,15:41:27,-1
68595366.91353285,61.899560317671536,15:37:18,-1
68379012.00989084,23.338452424417945,15:55:32,-1
57923263.40326118,18.222977974988183,15:56:31,-1
27138505.42956441,99.42830949194769,15:47:25,-1
15299348.978258016,68.95152479285993,15:32:03,-1
38371352.86651742,337.8032182523999,15:29:33,-1
39448817.31914911,30.32715728199099,16:00:42,-1
57944675.26092587,342.6082038142617,16:07:05,-1
82793949.73425855,276.8394962856302,15:37:13,-1
8223657.912183235,200.68424710475816,16:22:55,-1
42566807.35858356,157.26072768895884,15:37:08,-1
64727985.12874506,234.01367814978968,16:08:02,-1
80326082.66091155,94.44561287725791,16:22:51,-1
67093343.21595273,349.0374274209813,15:59:06,-1
83635788.48558344,82.5467971942236,16:13:16,-1
52834193.9653464,232.14304503023544,15:57:43,-1
70689042.63860394,129.32443149106925,16:12:46,-1
43376630.40329288,145.7044230617223,15:59:49,-1
58137501.64818784,74.91679474629092,15:52:22,-1
89041069.58405057,345.99284493416366,15:48:29,-1
50160722.703175314,73.14526309383497,15:28:34,-1
27149251.37375085,55.12834432913725,16:19:40,-1
39464248.817582496,135.79066566791536,15:36:03,-1
32910394.48119383,288.1785563996872,16:17:20,-1
68986220.21832593,194.15131099783864,16:13:42,-1
22372877.041942146,260.3160580508601,16:14:56,-1
41197662.41769134,70.41070425981142,16:05:53,-1
48892042.28015349,47.87018754761286,15:52:27,-1
58784704.16520226,11.591524818571756,15:32:19,-1
30544794.30435532,99.30814456949943,16:11:12,-1
52160733.39827343,264.93645060936046,16:19:38,-1
50191504.10404501,185.03814089752504,16:05:36,-1
31837353.697150536,124.60920627684612,15:34:50,-1
17388588.574179206,102.14409197963184,15:59:09,-1
49035354.16798318,60.24334683417096,15:35:49,-1
63221529.45585891,108.1229337050036,16:21:02,-1
53168386.241021134,217.5137077576986,15:48:47,-1
41150787.917117536,164.6452110481854,16:22:16,-1
28532166.621470187,342.8706824317416,15:36:16,-1
5733383.344769446,3.970549960639098,15:39:59,-1
25692395.076139297,297.05324602679565,16:14:27,-1
59480830.05594099,234.49556923898976,15:55:54,-1
70153689.68882008,135.62232708653147,15:51:01,-1
17039607.781326454,183.48716629339825,15:32:12,-1
43098479.84143735,189.34280314068783,16:05:24,-1
41498353.01776915,79.70552660413004,15:59:54,-1
85610135.43326955,101.8184474236355,16:10:46,-1
87143332.62411553,53.60744387370882,15:55:48,-1
29272970.12579605,263.01973818729,16:01:59,-1
48430222.949014686,22.53302710414918,16:00:18,-1
8554078.393394154,185.3497386302868,15:55:50,-1
74317121.83533351,146.00110260905262,16:02:56,-1
20603270.959581017,179.9814182187124,15:26:03,-1
52632339.78193981,58.09730309951859,16:12:19,-1
72892647.35536502,199.70467841130804,15:30:45,-1
41290939.79839913,53.76454144140321,15:34:33,-1
68187933.70244603,174.3509081179719,15:54:29,-1
86690453.65939595,49.26542902857443,16:16:15,-1
36955210.292017065,240.2054071116765,16:14:43,-1
43082887.795135655,172.68066603808506,16:19:34,-1
12237869.671376351,124.9934483122882,15:48:51,-1
24583711.846037246,269.38557792248673,15:50:41,-1
86542987.97124556,218.18508730308508,16:12:02,-1
84963091.6721765,286.49261456447965,16:08:31,-1
15486465.42593611,217.5958016953824,16:24:21,-1
38746231.90246999,0.1467589050022377,16:10:22,-1
69888699.8646957,179.83437541722438,16:20:28,-1
51251462.35752419,266.43658916858493,16:09:18,-1
84842188.15445884,287.1252168824621,15:52:11,-1
84336756.743094,1.9974599469954637,15:44:37,-1
52299055.55618101,189.2234424621141,15:50:30,-1
27450117.74160972,204.2112070782192,15:49:02,-1
42581632.92623347,205.9187348504645,16:19:45,-1
50167192.05536223,164.50911994179094,15:40:56,-1
89072265.94318779,320.71037791020603,15:52:34,-1
14480166.367133986,95.35578649118467,16:20:35,-1
48977013.48406173,60.70404905458032,15:42:35,-1
14311162.967055157,334.05419270819755,15:43:03,-1
1304607.0687125877,145.98378799965195,15:47:05,-1
10642564.253619423,172.51897478203878,15:51:50,-1
82623608.84400187,280.4129847764323,15:26:39,-1
2493840.8528984645,169.59755835279427,15:48:06,-1
38989887.38446451,151.8855562237615,15:37:17,-1
26761775.96597698,353.4630369520949,15:50:48,-1
6805412.121687464,298.0660771349703,15:25:31,-1
20848443.43909676,198.42413217615865,16:09:27,-1
68135203.47360502,298.7652798401918,16:25:11,-1
50681638.72248387,88.4661423165054,16:10:45,-1
12920429.664921632,187.95206141707504,15:43:15,-1
81044664.58275704,314.7385434623816,15:34:03,-1
37747544.4192853,232.4054939289417,15:28:56,-1
25297046.871927302,108.694951196513,15:36:43,-1
86336494.73056187,321.5220933434993,15:54:20,-1
46969949.194992825,33.90902209468385,15:56:45,-1
77962248.5867954,236.74354793650485,16:23:04,-1
12924273.196621591,358.4195437257084,15:34:56,-1
87096450.18657365,278.70755248775725,15:44:31,-1
69440271.02579522,35.78462925023581,15:35:50,-1
26461424.04752849,46.07182656168796,15:43:37,-1
62375899.440946944,225.67268567216948,15:34:02,-1
68458603.9989078,26.97939826568084,15:36:53,-1
58545512.64375848,305.3930173310742,16:15:09,-1
58009106.27392955,0.4403885568144483,15:48:59,-1
85681868.4729946,208.42099506138837,16:05:39,-1
974092.79195882,124.92687012238396,15:36:58,-1
25771838.77748867,228.7798982386136,16:20:51,-1
61639621.44573831,90.65028355720834,15:58:19,-1
20451198.844410688,46.921149923742455,16:13:50,-1
68916604.67017917,145.28994924266811,16:14:22,-1
54542185.74956546,8.745144761895208,16:13:29,-1
82748296.1933869,41.79104171859846,15:44:59,-1
57091249.78112669,56.45073393768558,15:48:59,-1
60355641.10661761,250.5395563589938,15:40:48,-1
18923753.409852628,167.70167691983087,16:20:49,-1
23890475.520602383,120.89519998673336,16:19:32,-1
51790121.71285289,258.2832833705619,15:56:10,-1
33639915.97391952,340.1849955771828,15:33:15,-1
87997202.42190757,148.39638652138916,15:42:05,-1
29177871.958085258,70.32971304658848,15:28:08,-1
87993557.71708558,269.4270174072988,15:51:41,-1
9355196.551261062,328.7660549166177,16:06:46,-1
33660191.84652356,3.268166594849582,15:50:35,-1
54802085.98732596,298.7635273550832,16:24:51,-1
69683291.62080373,303.1237069180927,15:33:15,-1
26671909.89023037,342.57477759711264,16:07:00,-1
15076869.968044644,6.2275049580978425,16:20:36,-1
50125623.160468645,258.1987657601023,15:59:48,-1
67138998.50582442,262.3779518737573,16:01:23,-1
29436127.36546428,261.9096923070699,15:45:46,-1
22483073.397702064,175.33157479845534,15:56:16,-1
40191673.752578005,296.1703875275454,16:24:17,-1
20715700.82916155,269.55347872668017,15:44:22,-1
62580466.26895538,26.95445600063953,16:19:07,-1
26586243.99776663,8.578428673465766,16:06:04,-1
54843304.9712188,174.56134294062588,16:25:09,-1
20171734.187225904,312.8301040909599,16:04:46,-1
63269188.523296215,112.20644818693069,15:29:53,-1
67562820.49842715,189.95906687930628,15:58:50,-1
85467773.43152927,341.92053099575685,16:09:07,-1
58995387.61322755,335.3474610022581,16:08:44,-1
3736235.10511262,248.07140574380875,16:21:34,-1
21043572.28401014,134.22348727037567,15:36:37,-1
81444659.87864065,211.93278023069917,16:15:50,-1
52260634.56047197,119.00485391462432,15:48:08,-1
22365525.895082373,350.75827556242444,15:37:50,-1
40101853.42443855,153.17131384724158,15:32:02,-1
3382119.156813526,162.21226586119724,15:29:56,-1
69809497.46266574,173.22367351129827,16:20:42,-1
35822187.14364012,169.37345579478233,15:48:43,-1
78452344.02256854,319.8143176846968,15:46:41,-1
25022231.17415593,352.26994352036064,16:18:55,-1
57055444.89960075,13.16351792423884,15:41:32,-1
82675773.595641,348.05944430698406,15:46:15,-1
18329434.900562044,293.1079995350546,16:24:52,-1
18954737.102528986,42.97510527535408,16:23:49,-1
43655433.99875156,131.39829717862264,16:15:02,-1
11968734.03981888,159.14016154684214,16:20:48,-1
11526960.774035094,80.12440206000205,16:01:24,-1
57050640.40273064,94.90230627668448,15:46:01,-1
26767889.446941946,155.75298942694988,15:30:12,-1
19305340.815526936,346.3203646806518,16:06:30,-1
58294444.99620845,171.99201125737957,16:03:11,-1
69343460.18514304,87.87496268658863,15:35:59,-1
3180927.311186427,305.6704942462101,16:17:30,-1
61469743.82879447,223.83129752832872,16:12:51,-1
29104192.10627647,249.2163756376207,16:16:53,-1
17340712.41635462,225.8698581858405,15:54:15,-1
75365773.99604082,119.8658192413672,15:51:57,-1
11529328.845972553,246.3306122934386,15:32:57,-1
24671232.428234745,183.6914587476882,16:01:39,-1
54176231.03803315,301.3663524925067,16:10:49,-1
1009340.9693501872,68.65576606463694,16:00:21,-1
51283849.14026884,19.83949958109313,15:51:57,-1
38465481.098932624,89.30082607747791,15:32:59,-1
20984790.227127694,20.723778178145672,15:35:44,-1
86450307.8375539,148.6544867754958,15:55:30,-1
39255402.17231501,244.726462101635,16:05:21,-1
29975730.192712385,63.54492189522562,15:26:39,-1
38948886.70591166,230.67322229892093,15:28:24,-1
81642559.74183345,202.85966177462095,16:03:54,-1
52185697.87343368,22.733705885583472,15:27:17,-1
39427655.68221983,101.31695933183516,16:08:42,-1
21864725.20890594,181.8099497063084,15:53:23,-1
83659910.14777704,106.2324899699822,16:19:08,-1
26179991.78779797,236.77695893908725,16:22:11,-1
81564534.18709001,191.4923180181666,16:03:32,-1
28539971.082465146,278.0216199095875,15:47:53,-1
33922125.64445962,326.84839996260433,15:32:53,-1
73882760.78318404,268.9329900667918,16:15:10,-1
20223716.633582853,340.3657729667138,15:46:56,-1
83146244.2397479,175.68619729369658,15:31:56,-1
18176495.53963648,344.4973150873343,16:23:11,-1
20606509.12438275,279.3386883329988,15:46:56,-1
27727151.41827529,95.19925810985106,15:57:22,-1
65739940.74571703,277.9997407838358,15:36:27,-1
53955490.98288136,299.9936995309643,16:02:17,-1
6724555.427837855,94.77339912959008,15:33:27,-1
53176425.15702181,117.15166148101662,15:50:45,-1
38523430.58687585,41.24935205011395,15:36:13,-1
75490444.86313954,289.6402905044068,15:33:36,-1
69390450.1324981,175.4259250324821,15:44:46,-1
74294780.76828295,14.427599920024846,16:03:05,-1
46542711.19425108,334.75759738422613,15:59:31,-1
48128912.41266463,146.7195679480012,15:49:48,-1
39118489.20600934,184.45287714187387,16:21:51,-1
56756257.57758021,132.06843167590443,16:10:07,-1
45232343.668583326,145.92296336050467,15:54:00,-1
62354557.33940744,304.5227717693766,15:36:15,-1
24606945.88724408,177.13770180224267,15:40:47,-1
63061076.13699569,258.9349443436906,16:07:26,-1
39001121.95055269,232.74989325188795,15:29:07,-1
4213348.31194132,196.1262457432669,16:19:22,-1
33134102.521840025,102.08280891668564,16:23:59,-1
5863414.4149544975,295.92379778602856,16:18:38,-1
23310554.638705872,139.55772939811777,16:19:07,-1
80055018.25022574,61.65448713705513,15:59:32,-1
8233079.038786561,341.5458610654638,16:23:45,-1
61600389.96704254,337.9631029879901,15:31:25,-1
22869867.99945296,59.91202390259319,15:44:20,-1
47063982.80688831,121.76680420147773,15:27:11,-1
3259090.2813412272,95.72054689874832,16:15:40,-1
69523971.95204914,115.28949359834364,15:31:19,-1
79421792.84219138,356.03200269676194,16:24:06,-1
65522206.428982295,110.83673756291935,16:23:43,-1
47426796.342556246,283.08249087932853,15:43:37,-1
11210431.747814244,182.8176272936377,16:23:36,-1
52839913.85058309,159.8510200567797,15:45:15,-1
47540925.57174859,110.9668697287853,16:21:26,-1
68144746.46603166,342.65971048969044,15:55:49,-1
65145923.54060706,0.0162141266830095,16:11:28,-1
1910320.567561704,39.330816955886206,15:34:28,-1
34601940.76443038,49.83270308926697,16:07:58,-1
49158175.771822885,249.57482819184492,15:33:51,-1
72251733.1645359,47.35090808518997,16:04:49,-1
64947986.15881905,310.3745681142734,15:28:58,-1
42924015.93815804,306.80193867532694,16:24:07,-1
19124197.98897476,315.805891143709,15:43:11,-1
72001674.4424736,101.8889929625468,15:36:54,-1
12076249.994548036,102.90949916214602,16:23:06,-1
70092775.75746286,335.5809953129401,15:58:19,-1
46387921.800934136,135.99793061827165,16:11:06,-1
12774925.045597306,326.134628336602,16:14:26,-1
8774750.173413819,70.00055644226077,16:23:08,-1
25374924.256187968,269.0662205446003,15:42:54,-1
65585366.17987179,129.15903854352035,15:27:06,-1
39978989.54366537,263.3231369479555,15:32:41,-1
60391002.754572414,42.970359801519066,15:33:34,-1
54112763.4481247,78.59950213960147,16:01:41,-1
14398698.46748877,78.92222122238601,15:28:54,-1
32282074.60387004,349.96372559098705,15:48:17,-1
37316647.16393527,242.3544343395704,16:06:59,-1
32898715.840410847,302.89358152770313,16:01:32,-1
85426773.35371524,335.8217513313164,16:08:19,-1
17347701.032243036,72.93560158744893,15:46:03,-1
1064252.2821586935,316.4550010461156,16:14:40,-1
38682499.31920393,138.4748942388708,16:19:00,-1
29039968.36656522,144.01670743244514,15:54:00,-1
19735809.07191612,12.77694564627641,15:56:42,-1
42714427.171348125,265.31123010357675,15:31:38,-1
74068495.59501232,35.468749494740294,15:45:06,-1
56135062.46368669,326.6800640284896,15:37:57,-1
45104838.287732616,125.73111118392306,16:25:27,-1
4326498.657447673,52.35078590470706,16:20:22,-1
45373194.60354635,159.36053028656613,15:35:14,-1
19592886.825669598,204.31704253946052,15:53:25,-1
24910961.241476007,322.81708356639774,15:47:03,-1
7651955.65775716,195.99907647375767,15:44:15,-1
60370057.92314092,201.55679762710676,16:09:46,-1
88491591.04877934,102.06235845129132,16:13:47,-1
44812421.20700965,316.61380521005697,15:44:09,-1
29571665.048037857,254.6598049894498,16:20:34,-1
31918450.367949527,132.1655616085663,15:27:10,-1
72805432.31237549,305.3270697450868,15:33:55,-1
61966334.76216496,107.0265959758969,16:01:37,-1
76031069.42834657,318.5612898273523,16:04:30,-1
40250281.75834571,188.5427269785323,15:38:31,-1
78034876.45838396,37.11243284454549,15:49:22,-1
59742802.09789989,133.14352231381545,15:42:27,-1
11546179.694827318,320.6588742388186,16:01:31,-1
35479344.67788842,107.8629449188212,16:03:06,-1
40046421.61229033,10.246626037755853,15:47:22,-1
53096387.110283874,290.6864509375418,15:49:31,-1
53384136.44781285,85.14838840962314,15:49:42,-1
84754194.06850812,99.66002516360466,16:01:44,-1
3359159.4527958483,276.8828048876001,15:44:51,-1
84958081.81666864,158.11722905217638,15:32:31,-1
52716017.16635021,123.20943717800655,15:59:27,-1
67066269.352461606,201.5130793299057,16:15:59,-1
32895102.838284973,12.734167583573868,15:52:42,-1
84635926.1935029,266.001382847465,15:36:52,-1
12980694.440757789,2.1878339460455587,15:48:44,-1
51979436.78836993,35.74402271903369,15:42:27,-1
51467595.0581116,304.3831924129574,15:50:35,-1
26902018.092716534,67.86939431762957,16:12:13,-1
57801053.86949148,335.5331908817548,15:40:24,-1
20343986.883116405,301.76926323147006,16:21:01,-1
34486098.06538381,48.56062224699028,16:25:12,-1
61439588.69764925,63.61306450349186,15:34:59,-1
58413821.24318585,204.9398427964045,16:21:13,-1
65297394.86025756,127.11851109224683,15:42:43,-1
38479223.72338466,264.0457345126798,16:05:49,-1
67650455.51281674,284.96674108966806,15:46:02,-1
15354785.140161842,276.50627300677627,15:57:58,-1
88098684.36158913,356.57519543650017,15:43:26,-1
17901455.4903799,315.20215687085664,16:21:59,-1
56112476.67586748,359.1124523147591,15:44:15,-1
42205220.242988124,232.3293939321554,15:27:30,-1
71426091.73723716,25.28221681411742,15:57:36,-1
75656185.36794017,334.4289413813944,15:58:56,-1
49594758.76970969,288.53426504795044,15:41:30,-1
29978303.34639144,96.86376465660784,15:29:42,-1
77699429.58600324,243.0449799163499,16:09:22,-1
14152225.00869546,343.5391952478585,16:16:56,-1
45131458.06418819,25.549479863015076,15:52:53,-1
10475841.873043291,101.31531880013752,15:42:09,-1
54968502.04410421,246.59359014812705,15:30:45,-1
73653389.18667784,100.86843429748698,15:51:49,-1
38660711.323507786,150.89559697462903,15:33:23,-1
20197826.02765024,198.76111081685917,15:52:49,-1
60965194.90783515,27.72550270828194,16:00:11,-1
68492655.1695489,55.19285462681534,16:22:12,-1
1502318.623679015,257.6605408544755,16:23:33,-1
63228264.17023062,40.34259648860769,16:18:00,-1
1208992.9404515086,259.8411938753799,15:37:11,-1
59874928.81005074,138.68942270442997,16:11:27,-1
85077857.95716089,3.913567053584184,15:57:33,-1
25991204.447090533,94.39144051197124,15:57:28,-1
86831430.74095386,217.65484903059303,15:26:07,-1
89953632.67366084,224.41597328986848,15:47:06,-1
58473462.4586221,204.74067010842268,15:43:54,-1
4875106.357813858,322.4387784991208,15:55:34,-1
20051616.889783084,307.75312157211016,15:33:39,-1
60968474.98805737,166.56706460834573,16:15:51,-1
60861468.95924862,143.53786296061847,15:48:08,-1
43769114.24365502,139.4541907027121,15:47:02,-1
76877237.772183,303.1680120295275,16:04:49,-1
59187834.72276034,263.5316713031574,16:00:24,-1
80555243.66552106,61.68782349149205,16:07:00,-1
62425498.02503827,72.75661844705274,16:13:07,-1
52653329.40253414,122.52078617056374,15:48:33,-1
79064767.29864646,44.15465062930089,16:20:48,-1
6957783.692402415,176.9129327753767,15:33:43,-1
38800981.50973125,234.0790681124996,16:03:09,-1
45983941.89466623,125.48725518482412,15:31:24,-1
56662907.69216721,352.0784946206184,16:21:13,-1
14793504.67555984,20.47281586083112,15:29:11,-1
87158329.44397378,100.26643854407249,15:57:16,-1
50507221.02828097,72.60828861433887,15:36:10,-1
71818378.34399231,102.63616450756838,16:04:53,-1
44420719.12524045,263.7037446698272,16:19:08,-1
21384405.96626297,178.81480516179067,16:05:52,-1
26989355.805180963,69.86869932916721,15:48:29,-1
24849265.637034684,332.0876731611307,16:15:10,-1
28126977.89168196,34.54382981354248,15:58:29,-1
74336668.75922026,84.91127499033493,15:56:27,-1
76998336.53951174,74.67106188149643,15:28:44,-1
79974202.34812212,175.21108650982268,16:14:26,-1
9068420.889122363,359.34165938138347,15:28:30,-1
68089177.45992418,346.38920532164457,16:00:23,-1
40073453.79934017,79.70858839152807,15:40:25,-1
49530724.57785102,273.2405914186736,15:37:20,-1
63315339.64082516,310.24746306334106,15:32:04,-1
61149098.92971424,312.02119052862616,15:35:00,-1
80944672.46959306,218.85493173355383,15:40:36,-1
17109147.726813685,281.644837974219,16:01:57,-1
49202642.73788982,39.40414692019816,16:15:59,-1
70997680.23094523,14.11757252999665,16:10:30,-1
69849083.47402883,134.99722114278555,15:58:46,-1
83278299.04560263,319.23033173756653,15:39:10,-1
66630715.94695632,107.81188605418268,15:32:52,-1
6368656.508129095,102.04298961128596,15:27:11,-1
8578944.94945911,248.9635614826599,16:22:14,-1
7690958.623235895,73.93318973082674,15:53:53,-1
72566475.0412651,119.8035957672736,15:35:55,-1
17026505.904793654,343.05508023320203,16:24:37,-1
41656445.14454656,338.5882038549194,15:44:34,-1
1461807.080766722,76.6320110718306,16:09:22,-1
8038056.324486554,81.31571320087909,15:38:48,-1
57005184.93119714,244.10739410118128,15:30:21,-1
42456648.155355215,356.46672575889374,16:11:10,-1
71481130.77435635,19.08319077975335,15:56:09,-1
59598208.40333426,30.72387013889261,15:38:39,-1
79784659.07470663,240.1126181400564,16:22:00,-1
2173744.0811082013,350.626491003618,16:18:56,-1
8847825.796728406,344.5249089898467,16:04:35,-1
39193611.7845459,46.50264220027229,15:29:57,-1
68328556.1933088,71.5195980889444,16:18:21,-1
62500786.67752813,359.8604927583955,15:39:38,-1
59842909.81621006,46.3545916772649,15:56:31,-1
48504003.38704148,50.55362940595632,16:13:21,-1
43994954.65789529,242.02620111425892,16:20:40,-1
14358248.639779998,139.59217851813148,15:58:12,-1
71790273.40575387,329.4036887916218,16:11:06,-1
69021364.83940491,315.00783627902445,15:43:42,-1
37252506.34870174,287.561082351103,16:09:13,-1
11789017.485653732,240.2355210171665,15:56:58,-1
78077482.01480101,114.67814474807432,15:33:46,-1
44368118.7374547,209.86361224494445,16:02:27,-1
57907167.37505177,287.6281657960284,16:17:55,-1
25908115.206473183,180.52450214762428,16:19:48,-1
67287498.86046448,116.31820752429802,15:42:09,-1
22556962.686299864,188.73486830898227,15:56:52,-1
2195103.8526380057,257.75099191606586,15:34:05,-1
51971574.78879916,250.127425132953,15:46:46,-1
59746513.94760387,138.04150828314388,15:26:05,-1
604534.0002903473,237.8378700291852,16:17:11,-1
64118252.54162302,27.800202741249457,15:36:30,-1
89423743.31182948,191.4000782109273,16:16:41,-1
58843662.27515323,347.77605162173245,15:33:41,-1
36746670.51596612,198.3282983626438,16:18:25,-1
77714274.1874734,2.582111153842779,15:36:23,-1
30730037.02264351,15.789711732679832,15:36:30,-1
8165794.220394138,65.73384843370698,15:53:53,-1
9608915.18688431,85.96917592075165,15:42:16,-1
35920479.47098086,232.82016399093132,15:35:20,-1
70226263.13417947,247.1560682511596,15:43:08,-1
72550383.45891257,207.1726706215246,15:33:04,-1
38518695.40040881,130.69188956766453,15:39:39,-1
28029681.053560045,69.07460255514809,15:54:30,-1
83740708.92422464,239.7268173326755,16:09:43,-1
52998812.21425564,249.36674478480867,15:26:48,-1
27394317.571771167,19.19935338212248,16:24:57,-1
58783965.31123398,28.41216396585549,15:38:43,-1
28739633.835488643,226.0671412022321,15:57:29,-1
1089352.1465501531,47.31042271862925,15:48:44,-1
72105402.0822856,65.01542293284014,16:20:54,-1
2925606.094854264,202.2287003693068,16:21:02,-1
35213323.98787061,23.19665462033738,15:45:46,-1
32609529.36135405,206.77366845607972,15:40:46,-1
31754252.18759318,72.56352794592861,16:19:41,-1
45048270.063929066,103.42941792516557,15:53:05,-1
45428578.99404182,326.8825619953456,16:16:54,-1
73931709.5496867,125.25480426246372,16:17:24,-1
3877367.681157263,220.38345316503637,16:19:27,-1
12753044.819264304,159.16770506378725,16:02:17,-1
81565288.00495696,238.4085440536521,15:28:40,-1
65700202.69266155,197.627911574125,16:04:49,-1
62202125.04401419,151.50676230437983,15:32:47,-1
37899596.92368756,208.5893190826341,15:59:14,-1
25271386.77969132,117.33189897183588,16:20:23,-1
57750410.67464862,291.8508493106908,15:42:25,-1
48987360.76658664,40.36761264074172,15:56:41,-1
55949303.78696463,186.64242283479317,15:35:55,-1
69893171.36896491,18.05469329968755,16:22:18,-1
14332401.777415369,28.661834830464237,16:06:43,-1
80539006.72598739,311.49167598979034,15:53:14,-1
31984316.351611573,243.8823444654308,15:31:10,-1
86028168.69403948,227.66421381718388,15:27:01,-1
58449891.82014348,347.50189373982965,16:19:47,-1
70866283.27382243,351.2125217622985,16:01:50,-1
23598838.18984685,175.43149126977687,15:43:20,-1
79306259.20320527,84.22128854410704,16:02:24,-1
14382924.217819124,70.35751959159892,16:21:19,-1
54149265.41125408,47.44792239590766,16:14:38,-1
37422126.87882779,65.96267355150593,16:12:25,-1
80460021.80114634,96.91673377016834,15:52:24,-1
78620959.01467112,241.0752776715806,15:54:08,-1
42447996.494668745,162.3714440165237,15:41:50,-1
86469838.9188677,331.72504307041135,15:27:14,-1
8608351.468476847,310.0103696315311,16:14:28,-1
4242956.508594837,122.49470354621832,16:07:45,-1
33606363.48136323,273.8223137109442,16:23:33,-1
23433640.242030915,288.7556674667983,16:01:30,-1
87102948.6850257,147.80830030482986,15:46:45,-1
66438099.01391635,101.2817178615267,15:27:27,-1
55898531.287718974,341.09730497393736,16:17:10,-1
14647706.756314566,347.6592748024956,16:19:22,-1
61597516.826310165,218.2510806418593,16:08:50,-1
24854845.267178025,310.91677295770296,15:34:37,-1
5981257.736677271,32.28981538248031,16:23:05,-1
66674847.902202055,174.56189949053024,16:15:34,-1
78908160.64236635,199.98349688536115,15:50:32,-1
72277813.320866,196.4523227751785,16:04:06,-1
47941309.31298291,24.621471528192,15:41:49,-1
82752100.85424423,120.25637701918204,16:03:44,-1
8114182.595446646,281.4533323356535,16:12:51,-1
14782704.74602428,353.52418007064927,15:34:07,-1
19982268.55929924,286.4871279850017,15:26:16,-1
8633899.164999776,255.6453580478447,15:30:29,-1
50334998.16169452,219.3559264467513,15:25:54,-1
45176934.22909034,350.4958335651093,16:05:00,-1
6045736.982179315,78.75967779933448,15:39:31,-1
40729782.540049374,300.112360797492,15:34:09,-1
51157281.18436294,179.9988150271528,16:22:46,-1
76055586.93526681,208.744445013222,15:51:25,-1
37537832.36433727,66.43418933872914,15:46:09,-1
32205492.44634009,170.75890833556664,16:05:16,-1
71010435.8345915,219.14386923130976,15:48:05,-1
59973748.42437379,26.10421102765166,15:52:54,-1
84506480.8606351,22.518693716349,16:09:21,-1
25762270.78839844,235.6260548935272,16:13:14,-1
38733848.82508028,131.98737508507017,15:36:43,-1
58384119.57689659,145.6588268467397,16:12:52,-1
70157439.78455253,238.20883225221732,15:38:19,-1
81119149.64890803,55.90300578241308,15:51:08,-1
47511008.4188615,245.8991231060749,16:03:26,-1
36325198.74458401,253.43794703906045,15:57:00,-1
78442181.67147592,252.94609191361732,16:20:42,-1
67428467.63449156,197.58907396012376,15:28:30,-1
3630594.78683648,265.624231165347,15:46:10,-1
61649714.91459032,215.78263270850843,16:12:04,-1
33371163.34795863,167.25046537633412,16:21:05,-1
5091558.338818831,223.56029970722108,16:14:55,-1
9977003.038437976,233.6105922576275,15:56:24,-1
86612323.71970205,246.51887558171103,15:44:26,-1
3020941.7351054763,325.8357626132284,16:06:36,-1
29037370.703876264,114.59262529013554,15:45:21,-1
64888292.01474026,168.49376149556872,16:21:10,-1
3395640.7086036974,89.42825137898343,16:14:11,-1
84639963.31603555,57.259397649706415,15:49:44,-1
13246559.162235502,1.3711165691410887,15:30:09,-1
30555966.616967604,98.03062645402322,16:00:59,-1
61678892.21687866,5.226195474682385,15:30:28,-1
48482739.05275196,139.34364049017634,15:35:42,-1
65113575.37204903,77.39203366857394,15:26:45,-1
44759500.423555575,233.28940630128264,15:54:26,-1
71082228.3836428,29.59333990837643,16:25:14,-1
16416593.267011812,185.0764855458553,15:58:09,-1
24202718.960226804,14.99985602416909,16:10:51,-1
70810341.91718827,88.50123714686711,16:12:32,-1
9904414.866590848,250.23727971644527,16:21:49,-1
75138755.84260622,291.9793328130645,16:22:57,-1
71075462.81462707,78.13704114032217,15:43:20,-1
75618552.30121112,184.75748167977903,15:40:50,-1
11093239.374127856,256.58224065797026,15:40:43,-1
88056282.15622726,326.4900316129272,15:53:06,-1
41474120.48623918,280.205743792484,15:36:22,-1
78357893.53780724,299.1791570743885,16:24:24,-1
21065969.64490769,129.26576520556276,16:05:02,-1
11650740.671140654,286.13498623663787,16:03:51,-1
44523319.10328,17.387751212031617,16:09:51,-1
38159994.37788151,9.21117424502584,15:33:38,-1
80352401.18872349,256.08521065874515,15:50:25,-1
49240361.38069727,337.5624559561219,15:31:19,-1
82969728.28422141,190.2458725891215,16:20:40,-1
62535683.138351545,344.2310089037402,15:56:16,-1
52557217.400688834,228.33678588005927,15:43:13,-1
19028093.592831243,169.15765044702246,15:56:08,-1
8260689.520041428,291.3235939202081,16:12:04,-1
61856686.07434107,212.11780562604392,16:14:17,-1
28274255.42102337,45.29585646424266,16:05:06,-1
57732853.11024135,24.1965025058104,15:42:01,-1
60853763.13964627,191.154309235366,15:26:03,-1
83785706.07850485,206.8711108842247,15:33:33,-1
38016280.30794391,245.6234382658077,16:15:33,-1
17629103.400869414,293.4875915413696,15:45:09,-1
1762190.8691526228,124.76407604095462,16:09:26,-1
77893974.29064952,170.33080499209817,16:02:42,-1
88196665.56282508,89.3495583218185,15:46:43,-1
32530788.56165692,155.85036711282163,16:23:32,-1
59869341.57710483,56.88907463649397,16:16:56,-1
55547347.42574512,345.484830502849,15:29:34,-1
20334093.97802793,211.8529283479466,16:23:06,-1
3953668.146537906,194.11802565346292,15:50:42,-1
60981577.65990192,47.56621940279843,15:41:40,-1
32390451.91631,315.6979922227612,16:09:11,-1
51480283.59705165,144.0691775210874,16:02:29,-1
26039655.802087475,321.9832816741644,15:42:02,-1
50059671.15062401,204.66020654884232,16:06:45,-1
47998137.47088055,158.01314741705568,15:33:47,-1
34385957.56562034,226.1257555976832,16:12:42,-1
31771594.44559904,201.43103386673192,15:47:06,-1
77280472.81103282,199.40208963769447,15:53:30,-1
53666774.96620864,341.9532553006992,15:53:35,-1
73619508.04651117,283.275696256179,15:38:05,-1
75310697.87937492,254.04799009042296,15:33:14,-1
33282400.20108157,284.7864224057502,15:59:45,-1
10512800.74709,72.37297604922122,15:45:57,-1
37545515.60989002,43.73578688679111,15:33:16,-1
52287318.48277909,45.59752101307736,15:40:25,-1
46281720.52878086,95.27363223435624,15:38:22,-1
631017.3123856685,165.44632862574798,16:06:21,-1
47919056.73398853,252.08950742502685,15:26:31,-1
22657028.572640773,70.71195322432476,15:43:06,-1
60392476.35406866,331.03508008378725,15:59:12,-1
64183019.128080845,190.32287555969967,16:02:14,-1
41463334.51563232,51.10672553051175,16:21:05,-1
18858994.31180468,271.56044924571205,15:49:13,-1
43664939.06083448,112.8111213692404,15:29:57,-1
21707581.008579765,184.7021482786097,16:19:06,-1
573390.658687001,273.3457568643076,15:47:43,-1
3567603.5029460043,7.614394736332102,15:55:16,-1
31153413.32331608,355.2745147742584,15:42:31,-1
71577280.12035874,172.5134996877162,16:01:26,-1
47949998.71932612,349.22530686782983,16:13:28,-1
48744935.60735909,57.61089568393985,16:23:39,-1
55491162.40061235,103.35129235834484,16:12:45,-1
10925624.383567572,314.11125934814754,16:24:59,-1
36063788.89796659,293.045440729015,15:26:54,-1
85462054.29444878,321.7728761732007,15:42:48,-1
82094566.18536578,84.96997203686178,16:18:29,-1
25502498.70598848,48.4457360180084,16:08:50,-1
8288108.719819573,112.36435443953911,16:09:32,-1
79855891.93203498,56.28490494591195,16:04:54,-1
6508401.80374633,113.8725618731418,16:01:08,-1
82866621.62746026,236.99166557243757,16:20:46,-1
65915824.20949403,20.81515256393328,15:46:00,-1
73889223.25308917,309.3093276913352,16:12:00,-1
34250019.591227114,45.90042821347842,15:46:00,-1
512751.35116091865,305.7989766012038,16:05:01,-1
50933365.915131606,266.90533100645087,16:12:38,-1
44638609.72195461,62.45392176832806,16:14:13,-1
36186064.090657935,233.76541895786747,15:54:08,-1
73075256.94907065,52.72924807327672,16:14:15,-1
68537547.33729678,328.4781915117988,16:16:32,-1
10458080.702227408,246.5015901626597,15:33:22,-1
11876027.935308898,194.43101045336,16:23:03,-1
74806539.25835507,253.2394554286996,16:05:50,-1
61148741.01727808,288.2912649096548,15:48:53,-1
18335797.322261333,142.6933385676221,16:11:46,-1
37981806.60061478,200.33968450821487,15:51:17,-1
27830271.85168453,359.8418534953149,15:50:41,-1
30119281.417343445,335.10360829139256,15:36:23,-1
17814551.752496146,73.51977919952513,16:16:22,-1
78398767.77286914,29.89801097595577,15:33:06,-1
86967089.6058216,239.67211353726896,16:11:46,-1
84526871.85243076,114.60435277812974,15:38:16,-1
44480041.43928302,255.1974687307632,16:00:50,-1
82112963.83877864,344.1377172593753,16:09:44,-1
11987554.25121541,123.55493413740366,16:05:03,-1
13144211.90254531,5.988759199876386,15:50:07,-1
72149736.05703531,73.73329092320239,16:07:20,-1
20536713.38373924,128.66925130338092,15:59:53,-1
59822235.0109668,183.4878081440923,15:46:05,-1
47957729.91139387,36.6426883332012,16:05:28,-1
13938589.89852528,137.10446586191216,16:12:47,-1
85077125.13836138,46.28758572359183,15:34:34,-1
57374990.53770877,288.01672559928795,16:11:38,-1
74333538.84588204,98.8979233972568,16:12:35,-1
43157909.2330722,101.6760788498618,16:15:22,-1
45388792.60235677,92.856356994415,15:37:36,-1
28311290.39521912,104.5714723354928,15:39:24,-1
14315341.69766321,35.932161822092034,16:08:02,-1
57921468.01394247,183.33175462636908,15:53:54,-1
52345577.94547796,71.11928150501343,15:41:25,-1
17339998.110461775,350.27833065027784,15:34:33,-1
70563148.54987441,277.71450971931154,15:46:32,-1
14860264.178856602,311.6725180098213,15:32:35,-1
34010343.63370397,182.78315913618457,15:49:55,-1
89624359.31765082,276.9973443816974,15:33:45,-1
11387824.884293225,18.824855366028068,15:31:56,-1
26436541.08010213,14.21089814809998,15:53:19,-1
50357521.264056586,266.26714532936126,15:41:50,-1
40229408.93402987,59.94569686037487,15:40:17,-1
53827074.96186519,58.283596859975695,16:11:40,-1
43860396.9353867,141.7428586978108,16:07:45,-1
12932464.671041334,237.740484621115,16:19:58,-1
79723694.35454884,358.24250035040814,15:26:31,-1
17674532.447196275,88.93119362871889,16:23:17,-1
61027602.7574151,161.88721195734783,15:59:05,-1
46083918.093940765,290.81490740413125,15:41:20,-1
12559961.37935006,86.47145410547105,15:41:59,-1
40553779.4982462,266.8505647013064,15:34:09,-1
74306490.12166457,302.9985169906792,15:29:34,-1
8364212.47838079,273.47494603599813,16:01:40,-1
32635987.257864457,209.34022288486324,15:33:29,-1
84295957.91862817,186.44184075851445,15:57:12,-1
45649700.24262732,175.04389714693764,16:10:51,-1
5770220.298041034,103.43321019307274,15:49:00,-1
25394599.110362142,168.0076398742578,16:06:33,-1
25035997.574743606,353.3744106795804,15:44:47,-1
73856854.34290516,353.7548711637272,15:38:26,-1
29436580.36443204,45.701442795182274,16:09:33,-1
17930380.91465568,23.717137092441337,16:15:38,-1
46840003.20505031,194.6363482056394,15:57:49,-1
25561731.446061943,112.78101853177527,16:16:57,-1
1599790.0199124373,139.07857107130383,16:14:44,-1
42986994.43565974,292.0692883832553,16:04:52,-1
51395366.6103168,283.5172021931442,15:33:59,-1
22165461.76956668,290.6945750448781,15:32:51,-1
14467422.654104376,316.6083397265889,15:42:29,-1
43405323.45980406,226.4785184730428,15:55:10,-1
41865364.86777336,158.34199156462333,15:56:13,-1
89168423.60662585,47.64202565211024,15:34:16,-1
84261421.22232907,37.13104488276471,15:44:01,-1
85708588.31377916,239.21972428260776,15:43:40,-1
48524372.03335235,69.93896259454422,15:29:36,-1
61946890.09948086,218.93333301899813,15:35:55,-1
29328714.6393867,296.2112534244477,16:00:54,-1
75800270.28812295,322.219850682972,16:04:21,-1
49783749.26969464,295.86463465576446,16:19:33,-1
69955035.81744488,329.69936228046424,16:11:54,-1
5958888.587359779,269.09360025535705,15:35:41,-1
44299154.39430285,191.601690193792,16:15:06,-1
13059940.78758666,241.1577389411309,16:24:38,-1
61450607.38027506,90.79266695594788,15:30:33,-1
18362811.610038374,94.2870965267286,16:01:28,-1
82891161.41287059,184.94674841692665,15:48:50,-1
1507644.6503200568,257.36421978591113,16:18:47,-1
21816701.987094898,284.9972702487582,16:04:50,-1
63518240.77203274,347.9164042401532,15:57:38,-1
83790481.7814059,104.72577046532996,16:20:21,-1
76954205.69796231,351.6046874094621,15:31:41,-1
37078650.21963703,17.140221818028245,15:31:02,-1
63650881.47030804,251.2950353211576,15:42:00,-1
33495329.812388305,82.92842135556367,15:57:46,-1
78889888.98497075,221.708761505003,15:52:35,-1
65427074.7131683,318.5816773367691,16:25:03,-1
77054964.7001295,166.8539325520763,15:55:33,-1
85681790.95494428,74.63687295518861,15:57:30,-1
42872256.496876605,313.7629625508508,16:19:53,-1
72104392.90435012,136.8118476759873,15:29:51,-1
18445475.31971389,51.79661873900799,15:47:28,-1
51725979.53375372,125.3418598015302,15:41:27,-1
2899305.8129675062,120.67134069701132,15:56:11,-1
3242849.983316856,320.3144351948039,16:07:44,-1
39596803.87747091,91.33703481940876,15:32:21,-1
25553454.76276961,192.74438254136663,16:02:03,-1
19233059.1024027,283.3468332656252,16:00:37,-1
59441222.92322928,167.77854202317357,15:55:29,-1
52813510.45833354,305.44104136187343,15:44:26,-1
83510517.58587943,300.9456587184054,15:45:46,-1
68004554.1928474,214.20828073058067,16:07:05,-1
15377496.43818236,186.9734135012935,15:59:11,-1
78923762.28462535,247.23058264734493,15:57:20,-1
31678947.509219848,284.8391002732173,15:50:59,-1
41223544.19785938,268.85050999969627,15:37:15,-1
3226761.197766716,63.30956578422144,16:09:51,-1
2080453.3618855588,36.55781988735773,16:13:54,-1
8070105.5513146,356.2927298269819,15:44:59,-1
41769858.10087035,335.3444256237562,16:02:31,-1
79533369.12612455,276.1552237209921,15:42:29,-1
18126484.03804873,154.3126656922198,16:04:49,-1
88278407.04031958,247.02318115510823,15:44:45,-1
40491426.50181294,61.08642863560264,15:25:52,-1
70216086.15080078,76.73165852534366,15:50:20,-1
787122.2937527535,353.85407374550255,16:01:04,-1
10861000.149477584,275.1199605949297,16:21:04,-1
27942764.0715029,87.10508234050764,15:37:03,-1
25169468.92043056,85.08003632825715,15:58:11,-1
34123117.27921973,15.183066148895987,16:10:11,-1
47572385.96578218,269.17661138279703,15:28:32,-1
84018581.12932387,239.31470135055145,16:11:47,-1
17880187.384885345,189.45596305548924,16:12:29,-1
12159519.522666669,129.33250812315714,15:56:29,-1
43209879.00059869,45.97308320752965,15:54:48,-1
14603144.386539891,314.4449822348676,15:34:20,-1
65133263.89364768,46.9513631574896,16:23:00,-1
2001514.0760815165,114.83762930856294,15:38:22,-1
49936375.98188231,238.84249122214524,15:38:40,-1
60022916.50568454,104.13098944727544,16:09:48,-1
1421904.3400447792,227.11881045638137,15:56:35,-1
64355609.03052666,283.2804678275286,16:05:24,-1
77757615.26590678,61.37706143062888,15:57:37,-1
85111952.63634488,243.78522287172743,15:26:36,-1
55865512.68138368,2.545023515962224,15:54:39,-1
58941959.15451094,284.1492289228992,15:25:49,-1
18167816.592347126,177.89875868175227,15:28:11,-1
36949266.02917312,114.93922533984347,16:20:44,-1
67060064.8568921,274.2179592893701,16:22:43,-1
73211563.8506887,38.8122172036939,15:53:11,-1
77554193.25725898,213.36261030152417,16:21:19,-1
60320139.07167288,265.01543602928945,16:17:10,-1
11996205.331657773,213.0251521516761,15:53:43,-1
71916791.70081592,267.81046205234367,15:42:08,-1
11322494.938304389,282.54801548849326,15:29:33,-1
14992288.894902283,147.0819190723861,16:23:06,-1
58263946.51308817,195.63377457436,15:43:16,-1
4055823.339146633,190.5659572834331,16:11:10,-1
23127283.65601479,14.014075682739556,15:26:18,-1
14659169.12041962,159.9853414863591,15:41:49,-1
8416667.227900805,0.604869757917208,16:03:27,-1
37276813.40707482,233.2200701455242,15:52:52,-1
65305623.21699627,35.21274507643466,15:50:33,-1
53254334.16542035,80.94747433594053,15:47:00,-1
62416307.34753532,327.25825261748264,16:21:50,-1
73403960.63121834,330.9149973868788,16:16:05,-1
66405178.34410714,64.0589297668426,16:05:57,-1
24217488.424165618,196.96520523674343,16:12:11,-1
76584952.1045446,91.1359156667378,15:40:17,-1
50022589.77394504,357.63637676328534,15:41:42,-1
14199632.811641466,304.2408057992666,15:44:37,-1
82636358.43111946,21.943973289062253,16:04:50,-1
18705543.025640927,250.71951194749136,16:11:17,-1
81345186.83346933,6.195517193635296,15:46:54,-1
7052022.471018756,259.8942518269216,15:36:12,-1
55537928.40538154,51.80113246591443,15:57:08,-1
28414308.383870702,1.054534776084446,16:07:00,-1
29686146.917816065,274.76111898643813,16:12:42,-1
59526105.04350795,342.9015982622972,15:38:01,-1
5968382.172853906,86.16463046693875,16:08:21,-1
53457118.13326439,216.8897553195205,16:22:17,-1
15625951.236477204,284.86754601560955,15:53:48,-1
51768997.49887522,32.30669870148472,16:20:51,-1
18355335.099645443,2.278562880054702,15:40:46,-1
31893202.310459733,260.92504118526347,15:49:26,-1
50762202.05386775,346.4130523078018,16:21:23,-1
10049708.930511763,204.0874475274232,16:16:29,-1
5431103.005537755,20.767332990173472,15:46:54,-1
28292011.788178697,18.95331165872661,16:20:32,-1
56792555.43183947,99.35613493524984,15:27:06,-1
18774077.259580366,345.2538556666529,15:49:37,-1
59757058.45760605,306.2984399791522,16:08:08,-1
16157554.548588876,24.822530793593703,15:53:09,-1
79418660.26194096,173.09940628921268,15:32:27,-1
67358352.42492098,193.4620264094732,15:25:48,-1
88709450.73132037,307.09269161925897,15:53:50,-1
30051759.96069184,165.93140271075617,16:02:24,-1
47147405.87939154,164.41735361143867,16:02:25,-1
61071932.87949496,213.3861713952385,16:20:03,-1
57173931.83103276,242.57508061347195,15:47:04,-1
82860939.71472913,178.00267251688996,15:57:02,-1
65932410.36769562,25.255845772014407,16:23:21,-1
21538545.08700278,350.1504629924105,16:24:52,-1
65775224.46608655,321.3159651244815,16:01:17,-1
28955292.94051576,277.9104429648682,16:06:54,-1
62235827.7044686,235.73027740726863,15:29:27,-1
75919377.10782775,195.4335492940144,16:08:32,-1
67808704.11789624,325.79895606277137,15:41:01,-1
27323464.67399253,125.73388639766615,15:39:09,-1
68500526.44931167,26.5104245440578,16:13:46,-1
81348673.47696006,9.401358608109684,15:58:39,-1
53166981.212972105,171.6678343735875,15:38:32,-1
64106070.47983082,266.84901460927324,16:09:53,-1
84827698.87206812,101.58996338593764,15:58:56,-1
9115168.57771407,112.154957993235,15:34:31,-1
4016289.024770056,56.26486871324639,16:15:06,-1
7598309.643643943,141.44614291233498,16:14:12,-1
49730382.70095668,146.4461129779933,15:31:58,-1
86711284.39711973,344.1876296723667,16:13:00,-1
14686272.40458181,30.23103554130431,16:11:54,-1
11032610.242112525,96.48372124103396,16:21:30,-1
66665989.23847314,173.3010249001701,15:33:06,-1
24498628.571251515,96.26220875855408,16:16:49,-1
40158847.440352425,324.6182960971746,15:33:12,-1
16965832.11694007,28.15375771160117,16:12:53,-1
56208773.035121925,152.20159850254663,16:17:24,-1
27600764.80947238,179.33696411672585,15:57:32,-1
54841504.04983606,344.97261006710073,16:06:41,-1
74106171.7243045,309.61573937187,15:44:09,-1
24619557.641875166,183.4685372955131,15:57:53,-1
65095602.88046749,75.3869139107804,15:56:02,-1
10190322.197337445,140.46198686653676,15:54:11,-1
85289973.47127396,66.26377377669633,16:06:49,-1
39533366.07530071,242.01641906031423,16:05:50,-1
79555341.15800905,305.5496344983275,15:54:40,-1
48241530.83418202,127.69998331511556,15:41:54,-1
31179752.273711395,104.87926391324108,15:52:28,-1
73159067.21139602,57.059444773661326,15:40:03,-1
35283795.68536345,194.60020177917085,15:57:11,-1
40836556.4326872,356.7496404945724,15:36:27,-1
73260793.39315923,98.91194895323932,15:46:52,-1
32175402.251728103,100.03318025427976,15:44:53,-1
54780854.26844342,239.8063210796641,15:58:06,-1
68865297.57075372,278.6631767548329,15:40:01,-1
60719208.71715658,47.119356203641,15:32:59,-1
2726873.418652484,108.6313803538808,15:35:29,-1
39946329.20356703,38.37686981481027,15:50:44,-1
68224909.03334448,200.55683108619576,16:01:14,-1
12228107.871810617,235.03662773985292,15:26:29,-1
27951007.847398963,312.90404242231824,16:11:21,-1
10082837.33647991,309.5146870297481,15:50:38,-1
11485246.135561043,83.76742978308182,16:11:54,-1
83092350.23097335,36.384481048221005,15:38:28,-1
29554069.875507586,282.16660264143707,16:23:43,-1
45184735.48659845,254.57855164182368,16:11:38,-1
14525753.212578695,234.62042035200307,15:57:17,-1
14857798.214894475,0.4963820978818667,15:51:24,-1
82520119.78493138,97.2341917857523,16:20:27,-1
29638947.51369531,15.591270348716357,16:15:21,-1
3891164.104215704,330.0631362851296,16:21:33,-1
89300159.7025457,115.87740658507674,15:47:53,-1
72655312.9665737,54.7051323040133,15:54:02,-1
37880209.7436252,331.0612605786753,15:55:36,-1
1741289.9160347197,108.2282354628762,16:11:04,-1
27692344.092095923,39.958711414272834,16:00:21,-1
25604291.41205972,44.69909455607515,15:43:56,-1
26958522.464036506,137.75980820181636,16:08:15,-1
66479781.58269913,167.83079238485757,16:25:29,-1
62526250.50359785,121.60206879803084,15:35:21,-1
73640435.21858793,201.25755719611843,16:10:15,-1
61966428.76757088,275.029069895833,15:29:03,-1
81882158.81474239,196.85433469622063,16:05:08,-1
53876967.47363828,347.08181825884503,15:36:13,-1
16096432.76155862,258.6399332970829,16:07:24,-1
82795933.3105007,145.14081677445768,16:22:00,-1
14532053.08975329,184.1905999890141,16:00:57,-1
29419240.87875058,215.1958320702765,15:28:42,-1
23785507.84035088,24.474513767536497,16:08:47,-1
53172782.57995279,145.43941487557638,15:25:57,-1
15769806.099193402,277.3277773282539,16:11:27,-1
3875501.573688263,29.78055925490272,15:51:11,-1
84242852.0310685,21.34342108080692,15:38:33,-1
41030899.07269827,10.412591903032771,16:08:02,-1
50465104.99282797,77.23533304345112,15:52:19,-1
31823376.89384265,340.30539044543144,15:58:11,-1
36377791.63701069,31.214797035059284,15:26:18,-1
57685486.646126285,35.77661522134103,15:26:19,-1
28353824.689576823,201.55336751230132,15:43:41,-1
27333903.543493837,230.00309396220945,16:18:17,-1
83428455.29498276,180.03134831667847,15:57:14,-1
77936339.26970682,330.5167900317296,15:38:17,-1
27903104.7808476,180.90082379496215,16:11:45,-1
39025085.56068476,253.1217584006017,15:38:36,-1
57906195.79838595,203.5505139670936,16:19:55,-1
6823098.188778904,343.53036140648805,16:21:47,-1
40166433.52052692,51.30095603367729,15:44:39,-1
22241531.10687637,11.68214249489044,15:26:42,-1
82331332.50365351,359.5407876151171,15:44:24,-1
26941101.20483608,115.3849920671686,16:06:11,-1
34418728.25445443,66.14916680028588,15:40:43,-1
89979751.80215304,151.10673546688233,16:04:36,-1
56216988.87467927,6.810703180414066,15:32:35,-1
9213745.91691398,246.1010161444388,15:27:50,-1
41922486.93111071,65.34163674295029,15:53:05,-1
53785050.85657348,52.09946492179017,15:34:55,-1
7657082.77010076,108.61206627023095,15:33:10,-1
73799626.97624624,137.07955786541405,15:51:50,-1
25246574.35117073,183.78240798594732,15:30:42,-1
18793589.650570422,174.9923491356247,15:51:59,-1
78788688.251098,320.1953007392958,15:35:37,-1
56864040.46110837,318.2139427401521,16:13:14,-1
83152206.57872885,190.45265730387624,15:35:42,-1
50065494.40264916,337.1386652069312,16:09:46,-1
87619730.2197131,200.45637499090265,15:50:18,-1
12918978.539361631,265.0323036315884,15:43:04,-1
51652086.59892528,19.370007598179683,15:26:21,-1
25183806.13756024,77.01380633065114,15:45:50,-1
23775264.175477013,236.745581869782,16:19:37,-1
80978743.41722862,23.94460730540731,16:17:15,-1
79331724.18149059,49.78111827295821,15:34:07,-1
68346626.73893668,107.38751501356867,16:04:48,-1
87007121.48911773,286.49545271502626,15:39:31,-1
5333985.906074544,209.5034378139316,15:32:47,-1
73331947.89927667,144.31850602977516,16:23:21,-1
56713252.65988927,205.83668419289236,16:22:40,-1
46608653.70884645,297.2153928424124,15:59:56,-1
84159244.53952307,98.4571384973179,15:43:55,-1
72525832.85096365,99.1718950603877,16:06:11,-1
88537859.68264988,72.31536153218772,15:36:51,-1
52474336.69584821,96.23810331364194,15:59:56,-1
55995310.26216573,285.08484119307667,15:56:39,-1
73930447.30930477,351.4764816793615,15:28:53,-1
27278011.53817008,44.82559211255696,16:09:06,-1
26906379.945686057,175.47805413864893,15:35:58,-1
51726020.367866814,89.16932634344002,15:46:30,-1
84077749.98397872,184.6603987711076,16:23:58,-1
86962956.78019196,73.31944612141189,15:47:01,-1
20916841.951986182,160.28710900198254,16:08:35,-1
44939551.52787867,340.58852955988505,15:59:16,-1
26549764.158741534,346.4251632888698,15:33:10,-1
71694580.93706243,85.53443549603607,16:22:26,-1
23667268.80364975,24.82380507085525,15:53:17,-1
85084462.69887958,61.71895107939317,15:56:18,-1
69555663.68505484,191.78023667929511,15:38:39,-1
71878894.71827954,293.29550625420995,15:48:33,-1
15105675.777768144,16.303051800650458,15:42:56,-1
40003009.62188768,180.30127104435047,15:58:56,-1
60951011.78991581,40.54325042696122,16:14:08,-1
10191666.796969738,37.50405332582177,15:44:35,-1
64206554.344911225,88.40554093864606,16:15:54,-1
63339913.21450475,224.43491985248912,15:34:53,-1
82748035.70645805,114.52826154270856,16:21:46,-1
38638931.49795314,197.41564923682657,16:14:48,-1
88812753.00645977,264.86026011421336,15:26:06,-1
9460590.686358027,243.86511203983156,16:02:51,-1
58997809.02780224,338.702896016592,16:09:23,-1
51732394.03680599,148.11784530842607,16:20:47,-1
80061032.18931775,352.3049627754397,15:43:13,-1
25615021.03843879,76.25782344779377,15:47:08,-1
37186912.04238371,345.52846523307363,16:06:19,-1
69066786.27616586,246.90986962135548,16:00:20,-1
50987239.777228616,288.79185005447795,15:46:10,-1
37910671.09756626,345.01999032842616,16:21:13,-1
25092106.67338285,78.44332415214619,16:03:07,-1
57534177.45075224,80.64257214886636,16:20:50,-1
66131423.48802988,337.90787081050775,15:25:56,-1
68236277.37991169,67.4242439841117,15:38:56,-1
18314659.446495585,112.4396717795685,15:42:10,-1
72028976.99106055,296.80259973433857,16:06:35,-1
81345740.03027172,339.3123581238309,15:46:45,-1
89586784.99297602,342.15087037142814,15:48:00,-1
32155982.83391656,97.63438616100376,15:50:33,-1
63150437.08075239,39.37957128816005,16:16:38,-1
41271224.339490175,136.17786854252594,16:17:00,-1
24464886.093262587,348.087203849578,16:10:02,-1
13919708.338244962,279.6569406276648,15:51:45,-1
71347239.73085797,99.81420208549544,15:56:50,-1
49824846.53620073,233.3624367628734,15:38:58,-1
42409898.725870855,287.4426175034185,15:58:40,-1
47684903.93777572,347.9514427178586,15:51:56,-1
36613911.17255502,269.7506972550748,16:22:12,-1
44513244.37984954,32.76336272119365,15:34:22,-1
28803227.447910894,186.0415570734967,15:35:38,-1
1287083.758920975,67.97314360765766,15:54:49,-1
59137333.52479634,348.5313473807228,15:51:11,-1
76559813.17729834,230.29132170898407,15:36:58,-1
13215509.74390678,50.43114995863736,15:46:58,-1
30841773.63152797,295.4192657885143,15:54:56,-1
8864573.913286535,292.84610304778056,16:13:34,-1
73595816.15375826,250.716269841906,16:23:18,-1
37481703.08679701,289.8309665079263,16:03:34,-1
87239227.86711946,79.32397892215653,15:31:22,-1
13518428.57141564,262.7713889182488,16:09:14,-1
63229425.54563607,346.47230648239463,16:03:48,-1
45574644.08077066,205.5758839648827,15:45:53,-1
40620951.19565304,323.90648402321494,15:31:34,-1
86138551.08261818,206.96116072780515,16:07:37,-1
58455761.997524925,271.4568183183014,15:45:03,-1
11558204.724477282,116.37330950919248,16:18:20,-1
11054349.706530128,164.5293731600001,15:29:12,-1
52069420.27481537,67.50645712006808,16:16:54,-1
42707264.02595487,35.52592003506485,15:36:14,-1
42976319.90797471,213.31954901835195,15:50:42,-1
71972335.10402863,53.68950266674712,15:30:42,-1
8072068.257398902,129.54232202664812,16:23:04,-1
48754533.89100026,92.06250852503248,15:57:15,-1
5807054.829267133,262.26141239837744,16:04:26,-1
85373116.17339037,359.13330095121177,15:48:02,-1
25780607.167168025,7.232483295268381,15:36:17,-1
60002954.32899955,187.5460702224125,16:20:54,-1
73142302.27443545,282.1798693884628,15:44:30,-1
226570.12830577616,210.8536839528336,16:20:48,-1
51127766.73339864,170.71094148871228,15:57:47,-1
69363239.21492712,276.1977446939012,16:01:52,-1
29782512.85906314,66.3409475924332,15:54:31,-1
48949198.54533304,309.8409946900977,16:14:45,-1
77063935.60906729,150.39214934711816,16:12:43,-1
30545930.622162733,289.8493551477462,16:01:11,-1
82019061.1998321,132.26753979321404,15:46:33,-1
62499537.5108081,64.87660483030643,15:49:00,-1
12277202.883178012,279.9198517216439,15:55:55,-1
1980388.9101117016,67.07480715092282,15:27:56,-1
72651593.40313877,235.52227244953949,15:54:13,-1
74993228.36256525,197.29511594678348,16:03:26,-1
31725257.211864945,300.9698152188989,16:21:44,-1
86996839.38860281,88.82017315786163,15:49:55,-1
84882079.06767258,130.9980043983282,15:57:38,-1
30184143.361105297,100.78216065978977,16:25:03,-1
15313335.288195867,117.99547669633068,15:51:11,-1
70131266.43729964,50.08165857195732,15:31:51,-1
19741259.42532489,82.98936274686741,15:31:27,-1
61855253.07045109,83.5369119247857,15:37:29,-1
81394258.51689023,150.96681099549625,16:11:14,-1
62842.73069851851,31.213143093090263,15:42:01,-1
87965433.84734942,20.31526066363471,15:53:13,-1
46420808.39602402,161.35489565814916,15:57:14,-1
8095595.773302536,111.86798481530852,15:33:54,-1
86583151.11808148,114.1148021983775,15:32:23,-1
46027342.24493632,311.0060644682215,15:50:16,-1
60270352.2186618,228.3598181097437,15:52:49,-1
88437283.49527976,338.98014192195194,16:17:38,-1
62130000.79518059,288.0914086353773,15:56:40,-1
74845237.74707448,190.74710927476823,15:54:30,-1
35392179.78659584,278.41057826038605,16:01:40,-1
70970983.76155809,192.5080195351004,15:35:19,-1
32303046.379131965,68.066513798928,15:29:52,-1
59138115.222773984,282.0570444247186,16:15:17,-1
19924817.76995024,32.08875105453427,16:04:47,-1
72351489.89977731,184.00907438607996,16:19:46,-1
16098728.46389688,167.73545122313368,15:31:35,-1
73987776.19738835,221.24438853989287,16:11:48,-1
89309422.2161672,228.4793053221881,15:37:08,-1
11612754.823697604,315.0980079818379,15:33:26,-1
24463830.71796808,206.2778089298848,16:25:12,-1
30581436.26510628,311.5016460612651,15:53:48,-1
57493424.87619876,278.38627429486013,16:15:31,-1
31255963.341648985,127.3392762475834,15:52:44,-1
35033307.19400256,250.55609486423631,15:46:57,-1
43928830.36619602,16.59888370281199,15:44:48,-1
48599069.68106557,136.72045791509316,15:40:38,-1
68588009.12688398,246.73156942415667,16:14:43,-1
66394709.39213123,207.7605454957784,15:44:41,-1
61882133.75987238,61.53002161770048,16:10:24,-1
55136238.5132211,267.9470620639526,15:35:13,-1
72867610.37908371,337.2513250208417,15:56:49,-1
22726653.78606844,45.22042536512285,16:17:15,-1
11879963.483995324,129.98961839596657,15:47:37,-1
52964093.10803731,325.68262247993687,15:31:47,-1
28934002.32982934,173.0798858499654,16:09:23,-1
8163925.454464006,156.7817243439398,15:53:44,-1
7493588.524996794,31.341386111369363,15:52:42,-1
52237418.88719069,76.02472957054762,16:16:43,-1
80422221.52030063,77.05336001126052,15:37:18,-1
37390989.02808115,151.6402099447516,15:29:03,-1
61906763.3298102,199.5262571851536,16:21:00,-1
62624420.489516966,187.89278939602443,15:47:36,-1
75805960.78010717,91.16656653414964,16:16:08,-1
51622139.49140311,315.6525526259149,15:48:02,-1
16177322.898026362,317.49923872264475,16:15:50,-1
31767964.758032497,131.3951815092562,15:43:59,-1
70771217.05737562,252.76509006965625,15:28:27,-1
48908240.87262654,226.5745518376607,15:55:41,-1
57515718.45285165,142.43218630827894,15:36:44,-1
76119478.3390425,339.91510753964945,15:54:44,-1
41443809.95967777,29.424204333753597,15:49:16,-1
25259973.85482777,0.0015971680291526,15:34:10,-1
2477958.6228206246,80.12562774013797,16:08:24,-1
41789887.72914204,142.38148423236566,16:08:45,-1
34139663.87640844,307.7189004426947,15:56:02,-1
46364493.47948303,338.4844753310217,15:33:40,-1
70584146.83994624,274.9512057310025,15:34:15,-1
69289537.53867272,68.39248171971916,16:17:53,-1
82717926.52198164,247.16664454030445,15:48:02,-1
76461656.40828025,228.51225769091872,15:28:26,-1
4275959.942392761,117.91306880207785,15:31:16,-1
29478129.88206309,197.9855359449516,16:06:31,-1
14598842.003645876,12.2325927114992,15:38:50,-1
64560483.51589409,90.60908618448626,16:19:14,-1
14352417.42317762,10.684667732346064,16:15:06,-1
21579058.312154725,215.96493313158427,16:23:20,-1
9502942.951121423,234.76611858755928,15:46:00,-1
79625166.02395788,270.7259723765981,16:15:45,-1
68513680.24102396,207.793817997926,16:21:33,-1
85547695.39250062,295.6418350375897,15:48:38,-1
23741551.59143064,298.216953660327,15:58:44,-1
79428683.89846775,30.37105770089163,16:12:59,-1
79739309.78855456,275.5488221625674,15:47:03,-1
43062919.67633471,333.3211732237817,16:06:31,-1
18145225.069000676,148.4716644316796,15:27:38,-1
37662254.10059802,278.65866765203845,15:31:55,-1
51222716.05704125,143.2383945221952,15:33:25,-1
23213870.75053281,134.93427627221558,15:36:17,-1
80081408.15402828,27.22686876298338,15:28:32,-1
57887317.26587431,265.3854928201199,15:30:39,-1
67546513.02817132,332.8816276261526,15:28:15,-1
45354680.28358157,142.68505520414394,15:55:56,-1
47176180.03213542,75.99519724722425,16:20:17,-1
83108884.0418397,332.45015872854185,16:16:38,-1
51575870.44855839,107.45682365815138,16:09:01,-1
84927323.7066966,312.85025901270325,15:39:50,-1
39287022.71244592,42.01423389926526,16:15:31,-1
14926364.189067764,148.31697750754157,15:55:39,-1
35190084.967627026,3.83752767510281,16:14:31,-1
44478565.91575924,102.04909419019188,15:51:04,-1
58405027.51007447,216.50845218125212,15:29:42,-1
48841383.18072367,335.91237256655506,15:44:25,-1
51079446.58757772,39.4024734486995,15:36:08,-1
72532739.63319899,241.8348523786225,15:56:05,-1
46621655.649390094,64.37666549807493,15:37:00,-1
49419964.00028224,106.94990980880294,16:24:15,-1
33358562.81636384,341.22677369311583,15:45:58,-1
40211436.66565792,23.020362838650254,16:18:19,-1
18805351.97356087,176.01372809115722,15:53:26,-1
72493782.73890811,123.28116586398652,16:01:16,-1
30945085.399283167,205.9849477758324,16:14:53,-1
31079746.240104143,93.56954469588965,15:49:17,-1
40379670.28814666,173.42175628627635,15:40:27,-1
35937267.56033608,164.68296229285204,15:50:52,-1
40809237.107786834,218.13008747608865,15:49:40,-1
62232446.66449906,247.03988024213683,15:47:06,-1
81640365.73430808,211.7339809077286,15:30:28,-1
54065727.69885317,274.3078742730621,16:06:55,-1
59885735.07832671,139.00331041076944,16:13:43,-1
9416742.8057881,136.22989655907529,16:10:00,-1
65497103.4880614,225.28072488036636,16:03:29,-1
22668804.093973123,8.673153396166153,16:08:18,-1
30940321.79555822,211.3240453553462,16:09:33,-1
65712890.34277768,323.37261491112645,15:51:24,-1
61752577.598937854,65.64532732274567,16:02:37,-1
62424282.21000387,175.124671965598,15:49:10,-1
23088098.39091883,212.1153453357536,15:53:28,-1
40236529.89966449,210.54056372305587,16:09:18,-1
81071619.30068399,298.29781644885946,15:56:17,-1
21580058.86364323,128.1622181457732,16:04:02,-1
4469988.695284042,245.79934492210472,16:06:32,-1
56888304.093623824,8.603447557514453,15:55:36,-1
62295548.44688445,295.35777769998714,15:52:48,-1
37556682.59784581,261.2834160082808,16:06:05,-1
58593178.47447692,9.788538708235636,15:49:29,-1
25454437.098863974,291.4601287015249,16:14:33,-1
71322754.33998953,198.18133439954045,15:28:00,-1
65040627.29681504,267.354681968253,15:54:53,-1
83644866.64833948,300.7197941907474,16:01:52,-1
65330931.38933552,337.18780798288697,15:53:44,-1
25903627.04131265,54.92591474459734,15:29:31,-1
88810238.91015558,307.0525678333888,16:11:54,-1
84538150.21264057,189.39778641082296,15:40:13,-1
70074151.24389161,215.3503527448111,16:20:32,-1
80072092.81176679,50.57064502146416,16:14:51,-1
34757962.79109404,233.84412799161893,15:48:14,-1
36722606.0635552,270.1595299830018,15:39:34,-1
45987643.534937575,238.9541673714244,16:01:45,-1
47453332.858066045,282.4324914900333,15:49:25,-1
40027189.614739664,237.68699712645892,16:23:35,-1
63996303.986977465,327.4179904776798,15:41:36,-1
1592402.9243199558,134.4830716308627,15:37:47,-1
68632411.30558875,358.60950532197984,16:04:24,-1
58253327.01513733,18.50379839373172,16:05:29,-1
31657963.69534361,47.05020545693475,15:48:06,-1
50834927.81107615,22.38675606731497,16:15:29,-1
19973003.991251636,80.50379846021308,15:43:20,-1
11238319.037001658,92.19894650405682,15:50:41,-1
66520428.17261081,228.2044948811021,16:03:13,-1
62473359.27395923,153.0377270077095,16:17:10,-1
46025767.30892777,35.77821371087337,16:09:40,-1
1092074.3528330424,199.21365378310523,15:43:17,-1
43642942.31163453,37.690253453318725,15:30:26,-1
17386178.753947187,60.653100814250855,15:33:27,-1
62599905.85157856,207.71744199167364,15:47:33,-1
23689648.805538263,299.80084879386925,15:51:43,-1
28840294.768942337,116.24227097517112,15:25:38,-1
57408233.75623257,176.5002585865427,16:08:18,-1
38455652.94419092,273.97734670868937,15:41:46,-1
77240992.01503891,167.7716119632659,15:59:44,-1
58240121.9351141,15.015583455387688,15:40:16,-1
21209882.30879086,213.6737082107156,15:32:32,-1
75840741.68636233,88.76411342283062,15:54:10,-1
45615027.6118932,46.84534136393705,15:39:52,-1
71587902.25441653,315.3821088840942,16:24:53,-1
67195271.39134228,78.38585915299923,16:06:37,-1
43123143.22701923,50.5038431914033,15:55:04,-1
47013143.73949096,86.87129814530037,15:38:07,-1
30670654.837132405,251.0661638267219,16:15:15,-1
11952821.240322854,16.625760576984312,15:45:14,-1
74957428.59015463,21.51102090501228,16:13:23,-1
7066172.201382081,253.05615679651387,16:03:08,-1
24970707.073708065,173.15650016447472,15:29:22,-1
32195596.010350443,163.52143377303662,16:09:38,-1
58447581.23580511,240.1125215271164,15:35:05,-1
35383504.39666251,251.0942771127048,15:40:16,-1
86076216.02177243,234.4851377313724,16:02:37,-1
81110480.48252276,304.9022366951475,15:48:56,-1
64730477.53022796,184.9215933436039,15:38:07,-1
17821608.81947456,213.22375251907843,16:03:19,-1
61745993.417594686,70.60490845946241,15:29:11,-1
3146619.436467439,153.60833233076264,16:21:55,-1
72174747.6166316,149.66513063858426,15:36:41,-1
29135303.20112289,317.05322790746766,15:47:43,-1
72696855.40431944,205.47076634865044,16:09:00,-1
53444988.46849654,333.94780732053283,16:15:54,-1
25229077.089751147,200.73235242357356,16:05:22,-1
82085150.0573433,232.0542082557305,16:19:59,-1
10601722.738104748,76.86009058687517,15:48:04,-1
30170382.75897244,132.17851083853125,16:25:13,-1
80997665.1617936,126.85877950673402,15:51:44,-1
76204961.76261635,110.01291227205834,15:25:59,-1
26822303.73642275,263.61407193108363,15:38:30,-1
50629729.23931033,133.46848148073988,15:30:26,-1
35364481.65801998,1.2671638229024706,15:52:35,-1
65247007.13826567,317.12436494550536,15:25:31,-1
37390863.38890738,192.5878254219264,15:31:17,-1
83989183.28255287,264.32609147414433,16:11:09,-1
25477954.285619862,63.59443121042944,16:19:13,-1
15193079.099772615,321.2571304589187,15:51:54,-1
7426327.244448033,278.81243361635165,15:30:02,-1
82970505.32300861,352.88133952240463,16:23:34,-1
39461085.94417708,5.1855475496966585,15:47:19,-1
86513813.64225976,10.961110489169478,15:58:35,-1
26576372.47146417,88.75983660823151,15:27:41,-1
65953220.76764239,337.4508709699471,15:45:55,-1
46836973.392052114,333.3625939138761,15:32:50,-1
25006380.99960118,85.65771835810705,16:06:40,-1
7399512.090879442,230.07598292876773,15:34:14,-1
11160878.282475688,332.4814277188013,16:16:41,-1
4131542.1216932447,317.9315040389124,16:23:07,-1
3145319.251963956,294.3167976716519,15:34:24,-1
24727991.58402695,134.5660073960231,16:04:05,-1
21704307.43429399,286.02301938458777,15:58:40,-1
70949136.8243946,125.4083484234788,15:41:20,-1
12166192.3061503,55.95319348862877,16:18:31,-1
8786380.028869297,136.53810594339637,16:14:52,-1
73776750.8902791,324.77282063557413,16:14:34,-1
34523717.00551969,322.67287381654626,15:48:37,-1
34456025.122862406,111.65747572220708,15:59:11,-1
75988193.00457016,42.188381964896514,16:05:40,-1
2545114.964419642,244.8035551848625,15:53:56,-1
35468293.305725336,278.7986290204147,15:28:45,-1
67516451.6425222,206.3257886691585,15:54:06,-1
35077582.33208165,274.7081121602241,15:39:18,-1
8119440.491166211,26.971240825436148,15:37:03,-1
52380014.68018889,330.2609333082236,16:21:20,-1
38339171.06666418,358.06688404378417,16:22:18,-1
12872359.437460432,348.14808421474004,15:36:44,-1
63044022.95848001,57.21492196907317,16:20:40,-1
88833781.30789919,0.3841293361448716,15:40:48,-1
85802340.93480146,354.8154479383777,15:46:14,-1
16239717.062753024,269.9459016888479,15:57:51,-1
83397937.96720791,158.9158682941857,15:51:41,-1
14493277.100912657,159.90238743883725,16:05:54,-1
51786410.8061138,320.86000658499233,15:57:59,-1
761966.2342812594,324.5114692809844,16:18:30,-1
17106648.123260688,241.0606301786126,15:59:04,-1
78631554.10601775,138.42209282570377,16:14:07,-1
55695562.62607263,86.76420793088853,16:07:18,-1
52174726.9662336,235.40701131388,16:14:52,-1
39690551.225427136,232.4739464907512,15:48:47,-1
35152732.26873996,290.470715112611,15:29:54,-1
74091888.48454851,323.7822714182165,16:19:23,-1
3289253.2224383373,29.07023213087704,16:14:28,-1
34182025.461450666,306.18956210938694,15:27:06,-1
52300536.29818282,54.55057874806161,15:39:36,-1
9051058.252611196,49.57205386455643,16:24:37,-1
58661404.70449272,148.25428901626282,16:00:29,-1
63823291.2537778,37.99742817188607,15:51:31,-1
55311543.22344819,269.366579497321,16:07:22,-1
45479256.10614867,293.3638590927161,15:34:29,-1
68956479.88968663,268.4427331126247,15:33:16,-1
41854499.11538048,236.68072617122,16:20:18,-1
12569535.903421069,231.1479920379155,15:53:39,-1
10115926.31892438,65.44584442002231,15:26:31,-1
48603127.42899643,190.7252390688589,16:20:37,-1
15955466.93727748,212.467680731578,15:47:11,-1
34837772.570634186,328.089271559928,15:29:33,-1
10687618.863305297,262.8747567690734,16:03:12,-1
27851556.270635083,197.1458419233892,15:56:50,-1
81704228.94722563,356.6064951985151,16:08:23,-1
67051351.5724845,87.7832674996497,16:21:33,-1
70407578.06141835,199.8431669316971,15:42:34,-1
70750257.77057803,185.1113485529322,15:45:16,-1
7774231.700335246,276.953846986637,15:42:31,-1
76171013.83627185,260.05046784816903,15:57:38,-1
50422142.70594864,316.861339182467,15:41:02,-1
19300281.265352383,17.514373478197797,16:05:44,-1
42724287.28021981,94.70066832015333,16:01:47,-1
55658650.87091466,268.5729030336959,15:35:18,-1
57501561.357253805,99.83360092842383,16:17:01,-1
23179657.133352835,68.16204795717549,16:24:18,-1
42923839.35904994,287.75285986617234,16:03:01,-1
15603947.125851536,212.82762767794028,16:18:29,-1
15822915.298106777,94.15384116502838,16:15:04,-1
45676190.60734194,172.53375077171523,15:27:11,-1
28663071.86107476,111.39702660731815,16:01:35,-1
89625141.14811662,199.1916805422472,16:13:59,-1
29418053.80672279,10.758145461246505,15:27:48,-1
55722477.25499437,300.401470838733,16:16:47,-1
85163975.52995832,273.14480716246305,16:21:19,-1
3759918.816652492,286.6299059908909,16:13:29,-1
67741889.92648901,309.88833726105423,15:49:29,-1
30015145.32826448,279.2053305486468,15:56:17,-1
51677554.1380202,171.41157869417822,15:34:58,-1
16190665.350929553,24.83860285381244,15:54:01,-1
30364013.69553332,102.77891609816022,15:44:02,-1
66640740.223732434,106.94723822370284,16:08:23,-1
17375246.851675477,201.90908920292856,16:00:04,-1
73020876.5144068,183.8535132555904,16:15:05,-1
74601856.01823162,271.6397878109228,16:01:05,-1
15923974.722512463,246.07165700449116,16:00:57,-1
20404054.219672076,223.76152092642064,15:48:22,-1
35361408.81109288,27.772505540289195,15:34:55,-1
11196827.692041945,214.2397677960203,15:42:33,-1
4587183.144557489,334.96514457008675,15:28:29,-1
39703566.29092754,207.8451086096206,15:51:28,-1
52221450.83825241,154.9157162843654,15:37:47,-1
28571503.77735267,227.31888345093208,16:20:12,-1
30183835.128147736,127.33944819182842,15:51:43,-1
16049407.848093309,191.27213290571063,15:31:10,-1
42082789.316642806,87.00073140560961,15:28:55,-1
42588520.01571412,201.7405277285636,16:14:31,-1
86794721.87807728,147.12752401832452,15:48:40,-1
45373728.33646794,118.26305830519766,16:17:10,-1
48786199.60038184,261.5564841572988,16:13:12,-1
79603219.4630936,186.12548774889888,16:20:26,-1
65379927.89089111,292.4804683407246,16:03:45,-1
45483511.00658576,93.5994510523938,16:00:42,-1
86022555.20840742,132.63819336448353,16:04:23,-1
67243064.74781357,246.20835047409147,16:23:41,-1
20109428.63237961,185.41575985885547,15:28:07,-1
78465986.45062602,22.794644265488884,15:57:04,-1
84186140.28116259,326.45346210974583,15:47:45,-1
60989715.53132363,297.3655741385366,16:03:50,-1
57775234.01224608,67.36264376388337,15:32:02,-1
43883603.51395203,166.81846970355315,16:22:02,-1
63213316.32824659,264.5320011921541,15:57:28,-1
84412296.27110982,85.74065983802133,15:47:18,-1
11142216.68919105,127.04769790491684,16:04:29,-1
29950350.555129845,38.17013396740955,15:50:31,-1
11986053.230327869,155.36004557914617,16:13:20,-1
19410246.18310128,54.90039490297159,16:12:40,-1
25325977.15781271,85.42106443703577,16:17:12,-1
45787527.22250459,47.44249809099343,15:52:08,-1
80531051.47044015,254.5546346535375,15:27:28,-1
27655249.27280171,300.9335796854414,16:14:29,-1
41680693.19158468,334.8291658416206,16:14:09,-1
28778421.43779361,285.6025838100221,15:58:53,-1
46216654.86438055,235.0255141831484,16:15:49,-1
22870164.588549104,295.7913985501158,16:14:15,-1
13820087.033477709,125.0405940788322,15:33:22,-1
31738559.355593838,7.086946916788679,15:26:25,-1
39619133.26834819,259.8293487901438,16:07:15,-1
9382800.07757998,68.73438948240562,15:44:49,-1
40714580.87365472,126.54946665835264,15:35:56,-1
86308482.30060342,339.15797297681434,16:24:13,-1
28260995.16480137,183.04912568779432,15:40:11,-1
4875837.673863604,216.98690763600607,16:02:01,-1
29184396.499855325,245.15905035851668,15:41:02,-1
24149668.159905285,200.5197166183609,16:23:55,-1
75102792.78162608,284.6155755075942,15:52:34,-1
10051749.739162492,61.632543644096266,15:42:53,-1
61022644.96363086,145.83991714388247,15:50:59,-1
22479336.5106755,13.463104171047975,16:17:13,-1
16074862.233959733,56.40541253580705,16:01:12,-1
5776786.581400789,350.07966482603115,15:26:09,-1
11532759.45568738,315.7601628198986,16:25:14,-1
7962857.020215241,76.4270668193385,16:05:34,-1
78801427.70318404,177.51614457070085,15:56:55,-1
32608212.43142839,116.9263870314188,16:23:06,-1
53752855.44858789,237.1936538135828,15:39:35,-1
19662418.7758725,149.28533176227603,15:46:36,-1
51820304.06176688,218.81034305906053,16:16:00,-1
233075.9957289908,164.37172403315395,16:19:17,-1
36139636.13244113,231.4079809582499,15:53:40,-1
14140426.203733334,115.74223141944556,15:41:22,-1
9446313.643582355,7.638633113601863,16:17:57,-1
89848063.86558133,330.03552488193003,15:58:06,-1
31670146.062885936,5.483930616880985,15:52:48,-1
89630612.162406,16.012109902947323,16:25:06,-1
32234337.96160496,239.42529635421573,16:01:08,-1
29893873.017656077,142.41102260959627,15:53:02,-1
80321741.26522651,354.64434474641064,16:09:45,-1
80898.3311284484,125.47996997493723,16:06:04,-1
66325168.13322404,288.2734078225155,15:47:17,-1
43383788.50334743,110.14948059300912,15:31:20,-1
40738994.4131557,44.71059614861485,15:54:20,-1
63372999.14020568,180.72634290415232,16:03:48,-1
67996340.44900534,40.2513993060668,16:08:14,-1
34844136.619249605,338.3163622516264,15:31:04,-1
6973591.112102894,326.9688317713756,16:03:33,-1
8447461.58465888,233.62533591797933,16:00:52,-1
80553955.36014573,150.8558913024563,16:20:54,-1
525785.1074205261,50.231205284163686,16:15:14,-1
9392488.344410244,12.201348935392456,15:39:28,-1
10822263.0475351,200.40386281469563,15:26:27,-1
43369995.97848379,18.888425868858292,15:44:59,-1
59430372.67759952,175.42212628575055,15:29:35,-1
34740020.54851387,56.14719743993097,15:30:36,-1
44373658.22709678,257.33919245041693,15:40:24,-1
35327664.99877063,56.066243007192085,15:51:52,-1
12935604.049802167,149.44486486728073,16:19:30,-1
8340248.944250691,141.1636635170878,15:27:24,-1
80255144.86216208,105.38950880973633,15:32:35,-1
78601430.12592225,356.09492010279,16:03:55,-1
53139948.2597454,41.76994204606689,16:15:25,-1
27537233.89076404,99.24967009430188,15:27:06,-1
42222344.52886546,344.8609118356149,15:33:11,-1
16340151.411749529,152.2095063378386,16:01:57,-1
1686835.5306820744,95.7668607016297,15:46:00,-1
6879663.211231444,352.6940353125049,16:12:01,-1
27960149.04590369,248.58944832294785,16:07:46,-1
29188132.165715814,177.72219359629526,15:55:47,-1
23238897.7041877,266.52692070675096,15:58:16,-1
3049346.8417918817,77.46077423928914,16:01:10,-1
59647315.78182178,86.46597023227383,15:59:23,-1
89634987.18722029,95.87526286123564,15:37:38,-1
88051225.66379352,319.3289024612846,15:55:17,-1
61994606.70191062,101.14844221411026,16:09:29,-1
86878308.00414732,292.84766691409834,16:10:16,-1
8653257.592110027,43.775014608312446,15:45:13,-1
9401323.360836685,198.90965204974344,15:59:19,-1
49598417.70154874,69.88829407439306,16:03:38,-1
58296028.50048948,271.85601976018927,16:00:52,-1
15295313.08068044,303.99497305132616,16:14:09,-1
54262812.54399459,138.03989720675793,15:27:16,-1
19055635.498307846,158.1420119826853,16:03:55,-1
19242485.29139481,275.45985404587435,16:15:29,-1
13821839.329908667,342.25360685807334,16:01:54,-1
58372245.04611078,29.35204608064906,16:14:50,-1
63092902.27032731,146.88127630290452,15:54:28,-1
14384805.751603596,139.58952072214493,16:02:41,-1
86039309.23298533,199.45504686285005,15:43:51,-1
87494057.34261055,281.1598304823256,16:06:37,-1
12787041.053993624,82.42066536326406,15:50:17,-1
5784532.907187537,190.7897106802914,15:52:23,-1
61682768.84215268,332.94016313604664,16:23:38,-1
72538973.77079876,86.92831964891592,15:35:03,-1
17569373.147899862,48.55912924395123,16:01:15,-1
20158622.560144003,86.0905347315419,16:14:05,-1
77990257.76241302,139.2083864403606,15:47:05,-1
76390176.45990957,161.40731648598057,15:46:53,-1
60621162.17774812,56.88997206770668,15:26:11,-1
15550554.112011556,42.40318357230014,15:53:56,-1
60131725.68669246,103.75823242913364,15:33:57,-1
12483195.702532874,217.0230573491921,15:38:53,-1
55167292.21022197,132.19018295736896,15:30:26,-1
60547653.19232875,88.83664662650939,15:45:27,-1
51521826.56228452,356.95137928071176,15:36:06,-1
44026234.79754248,149.2217793038516,15:45:38,-1
18470688.444457885,153.48601680443429,15:48:28,-1
57401681.40674248,222.54615541567964,15:31:50,-1
32364838.031035744,298.89870435392,15:28:04,-1
54887995.50490496,12.221780205593738,15:35:18,-1
25131240.31743313,75.73213413968634,16:12:27,-1
86882166.71791445,172.85820321899615,16:25:26,-1
63405721.42465783,3.4537145722216733,15:56:39,-1
56849897.69607701,291.0947973484148,16:17:04,-1
54931688.26700305,148.5597707232447,15:31:22,-1
18365159.853379097,266.41493661694165,16:23:26,-1
72379044.10519657,53.28256493409892,15:49:40,-1
52891367.926837206,309.8278297997151,15:39:52,-1
9441932.311006756,326.6617571567271,16:17:12,-1
55206375.755699545,89.83686007212485,15:45:14,-1
13175693.612830147,17.36878137916864,15:25:35,-1
8514897.12213594,8.107177133985273,16:23:24,-1
23260583.377208203,76.1065809813172,16:18:06,-1
3663442.825993737,163.510402777302,15:36:36,-1
35266548.73018377,321.88202467589355,16:05:46,-1
75563071.5732784,137.32336335925464,15:26:14,-1
69952749.31991678,241.1623471193748,16:10:53,-1
42045535.63106363,47.629138723076544,16:01:59,-1
89769338.80768313,341.97956914864443,16:02:20,-1
22919012.722228702,241.05008694744967,16:04:27,-1
83285341.90907586,134.67361431708275,15:55:17,-1
81499539.22238547,303.2078114736424,16:01:40,-1
7515318.685397973,164.2106804662193,15:56:56,-1
79090557.77527347,155.901754933384,16:05:13,-1
78717096.07504879,110.20410393913085,16:06:25,-1
70032252.42593125,329.5365706583512,15:34:26,-1
69464859.8631911,359.0203710742477,16:12:32,-1
16572418.46800429,310.8271255435678,15:36:19,-1
50292995.83453241,29.476123009876943,15:27:54,-1
43730902.09081806,108.24049810087452,15:30:46,-1
18762285.55906037,52.56276962181226,16:23:30,-1
59408348.771269165,278.623957753442,15:35:27,-1
86435546.16133316,295.52373144855426,16:17:06,-1
69910474.21686696,21.32195690221821,15:36:50,-1
62683762.02259632,169.996799954147,16:01:40,-1
59458891.86932375,229.62028538601305,15:44:42,-1
72438347.14469823,165.03735229778383,15:30:18,-1
67263722.41257513,65.32316926836626,15:53:46,-1
13620190.01042379,95.73674611633196,16:03:01,-1
70523625.98305006,269.1359107366304,15:37:20,-1
60804421.96091128,275.6911833687477,16:14:51,-1
42419751.88044101,329.7340268245061,15:27:28,-1
4868244.53462356,17.403123348450155,15:44:56,-1
63301093.68231786,182.97047290545103,16:19:22,-1
87957299.15887094,276.2469993607896,16:20:12,-1
17222075.055752404,175.24703353734722,15:46:23,-1
73241736.56416656,343.162666701696,15:26:41,-1
3541354.438273707,322.05427139219887,15:33:30,-1
68567787.14221391,333.55308946423463,15:48:09,-1
4733531.754660306,317.3546812423203,15:43:40,-1
71263690.12789978,17.10182286776221,16:00:41,-1
67245051.19455016,260.2754863612444,16:11:51,-1
37386811.35130615,284.01050112914004,16:20:00,-1
26129531.315706026,240.0128360767,15:45:05,-1
7210500.907056149,259.5990442806729,15:47:18,-1
65425099.99142925,207.1986268146695,15:48:25,-1
77813980.41261801,47.41813379284198,16:23:50,-1
1360801.7078952517,27.58442901783351,15:31:48,-1
2098936.9527161294,214.83558542862517,15:30:55,-1
9437081.313779756,27.07893354231071,15:33:22,-1
16021703.83520962,67.75245887878698,15:37:57,-1
70606574.26963721,88.01663438723178,16:17:27,-1
55742258.33198295,312.74391059728373,15:32:05,-1
16933574.897738773,129.50113126852253,16:03:30,-1
71552024.59190391,235.62261604804195,16:20:26,-1
556501.8562577643,125.95963847512846,16:22:58,-1
61485044.815369554,205.8050901790436,15:55:23,-1
78289970.11221723,34.107725225396194,15:31:12,-1
139090.17012836106,60.21367253248725,16:18:32,-1
49087692.00332013,257.3618703141074,15:35:31,-1
19196967.361039568,137.95009249377586,16:18:01,-1
26456400.37810392,221.41697291778488,15:34:42,-1
43784405.39228854,54.068218988299385,16:17:19,-1
74221052.98926133,177.28771602473324,16:25:16,-1
13786241.363792565,32.783711089269964,15:45:56,-1
27056051.549001757,179.3396667968987,16:02:09,-1
4964386.113603145,306.83580635192226,16:23:21,-1
65396860.206078455,148.9358087678841,16:15:31,-1
58231949.85340233,228.81263228593025,16:02:55,-1
74706519.7730776,298.2308287603261,16:07:53,-1
389948.5988681164,313.3019599942725,16:14:12,-1
9963903.123941367,259.7690815488262,15:59:51,-1
9882348.969170475,137.01073080070233,15:54:12,-1
86304269.57200915,170.3476840169589,15:33:42,-1
12300805.779793492,65.07917406607956,15:57:56,-1
69675710.43083556,74.56828549603216,15:29:34,-1
85634365.90864366,168.2065741271522,15:40:48,-1
33032647.84538561,284.19779585365114,15:56:42,-1
20866368.16153224,56.87661166475231,15:50:10,-1
77011461.87575564,248.2639135384039,15:27:44,-1
56899106.74807628,143.90042734816686,15:46:38,-1
71119941.83635846,206.6134436575613,15:27:04,-1
9050265.884362312,206.8069428136968,16:23:22,-1
63967579.44138416,277.8582004885138,16:23:33,-1
6405410.522326096,310.6774446591472,16:22:46,-1
2249706.845187506,105.04575406926008,16:22:54,-1
25346648.74090401,290.7662573264499,15:50:20,-1
3900301.495215192,198.02434876565488,16:07:50,-1
30132659.759853143,190.0596370923025,16:07:38,-1
33432482.647019632,249.027112113928,15:39:18,-1
57961956.61385758,98.4357537227732,15:54:03,-1
42832248.9288678,117.0188063513788,16:10:16,-1
43705778.56329933,161.45131415802817,15:37:22,-1
29705886.11549076,132.32560410565776,16:17:44,-1
16454093.911560206,119.43148632953104,16:00:15,-1
1803900.3606828488,39.39545771360982,16:00:02,-1
79479541.69132678,54.626763272927136,16:18:45,-1
62483434.81535745,243.83534727957675,16:10:41,-1
53862346.96096262,64.01691002903813,15:49:22,-1
37252558.94139903,161.06219136496054,16:02:35,-1
38077118.07293461,175.0701538867495,15:34:28,-1
28838012.391544208,136.35185457730813,15:28:46,-1
88177575.1548316,72.93202747670449,15:50:49,-1
64223915.31076845,340.61455642183864,15:47:06,-1
71947438.0530364,324.47556349443164,15:27:54,-1
10792594.718741223,18.618444662580263,16:00:24,-1
24208308.478020422,169.31609329002293,15:34:41,-1
83751695.95537381,0.0008500302922742,16:22:01,-1
40744155.28860778,303.49439139307344,15:54:10,-1
52166690.94462796,155.1389317337384,16:24:32,-1
17896197.502177134,68.88334093508364,15:41:49,-1
52021990.33522218,68.54169950842197,15:55:03,-1
58788066.60945137,139.32961487848968,15:36:48,-1
11307275.106145017,16.646130207894366,15:38:14,-1
25710245.224996828,171.19311348678903,16:14:15,-1
73519537.0541282,237.6450996376718,15:49:48,-1
67034708.66552242,98.99667938838016,16:01:46,-1
78418140.19150005,317.5129664217065,15:59:58,-1
85278594.49649833,77.3081984620131,15:50:53,-1
51897181.826897725,160.81464006857496,15:37:00,-1
27584429.97300735,97.10436770669608,15:56:34,-1
73849832.71664678,177.4487079502308,16:12:53,-1
26824676.421370585,177.00968004459438,15:38:03,-1
67247416.61759704,77.06781868398805,15:44:02,-1
59805810.12582001,57.633347912076616,15:34:32,-1
33185693.53550957,208.6401293566196,15:31:21,-1
24990340.38411927,267.70172391510283,15:49:08,-1
12747390.433704829,240.65672379611584,15:29:03,-1
11498620.233246649,160.47391606705622,16:00:31,-1
56021439.87919576,110.71313793822372,15:29:21,-1
30514768.41171299,264.3638512438481,16:22:42,-1
75501364.70008609,38.046578846018924,16:09:17,-1
48395832.66968567,30.180445127909486,15:33:02,-1
74232722.84431513,203.4945538968766,15:33:33,-1
71718838.46271034,12.056046194808944,16:10:45,-1
56093458.14943722,86.46668703930251,15:29:53,-1
58892830.578743726,279.12963984265446,15:40:22,-1
40499476.7844724,240.2846277483473,16:13:39,-1
26419116.797853906,105.64296731592896,15:32:07,-1
47393673.05233901,121.85065451647176,16:20:43,-1
9860822.5495092,167.94993373541465,16:00:06,-1
26626253.073595177,309.72032797604174,15:32:42,-1
81414219.18106261,272.856194998735,15:40:14,-1
88498016.5720729,234.00506819571285,15:36:49,-1
81306961.27287096,1.910186783641996,16:03:00,-1
28571435.801554754,273.1368712638757,15:54:45,-1
20153092.166506696,297.7442145362562,15:35:57,-1
34598179.16171322,252.95342983132727,16:11:55,-1
83649407.14935164,139.1877670730191,16:15:02,-1
25463488.023856103,218.56074705664165,16:16:07,-1
2811088.009354057,123.72557125384388,16:07:42,-1
63618214.65967856,173.03900682707732,15:51:02,-1
33176857.43777673,328.20889264310085,15:49:29,-1
48462204.45310176,29.80413458274052,16:07:43,-1
57210755.511954576,66.78477614168243,15:31:39,-1
23315944.081869066,30.75529502589304,15:54:02,-1
35558022.34872532,272.7387395135893,15:36:41,-1
35279925.317291714,82.15645921426834,15:55:49,-1
53523491.15011555,31.74614372789189,15:40:01,-1
67545836.60726169,172.4420115992028,16:03:33,-1
13392442.295401158,139.0210626704251,16:14:15,-1
85456871.93700598,111.6098335097812,16:06:16,-1
11287986.031171648,219.3577473112948,16:19:44,-1
76980437.79567526,42.18684692506387,16:12:21,-1
51205497.9596852,286.4321611679888,15:37:09,-1
51105797.94642453,141.76320116648665,15:41:37,-1
58549784.76775713,0.8806523956727741,16:19:18,-1
30137488.891746,43.42606439000696,16:00:02,-1
76091702.31339665,142.72572684805303,15:43:16,-1
22535243.491730846,148.88345063336624,15:28:14,-1
48525672.78627444,257.7659521396763,16:08:57,-1
60005561.59098255,227.17383043587355,15:32:23,-1
12845652.38774363,9.669059466292964,16:14:13,-1
53663440.86331114,131.11101154400953,15:42:43,-1
6040585.032693238,45.17495570471503,16:20:08,-1
33724521.36413691,233.28087612670208,15:55:25,-1
15589910.54919332,166.4007947542598,15:50:11,-1
77580116.36437093,241.10126943413135,15:39:47,-1
30501530.39806879,178.47981719435725,16:20:29,-1
87043825.92735964,358.86337808653684,15:48:17,-1
55841821.426777385,123.82068952514447,16:20:50,-1
49574389.60729526,211.18838655525585,15:25:58,-1
29184368.813585784,213.1282786076085,15:46:46,-1
22839535.68669324,88.09773185079001,15:47:30,-1
72374073.8118287,273.55532521168703,16:20:56,-1
79966752.33171074,190.8446333060556,16:08:18,-1
40139511.74735568,262.52427792822897,16:14:00,-1
2951128.28280674,102.32185936849366,16:05:47,-1
43615472.085252106,20.57941684733333,15:32:36,-1
81004993.43152112,54.987419543957095,16:02:52,-1
47515388.35857135,302.5027567358309,15:41:31,-1
77345664.17174411,57.42023320402952,15:36:18,-1
7337315.54778649,221.97003817289263,16:06:50,-1
7756917.612053874,249.387290925906,15:37:25,-1
52563579.536709234,258.87018450382635,16:18:29,-1
51927265.37706355,76.65636424271254,15:47:34,-1
28024242.455139536,221.3283948919304,15:34:29,-1
10561894.132217985,197.11396878578591,16:23:42,-1
65849903.92211024,79.5755055377278,15:36:01,-1
62786261.85151591,358.58315244227214,16:01:26,-1
30241565.994143527,289.48063461935965,15:32:20,-1
15646117.960495044,50.23957957357608,16:21:32,-1
68992443.40664975,14.576995022872584,15:38:42,-1
13363186.140928231,268.0962131963658,15:53:17,-1
77330535.00046563,274.580125246209,15:59:22,-1
15510583.129619768,215.93346672246935,16:01:46,-1
25499555.13783686,165.06463235383592,16:02:45,-1
88221370.93611635,234.2793516222223,16:13:02,-1
1968708.5590947012,217.6459808113384,15:28:07,-1
73196291.5441144,104.10906235471036,16:05:13,-1
8116887.018050474,280.75157482485565,16:04:49,-1
41688764.63256808,230.41439746219265,15:58:09,-1
78653384.98681553,63.721001507576126,16:15:51,-1
507076.7792642954,37.99605324536228,15:25:39,-1
20490424.665589686,22.35682937864849,16:11:10,-1
66672896.30682451,25.86435403536672,16:07:13,-1
14382533.263121637,32.51135539026309,16:01:05,-1
20103034.698599026,139.0568669109195,15:42:30,-1
84192754.2939594,166.25478804788582,15:44:40,-1
58556928.55538167,70.2950388939717,16:08:28,-1
1985872.346363629,130.9301706848162,15:51:18,-1
88498126.79306689,167.37809567082994,16:21:40,-1
2491874.4738161075,82.93080856894773,15:56:01,-1
68993517.78503779,242.45592997503184,16:05:39,-1
89725101.86149856,226.3971898128402,15:49:39,-1
77304749.57874437,88.3301746798149,15:55:21,-1
56552879.198591486,251.4386923427372,15:37:04,-1
77040038.34844631,332.0298834230682,16:03:53,-1
22873202.593614813,169.4560494968744,16:17:32,-1
50151849.264172815,28.6207907862857,16:15:54,-1
40480897.789313965,7.122884099335956,16:12:07,-1
18534513.529024474,295.84743786846207,16:08:56,-1
45768317.1835651,339.1805065220308,16:15:40,-1
67057909.55675266,221.06608814835224,16:06:29,-1
50095656.48471695,325.7788615233562,15:32:33,-1
51549621.21330992,324.41712159680395,15:55:25,-1
35944676.2615635,308.76858073684434,15:52:46,-1
59509116.26645578,98.31568073903286,15:33:43,-1
13141653.93925662,319.8718143890296,16:08:47,-1
72662001.22795613,11.834174059380938,15:59:56,-1
37536291.82571977,222.81759703947472,16:16:25,-1
46735797.8031484,167.73620726391314,15:29:27,-1
88546614.17356052,263.1326130359336,15:42:02,-1
61457859.4593207,139.71176418686125,15:57:30,-1
40317452.49699192,37.30483629522453,16:11:02,-1
25503668.55984114,290.22483835423685,16:02:35,-1
8286304.1533944,46.30912006079433,15:56:55,-1
87415871.89407799,13.128654123445164,16:05:33,-1
65239341.67252484,10.383522416807487,15:26:01,-1
70588579.00298317,234.83505494224312,15:41:51,-1
3570438.344454188,314.7933018769747,15:54:35,-1
44746075.84257916,178.34553213440176,15:36:17,-1
43495864.85385825,98.0212072531645,15:51:55,-1
82433838.75458288,264.6789935316755,15:29:32,-1
63346473.65596692,164.4842043691996,15:58:23,-1
19083018.441295784,207.15269088256147,15:52:47,-1
60044513.17775586,128.1307422078054,15:32:30,-1
21090833.56636473,275.97049766591164,16:04:55,-1
471894.0597777367,39.83067288663959,15:38:44,-1
61196529.66846114,252.47332602794268,15:54:44,-1
74364676.3417292,99.67889027853045,15:27:51,-1
29442169.257943995,173.12142253930477,15:57:40,-1
60588077.20756012,63.00118256915685,15:42:59,-1
88338788.33676098,322.2965397920939,15:54:39,-1
68721203.02300519,290.83911912461105,16:11:36,-1
8804763.126521118,260.71710560352324,16:06:55,-1
17625801.142820045,172.4585945630561,15:40:12,-1
45965019.36337472,352.07074550986124,15:56:49,-1
50029612.682996444,30.200591509142956,15:42:59,-1
7640683.739509193,270.8349258658479,15:37:29,-1
63448590.7739365,350.6373723377008,16:01:24,-1
60657222.78247008,342.73956248277693,15:48:44,-1
85234705.49150577,229.2674404597041,16:11:22,-1
73127348.90069444,80.39564961842277,15:42:47,-1
21256807.14470124,32.51565696199315,16:02:56,-1
72868782.75088999,218.3224726899589,16:03:27,-1
89166893.20729221,138.39972084179357,16:01:35,-1
53980846.58611553,206.0754644049501,16:00:15,-1
7352049.263164717,344.8554673886068,16:24:45,-1
58013047.739185646,246.1810016259582,15:26:47,-1
76832588.61518998,64.75823359765644,16:18:53,-1
47595926.044184186,280.5196687185372,16:20:56,-1
78180399.77560067,82.78029256893886,16:20:07,-1
85389025.22759998,209.71373492537316,15:28:58,-1
89779473.35798086,21.19769883787011,15:48:56,-1
83244057.90339021,206.8329061219557,16:20:03,-1
25039411.690415487,237.28101421178863,15:56:35,-1
62906307.14446636,64.03723430495346,15:48:37,-1
56276333.68895009,248.87373056427896,16:24:45,-1
45417778.750910506,302.6333076275864,15:27:31,-1
67383764.87068428,173.10624773930203,16:25:09,-1
64858733.80480632,155.46293320927458,15:58:11,-1
74071441.87205118,19.88982827407621,16:22:47,-1
19005198.519894637,34.47976104510196,16:00:41,-1
36240158.70120631,213.58576001200737,16:16:19,-1
24377051.603439663,101.00776216253676,16:07:46,-1
29767142.54670969,85.36525338665615,16:01:20,-1
75001104.45525959,258.17439268536344,15:42:47,-1
44108655.40897853,68.33275522460423,15:56:15,-1
88551765.53960827,327.77903057888483,16:20:01,-1
57984868.256816365,112.64726988418548,15:52:10,-1
73979746.82550326,319.2177015945431,15:59:32,-1
62641251.64283604,23.938095452872236,16:21:50,-1
54695566.94732046,69.89571021391798,15:58:41,-1
59802331.91210411,271.9647497548766,16:06:21,-1
46501133.38573383,159.33768668214347,15:49:32,-1
22191026.2073634,141.5827837659261,15:29:01,-1
25949411.94482699,81.77873381944674,16:03:13,-1
75286978.3878006,73.78389971615053,16:05:05,-1
86831959.1659359,77.2149413301133,16:18:50,-1
66947712.33143608,329.35410451950526,15:49:28,-1
27226596.56649073,300.4459286370777,16:13:45,-1
75757253.93383981,48.99042352887301,15:32:47,-1
74986090.9332141,79.97971766014932,15:35:51,-1
8271108.785570755,23.11459316735794,15:57:47,-1
16944386.423512574,1.370696643265057,16:01:54,-1
16333405.422418889,186.12649920160172,15:36:43,-1
65969883.5582372,262.7121955330688,16:02:00,-1
46348539.49313045,28.68173653582681,16:18:13,-1
22595966.431140207,286.7377508041408,15:32:09,-1
65810900.81405284,265.35625491526923,16:03:36,-1
42322066.84527395,197.20623599545095,15:34:32,-1
6971372.098353391,38.37707264565419,16:17:32,-1
30751167.63698321,19.54455079863124,16:14:06,-1
73275788.48759672,66.61689445169051,15:58:55,-1
26257335.543227155,62.24011988727802,15:31:33,-1
61264859.58040566,257.0343421383235,16:17:05,-1
28055082.55628778,147.3260316014663,15:32:32,-1
20012147.04434029,64.81454809139838,15:36:42,-1
67244495.30157061,340.3825060920116,16:17:27,-1
46099583.59507185,75.42138510657676,16:02:33,-1
81248073.07534577,152.02117876173298,15:34:43,-1
18084232.719185323,75.61506634431973,15:32:36,-1
76611526.09647337,122.78461172462085,15:31:31,-1
79914838.10711226,262.946283788254,16:16:15,-1
26252054.92168563,203.38198638256503,15:35:50,-1
81034163.75795615,290.16794505183145,15:56:07,-1
49736230.77482894,197.0303975868103,15:59:36,-1
13287916.9783853,191.09638194741197,15:36:16,-1
12699032.457858378,172.48098346998034,15:29:38,-1
47599172.12699377,223.8036863570629,16:14:04,-1
41823892.47703964,287.99447240281404,16:22:08,-1
67421711.46267842,336.27870128526024,16:13:30,-1
76031791.69559462,16.698112222195498,16:11:50,-1
51440334.2271981,179.9385374540883,15:35:26,-1
72199977.92166047,162.76130146432834,15:46:35,-1
60212.23932511636,17.48894085316216,16:25:10,-1
61716830.18964438,226.65295201230052,15:55:22,-1
50586237.040245935,336.1242359878164,15:31:20,-1
76552802.22124831,128.8643256265352,15:50:25,-1
33508219.0022443,187.1903285043369,16:20:05,-1
71179684.6789913,127.40552346819469,16:25:13,-1
25952931.78291157,7.631558253793504,16:01:08,-1
10799721.516071215,42.14774845563548,15:39:45,-1
62313759.39803207,306.9456891998012,16:21:54,-1
65115672.00532308,35.45987801482329,15:41:40,-1
77021040.17240267,286.42785067384546,16:13:24,-1
22477162.09991032,97.74196228738376,16:09:24,-1
56930000.09838852,344.27268200987845,15:57:12,-1
36627246.41615574,121.219408531249,15:52:44,-1
10423287.81769572,16.99838583763065,15:50:59,-1
57859792.76970454,185.964169153592,15:53:45,-1
10771728.684335155,103.2343733477388,15:52:16,-1
24599068.125959307,3.950349024612669,15:25:42,-1
54865566.10532976,123.05158476895828,15:43:55,-1
7529821.590850614,42.04723936738331,16:20:07,-1
25705284.781788595,255.89311278702135,16:25:26,-1
49826188.24032048,94.04916346820212,15:55:54,-1
59878183.97361033,95.92851793881816,16:23:32,-1
87465954.49626747,266.7456560263468,16:23:05,-1
40921370.12761219,301.92186031590074,15:46:12,-1
68366755.49835043,42.802808704387445,15:48:45,-1
30825625.16513441,331.7190888205076,16:21:30,-1
35917101.88070932,187.26261156479373,15:40:10,-1
50594687.351809554,86.8625906547351,15:56:49,-1
35481937.89967557,172.62429278456804,16:08:28,-1
22725914.28731677,270.8647794479863,16:07:23,-1
76753403.2841395,164.23299809869334,15:59:33,-1
80979201.39059515,105.08120662900178,15:36:13,-1
21872458.036188703,312.26023096251834,16:19:35,-1
86968105.0331668,342.29231332034544,16:11:54,-1
74756329.79879627,226.81628028032992,16:22:53,-1
76257932.47605176,64.56367466096951,16:24:26,-1
75324246.73950231,68.59450019093904,16:03:13,-1
28671508.99537089,112.79606535097142,16:03:53,-1
46049381.65420691,347.0141585632425,16:14:05,-1
3575643.1462556208,156.71193559961714,15:29:35,-1
64537159.64831263,246.2269510973684,15:40:45,-1
35714572.75105492,251.724583054626,15:50:40,-1
52694276.68207677,149.8850334509431,15:34:34,-1
3722048.411241012,338.3835624311841,16:10:58,-1
52085985.12470896,283.48688965791445,15:57:08,-1
16146429.915744975,80.22323149580598,15:53:04,-1
43801441.49101317,203.7575766281792,16:15:51,-1
8985589.070698725,115.51988841407318,16:19:08,-1
9581407.742194047,161.41794072293723,15:38:02,-1
19351803.86255165,143.1414189858831,16:03:56,-1
52108617.98600028,92.24891051584352,16:10:28,-1
44736948.11978883,230.3915151568117,15:31:07,-1
72813984.94777109,25.70183816681506,15:56:22,-1
57760623.67153662,139.1171806923407,15:43:57,-1
54619465.73496223,16.92343980548155,16:22:03,-1
9453638.227168372,324.3194866591687,15:35:08,-1
88310369.61982597,124.25343992109936,15:56:49,-1
40537901.87211489,85.16081079687494,15:43:18,-1
32549738.886566486,97.34057908793147,16:06:20,-1
57348547.45221856,345.6325196665196,15:45:18,-1
27655764.406310447,184.3011277816096,15:34:05,-1
35912703.66372058,210.9559949931452,15:45:23,-1
29548362.28876603,226.9969701677436,16:13:24,-1
67451386.4997104,108.58179082637776,15:38:02,-1
43736156.700815216,184.61488411932524,16:23:01,-1
54650843.86331823,194.31902926771303,16:06:30,-1
19029587.032716785,67.54413702953777,15:45:56,-1
19448070.32720708,239.12221838667568,15:48:00,-1
38037983.31827035,41.53098022669487,16:00:46,-1
5238218.786004166,127.3185717533726,16:22:31,-1
17080835.452449895,172.68715636184496,15:54:23,-1
62303076.135244384,342.85300822386563,15:42:22,-1
27608921.268381886,336.4200935617458,15:33:53,-1
83380039.79556775,218.3080535686592,15:39:23,-1
70770850.35417251,32.62512529826011,16:03:51,-1
43643811.07814481,259.6765117282872,15:42:04,-1
360861.627383709,74.25319366111734,16:04:50,-1
25446427.883806832,12.824616658884317,15:52:32,-1
66865649.76705724,133.85160165109653,15:32:54,-1
44726233.62502899,277.6092114708682,16:00:01,-1
1394922.1472148327,145.34426024608857,15:47:30,-1
80511124.27242266,273.7153162604891,16:20:16,-1
5243034.466513998,75.31738551476181,15:35:18,-1
78178530.97860007,258.5345993509656,15:28:27,-1
26021678.265666705,335.4507274688743,15:34:14,-1
10712910.420685776,285.1796534898547,15:59:01,-1
63094919.719545245,118.30645213509196,15:50:25,-1
4284669.762790401,177.3519263013977,16:03:30,-1
45400893.07429643,56.8260687793412,16:17:40,-1
30619404.82183505,11.060850742636212,16:14:36,-1
21416249.54750924,155.73921589558702,16:15:16,-1
16628575.072636638,27.971077123129398,15:44:45,-1
28619286.7206535,269.1792711073789,15:32:24,-1
75452177.05694886,50.158261828351975,15:36:59,-1
70300702.77423158,159.1293330402646,15:53:49,-1
63869969.20474833,29.60609335806287,15:35:50,-1
3080861.6160307163,336.1437234587002,15:31:11,-1
18355359.023148064,88.03712316058825,16:07:55,-1
47628652.86577425,297.5612470778007,15:38:49,-1
18211096.91322265,190.59898968890735,15:34:20,-1
39273542.2936369,153.2762485169911,15:46:40,-1
57286751.772368096,323.41413452315163,16:25:16,-1
40819661.793911085,52.14644094221288,15:49:23,-1
67514421.05378978,322.0021242283436,16:12:14,-1
71093588.04152702,196.67482006227004,15:53:42,-1
37675274.20718619,211.90274978443463,15:32:11,-1
24132283.537095696,254.93211746561207,16:14:19,-1
73388456.01691867,230.54109759637672,16:21:08,-1
89872028.50665136,287.3797255065023,15:58:43,-1
38129832.530941375,344.23773204205776,16:07:17,-1
32437639.938982166,192.23349373261505,16:17:41,-1
41954296.99921895,301.8286883193553,16:05:02,-1
34749495.802563906,109.44668563699236,15:30:00,-1
15693957.207752367,50.81088865199061,16:22:08,-1
516409.0911767168,328.5850930266006,15:54:20,-1
88474141.03990538,153.35551972704658,16:25:25,-1
28699222.186274044,173.93613828509046,15:32:47,-1
66833725.62477439,235.61884337084356,16:02:05,-1
86940285.6609697,111.33402356866226,15:33:03,-1
33929698.31387602,58.30147024261945,16:12:36,-1
33053746.090082277,325.85768004256107,15:52:50,-1
82839189.58150631,208.7122253124588,15:43:24,-1
13260436.1503688,253.5460868385555,15:31:22,-1
64359583.02071702,211.998132746107,16:24:50,-1
48396185.58032332,179.4721983043455,15:50:53,-1
71048603.17850286,311.75064210750486,16:19:10,-1
45364049.34851722,148.52770415652407,15:40:02,-1
39014968.85013637,185.1795664430365,15:27:25,-1
10028804.747808808,254.71446819317217,16:22:02,-1
49067836.55338072,81.32261336254525,15:55:42,-1
24016996.86820221,195.2279307433577,16:14:00,-1
20538702.19970893,87.3950952326084,15:51:14,-1
10786932.5907636,147.46891802333957,15:34:07,-1
24932077.044041064,294.9286754443898,15:47:58,-1
27096744.95435752,317.6011960708395,15:31:58,-1
11106197.12282983,178.7335969337429,15:45:24,-1
16167572.371905776,117.49954964318226,15:40:24,-1
68012544.32120357,182.3361992137824,15:47:18,-1
35347196.40263837,217.516006222149,15:45:05,-1
44752414.00702404,183.63113980542624,15:57:26,-1
79097005.02257209,198.81879522818323,16:00:02,-1
6481426.825919508,47.88918057303243,16:16:45,-1
53395569.77059737,267.62128408995625,15:42:14,-1
37247549.68368205,223.6239452390038,16:18:51,-1
72398975.9586975,1.1319577620686294,15:52:54,-1
81580329.46034768,49.75868354974712,15:37:14,-1
76687501.27268116,7.440384126595192,15:58:21,-1
37057833.87569485,227.6726235889484,15:49:13,-1
10592396.802870542,107.91617789486284,15:58:00,-1
64095052.26617823,305.5344679160547,15:30:40,-1
25901415.786458336,349.51251351985115,15:32:46,-1
71190226.6764604,293.2987176141881,15:35:26,-1
44965878.58637496,307.37894801657893,16:16:49,-1
29095944.52862581,80.51118032217533,16:15:05,-1
29074390.23098447,359.63134869909914,16:13:45,-1
47218533.13765949,41.5580646161593,15:40:34,-1
6972468.517121734,341.34291799741754,15:51:35,-1
79052242.96353208,177.086677988174,16:15:27,-1
21845759.18431867,345.7072223737148,16:25:22,-1
86763770.07154047,262.775021993144,15:34:46,-1
73024934.84694946,37.42555474168856,15:45:59,-1
23636211.11426209,26.244016006983006,15:27:21,-1
45681234.72903239,84.8042501017,15:48:20,-1
39641525.34945464,325.2226582266534,16:21:22,-1
26920761.62799892,44.5287546128725,16:06:35,-1
74390502.84111276,120.08684821984478,15:42:57,-1
16479837.313432664,95.22405226342696,16:05:53,-1
51674987.01839208,64.29018309444452,15:38:57,-1
62723820.32017445,100.73879940098752,15:47:11,-1
86507454.73869331,65.71064380868047,16:23:45,-1
45904081.40363377,62.11933044116143,15:32:52,-1
13874124.226254364,321.4483295799851,16:24:08,-1
79173149.18956228,329.2866145418206,16:04:11,-1
84854639.97882062,186.2214753990282,16:00:24,-1
33258420.301192407,293.38566798608304,16:12:58,-1
45659270.48440015,278.3655395294899,15:51:59,-1
85098476.09573197,245.58601635190064,16:18:06,-1
69812865.6172826,27.568327657519465,16:14:16,-1
23088756.64390522,187.9458433384831,16:16:47,-1
22459311.582332022,270.5306647761517,15:58:24,-1
84787825.04757224,138.79894428428082,16:24:11,-1
63128284.47222379,276.8346555462483,15:36:34,-1
85442026.66861123,218.81667809144903,16:18:05,-1
39812738.50925699,4.8707147541183815,16:20:11,-1
40255166.63384184,98.7845086646434,16:20:15,-1
40671997.31644048,89.7558220149057,15:27:27,-1
79714467.0352099,115.41336786592198,15:34:18,-1
77657289.98471265,303.20334098083976,15:43:49,-1
14076367.89798926,152.13437931510703,16:24:20,-1
77402291.57111499,194.6441962396826,15:36:57,-1
80172982.3068694,238.80663079779487,15:52:24,-1
50809209.38252503,276.22629381200494,16:02:45,-1
65319367.32995296,211.7916419209868,15:29:25,-1
12914625.757628644,68.12657455907126,16:05:44,-1
73432394.83636096,88.69284989600428,15:27:00,-1
74135344.01818885,166.20426008223532,16:23:27,-1
57786198.08419792,138.90557463609184,15:28:38,-1
52358039.71405087,342.43364759622125,16:01:33,-1
35643115.36683699,258.848023871731,15:53:21,-1
77120999.353211,38.386231542552565,15:57:10,-1
76392455.03450839,252.95152381381743,16:02:21,-1
10876536.407325108,276.1408267591708,15:59:43,-1
83212114.33314438,97.35512115809574,15:50:01,-1
46799435.28965272,26.904011026723808,15:26:12,-1
27850357.478947684,206.40452031036463,15:50:14,-1
37095587.30081114,315.6599168255437,15:41:17,-1
12471508.070501784,236.40713939327608,15:50:41,-1
8110853.63222722,316.81745920771255,16:09:16,-1
20538705.30176432,323.2657887603904,16:13:37,-1
52215702.98866256,285.57452406929065,16:00:20,-1
66597177.17606356,213.13514220186445,15:40:07,-1
56521175.147509575,75.27753209547264,15:52:56,-1
88714770.15484875,36.84112448615453,16:02:25,-1
32863094.6073617,326.1605827594768,16:05:31,-1
72309254.01873657,222.57444065893367,16:11:57,-1
43654673.85611517,262.2690240454019,15:44:28,-1
63131655.655587696,122.38413388363706,16:11:01,-1
15623268.861390254,270.24607590211804,15:30:15,-1
8204393.105320698,97.76441440669404,15:37:26,-1
69137461.86309657,239.13910021333564,16:11:22,-1
7868999.860330373,33.73300151957252,15:50:06,-1
15990064.87925133,247.17431622715964,15:47:43,-1
9037743.480719218,298.5558846405639,16:14:28,-1
71873372.35436738,315.4639350308709,16:20:53,-1
13237850.810050458,15.95117123546495,16:08:42,-1
57771854.12367814,259.86398657943533,16:05:37,-1
12553797.533939902,333.9865808581243,15:56:35,-1
6769159.908651966,43.75263403046447,16:13:37,-1
40218710.28446227,3.817209853888612,16:20:44,-1
38470099.48987306,356.9460370648173,16:12:11,-1
87004856.71303442,274.63437492563986,15:53:44,-1
63610952.1641986,112.84652111341356,16:07:18,-1
41686152.76903388,298.8078944422027,15:48:25,-1
44275724.90307836,344.2537587284479,16:23:26,-1
89619669.46436033,153.02527987858704,15:51:40,-1
60834786.62735924,136.79710981445055,15:44:51,-1
20665351.89741328,195.78025369403176,15:31:20,-1
61115792.63829264,183.76692226231785,15:47:41,-1
47423468.35095001,266.3312270903228,16:20:27,-1
69271407.36117746,107.08506271023818,16:19:07,-1
26901576.45467351,338.54388440857406,16:19:36,-1
41295727.31633779,297.0255080743177,16:13:24,-1
24262170.873719923,115.9449326827948,15:28:53,-1
33317334.6063456,211.25924020084125,16:11:01,-1
1310058.855055763,297.46037542161736,16:23:06,-1
84920634.8359167,199.68762469849835,16:18:38,-1
58994378.97692447,253.65229486567057,15:42:19,-1
80661433.07732916,218.73691327065663,15:38:21,-1
65115671.77274399,180.46870215738747,16:14:43,-1
87767717.61562257,123.0617239988496,15:58:33,-1
17822567.999918666,195.2934717857968,15:33:05,-1
28481000.929471955,220.1589715725792,16:24:46,-1
8486467.366236398,332.7400067994077,15:58:22,-1
11400940.402075116,302.5191446348418,15:34:46,-1
13460203.122010512,174.2910141498451,16:01:22,-1
68746438.27147983,338.82748736310845,15:32:51,-1
20853508.896800783,118.42915862415012,16:08:00,-1
83360334.01943208,304.05237151415275,15:41:31,-1
38875695.586755484,356.5771151687638,15:44:25,-1
72673698.79171264,274.30934600485443,15:34:23,-1
86923129.1612534,13.476509433619604,16:13:17,-1
50878800.253450535,174.97441938547675,15:42:43,-1
65711100.83432655,77.79230651983983,15:39:56,-1
48803468.68356142,333.59969750833466,15:45:01,-1
65976509.16233363,287.6949293804676,16:04:43,-1
16284502.436011763,210.6120843646769,15:50:58,-1
73978812.82577428,274.1254834655023,16:01:19,-1
24958278.982672863,42.62419657225334,16:03:53,-1
78635476.54010482,8.619804144967645,15:32:47,-1
27867877.656487454,293.5784830069381,15:29:52,-1
52809324.9633266,215.51736649498815,16:05:12,-1
88615478.22290839,132.18406718727513,16:20:58,-1
15818883.459561734,277.7204897600583,16:18:27,-1
23734420.27301473,295.5020183915396,16:09:47,-1
45818159.7661524,32.040587343084354,16:01:33,-1
81264962.8270072,247.01854191225507,16:12:46,-1
60944858.31432346,209.38093209506496,16:13:16,-1
37669903.17962819,351.5596914950335,15:34:42,-1
82262853.87029134,218.134526676684,16:14:29,-1
78225534.43345918,348.9380630683063,16:12:32,-1
66937036.61826671,163.7610527443726,16:01:45,-1
29830584.972301785,229.28973161378536,15:25:35,-1
2120562.5989486515,58.82786100453756,16:19:15,-1
20348192.17558016,356.262507868506,16:04:02,-1
24950092.634585112,354.8139499917869,16:16:22,-1
88456277.77884373,91.50945051542318,15:44:55,-1
55816933.92178748,28.851977314538697,16:00:31,-1
85972368.05422314,93.77798161006068,15:39:13,-1
79351667.09148337,23.650427977245183,15:41:28,-1
27638915.931906518,57.020017608811095,15:40:56,-1
20422244.582347665,116.31939554112871,15:35:14,-1
57633528.30515112,19.11459052202396,15:57:26,-1
954352.84302266,301.42338006376264,15:39:00,-1
73918876.21015249,164.1257651308815,15:37:30,-1
56702900.2416249,162.29716465273083,16:22:47,-1
25823331.65546106,352.80377023053893,16:10:25,-1
64483135.27844336,176.8829197263757,15:36:46,-1
7774416.590906094,199.9761254503074,16:23:06,-1
8843311.14512305,166.92256238742738,16:13:15,-1
3446891.862899809,306.7886272704927,15:28:12,-1
51235777.63203358,351.6165692042397,16:19:11,-1
60811162.883215785,134.11813592829404,16:19:35,-1
43401403.297718845,337.5910721607645,16:18:09,-1
58711624.20849648,113.7715531200907,15:44:49,-1
70483982.83463532,305.4181334496616,15:30:32,-1
66321304.88610879,237.1442645288703,15:54:24,-1
12267079.941714326,303.2409763794775,16:09:03,-1
51194498.24542885,215.0747795716711,15:37:47,-1
4601406.596970839,62.12599694947793,16:23:15,-1
81233080.44377041,308.3256241424353,15:41:36,-1
35988137.04003095,350.888115544803,16:13:25,-1
18798461.868624832,196.8781482989841,16:08:58,-1
10532370.43936928,226.61550675117348,16:01:52,-1
46159414.252890825,20.42912164176716,15:40:15,-1
57982989.5906035,103.2080805648842,15:43:54,-1
11924055.728807086,212.05419676494023,16:00:26,-1
84350572.97427972,158.41129888841988,15:28:42,-1
1192120.6986120474,214.0207108213151,15:35:33,-1
42602533.73917698,242.98058423322348,16:05:02,-1
37891111.24825532,198.1737151013216,16:07:19,-1
22002773.90457685,152.97070412971686,16:22:17,-1
75335653.384068,92.50593218136991,15:41:59,-1
71706960.00211401,211.3492454444206,16:08:55,-1
73490943.57684974,306.93996786195873,15:27:54,-1
47110097.04868196,41.573082778367294,15:37:23,-1
61799153.46762072,169.4494770065058,15:37:20,-1
71869762.4027035,325.7136531997684,16:14:58,-1
29375457.0752425,209.4356091346284,15:39:31,-1
81466076.03379755,297.0688636969384,15:28:23,-1
60650450.81971478,261.7444945607379,16:18:53,-1
9591836.29691432,183.5081889300457,16:19:51,-1
44703128.09861334,161.1128661342177,16:19:06,-1
79457724.18557334,190.3039803871137,16:15:50,-1
77202408.57018575,64.87586251924581,15:57:37,-1
72088644.3201894,222.4186578252576,16:12:27,-1
56633157.79441061,279.02401620000865,16:20:01,-1
55196220.363280855,324.59906247600344,16:20:24,-1
51946647.35213638,276.63241442133443,16:00:50,-1
37229152.22207637,324.7695856301484,16:16:47,-1
13577572.59966782,254.81422074293565,15:39:56,-1
67149719.04239345,233.39617124898365,15:30:48,-1
64295153.917140886,157.08424520662163,15:39:01,-1
2748082.906631785,146.79031490428818,15:55:35,-1
41404994.83995174,137.72531935393943,15:36:12,-1
59655931.16883971,339.8951203939798,15:46:55,-1
63162938.43006579,78.00095244325327,15:54:52,-1
33777083.99092979,315.723932485763,16:21:53,-1
29502683.01426324,32.87457401784132,16:24:18,-1
68068288.43529944,70.88043595090014,15:49:29,-1
65799726.548824735,165.17236352404282,16:17:35,-1
65705259.33628102,329.9918775382955,16:22:15,-1
35493255.65485172,144.6010168669353,15:54:03,-1
87489130.59441562,222.792419717546,15:41:05,-1
36369372.290157504,235.45854678272173,15:53:12,-1
41549702.69139443,283.4565060199975,15:50:45,-1
25909514.021332264,64.35933910681108,15:57:07,-1
61705484.25497887,1.6270924996000868,15:32:27,-1
62674271.57030525,315.86524895954307,16:00:50,-1
71373780.46887039,172.08743824833658,16:00:54,-1
83571281.67939273,325.9693116968433,16:07:26,-1
28248121.00017387,183.38312274683008,15:43:54,-1
1814039.65279522,138.56440072206317,16:02:53,-1
38278415.5297437,116.53202410200562,16:09:27,-1
35508248.91292788,333.94426414678406,16:21:02,-1
16773135.476672586,15.058987212474095,15:28:41,-1
89992360.71568625,57.87795559079096,16:14:04,-1
33118386.291522477,80.44784725845784,15:28:04,-1
89184210.25455663,118.49956878203515,16:16:51,-1
68141322.98420283,209.7852331994389,15:25:33,-1
20658482.09123624,268.23478420078453,16:14:13,-1
86873625.75152545,276.4719353230428,16:00:27,-1
66694022.21086615,234.93720380862456,15:48:10,-1
27133841.21528699,45.15239966226412,15:40:05,-1
18417540.712896697,19.690846861084754,16:20:19,-1
55032867.03133702,204.8087346759553,16:05:50,-1
13248359.018080091,15.69955841315972,15:49:17,-1
3257822.88850639,127.82589130387744,15:33:22,-1
70080544.13450766,35.446614516451206,15:34:56,-1
8646566.803225154,30.92750179494133,15:52:24,-1
70177491.61993246,284.6183289764729,16:10:23,-1
24449363.693950094,161.4951011384228,15:56:43,-1
81498946.69005878,282.14825939910185,15:51:05,-1
58761850.62748343,357.11368672585303,16:09:27,-1
41534020.35764286,181.49732929422044,16:00:18,-1
32593805.09778002,131.65331232240928,15:57:43,-1
31832085.78333696,295.71269000568054,15:42:31,-1
30450382.37679535,207.2109675777212,15:53:16,-1
73943459.84368104,189.84088928373,16:22:06,-1
7155195.558901133,64.6219262911153,15:29:17,-1
39304018.39255289,212.8414775136964,15:41:35,-1
50152362.58012674,226.37377532132905,15:37:04,-1
47727575.6528124,128.19907072943272,16:21:06,-1
34589361.92145929,156.64187794315288,15:42:02,-1
68981294.35045107,61.787958313518885,16:09:00,-1
9820956.48907315,84.59612099967653,16:20:44,-1
39662143.8061473,238.4874941683385,16:16:51,-1
22774616.92583424,174.86786650300553,15:42:35,-1
2789542.8166683544,72.23128719745644,15:52:33,-1
22032480.748746797,145.9202649478309,15:43:56,-1
49845518.72371951,91.06873857574696,16:04:28,-1
50448614.77090596,95.32948473933791,15:58:42,-1
88431233.76204106,319.88443856034496,15:40:30,-1
36858715.4076462,130.51460135366312,15:39:54,-1
55784732.40263861,317.1209385950484,15:40:14,-1
58858226.01482895,196.57144531575196,15:50:09,-1
51344158.19583663,343.42744689967503,15:52:47,-1
35432904.99204265,280.4487863431761,16:02:45,-1
29645211.49423338,169.74209679418954,16:18:26,-1
26491362.377973065,281.352278384253,15:37:58,-1
11771711.557411993,228.0544137224396,15:45:10,-1
42542912.94168398,314.9235647054715,15:55:44,-1
36086671.16533588,237.38539839826137,15:39:00,-1
1623760.5213117304,318.0452319321182,15:52:08,-1
8192434.821499766,95.40332755703947,15:42:47,-1
82553077.0873967,100.75450310503798,16:22:56,-1
7913613.093343762,217.7425128686885,15:54:23,-1
79806909.17288798,105.97258809828946,15:58:37,-1
76280770.11939572,30.814139588554905,15:38:48,-1
33793281.46077451,356.39693180576427,16:15:58,-1
6552809.398210846,248.8497049839224,16:05:27,-1
10568330.309112174,35.375064674680665,15:44:42,-1
86985848.81600685,205.09066983241692,16:02:50,-1
24446606.44140345,220.73868123304243,16:21:45,-1
29598564.315901004,237.33006454686983,15:58:51,-1
80612574.47532712,349.270368409073,16:18:05,-1
48404984.38978975,89.70782790018093,15:30:32,-1
53718653.41678935,146.8769973592784,16:04:29,-1
29403164.01126981,69.61770183211011,16:07:02,-1
15205593.29119069,164.83054114071166,16:01:43,-1
8577759.231059639,45.23913353154123,16:05:52,-1
14097688.380172657,49.63631177528495,16:22:18,-1
19646381.34950708,16.981980155223,15:35:02,-1
63467928.19214552,55.47765179523328,15:56:41,-1
56873458.34969845,222.38184817089163,15:30:39,-1
38632080.355138965,101.99536821420732,16:11:36,-1
19765090.31985409,150.9755293188832,15:46:42,-1
89498502.60564514,333.99644266453555,15:41:56,-1
47222756.483182296,260.5209023031646,15:51:40,-1
50955082.3878586,28.4648789323072,15:44:02,-1
82421757.67501366,210.09429871884777,15:35:19,-1
18592574.828332484,223.52831923310347,15:36:39,-1
78512761.71098194,178.5648017189804,15:52:42,-1
69196981.75239818,23.25189834133772,15:49:56,-1
39929067.7325501,187.0180641602469,16:21:00,-1
2213286.0759135466,104.3489821441189,15:43:15,-1
19983733.61027945,64.84823096036632,15:38:22,-1
54270310.67876491,315.207283896456,16:21:12,-1
42689635.12455712,239.2894700810369,15:37:51,-1
57535146.756995805,356.4803578308835,15:57:34,-1
65044630.76121421,337.5865397767363,15:48:44,-1
82071035.51792361,22.38570872955577,16:14:49,-1
20624988.41502927,340.3309152849736,16:17:06,-1
52997370.38859496,289.8504207977652,15:59:43,-1
56910092.22367608,254.9820949125554,15:46:49,-1
73354892.27370384,235.9962984111007,15:47:32,-1
62386679.061338805,286.4840587414831,15:51:53,-1
83102188.43726128,54.9002076122244,15:49:25,-1
58136468.31749152,330.3944637748639,16:07:10,-1
78254324.78817758,10.79712186070324,15:52:27,-1
26247387.002308637,355.87740699844665,15:36:44,-1
57954889.10531452,17.406287111883948,15:34:15,-1
37958912.985641256,315.22538973014633,16:06:12,-1
41544211.77704637,8.977389640641409,15:54:36,-1
78751069.9448912,185.9630313412976,16:03:22,-1
31182353.751633547,57.11133001697404,15:45:19,-1
44482858.593399584,99.42155611678317,15:57:23,-1
85485822.23489721,157.03245522833708,16:06:24,-1
44839296.7733178,157.2225856480972,15:49:47,-1
74347848.86121105,72.54371564288105,15:55:03,-1
56632974.70859202,124.79231237495698,15:35:51,-1
83038846.01936418,320.85482679852885,15:34:55,-1
2674312.250459569,342.41860140130814,16:20:37,-1
14037091.33572565,132.21757845972377,15:52:10,-1
14004748.794139544,21.422604628494803,16:16:54,-1
53177356.93640273,2.316581817014791,16:17:47,-1
60014756.25825471,276.33925397675665,15:44:29,-1
25097213.041928425,197.0049824933456,16:17:54,-1
69861571.86101627,295.44382880345273,15:25:38,-1
63102651.15398019,81.78565228875671,16:02:03,-1
69971924.93939768,199.715588620344,16:19:29,-1
40209640.33925185,136.58367782979113,15:43:15,-1
23722704.70257617,322.7278733788446,16:14:19,-1
72447396.22264788,131.13536943558586,16:24:06,-1
33724678.0481713,302.387093998159,16:03:41,-1
46072851.7959765,58.8033264840126,16:16:52,-1
70978275.26739304,320.3744453497272,16:11:08,-1
3850326.727739574,97.16142112394216,15:44:03,-1
14490790.711650066,29.979553298413283,15:41:05,-1
38736241.70707885,358.2536308218729,15:54:24,-1
3803143.1684355102,192.8109375919076,15:32:11,-1
23412035.04690872,148.79921880910038,16:09:33,-1
40072370.76726104,288.18188742132463,16:13:12,-1
37283228.39675572,248.44975966689609,15:32:09,-1
9089705.580455933,102.08625550239616,15:39:05,-1
44503501.994400375,128.36154005220635,15:39:47,-1
10566994.992305506,173.9613045866115,16:02:13,-1
68020414.59418696,4.469833028191408,16:25:15,-1
79417793.30907753,351.2677652440965,16:10:24,-1
44603410.42205388,341.7865359052691,15:28:42,-1
58444731.62999619,211.83814479860337,15:36:52,-1
70070659.0977179,208.12381809376743,15:57:45,-1
30109555.536983088,347.7093646570293,15:33:03,-1
82726061.15233019,224.09651761085968,15:27:03,-1
77170136.34227724,339.5345469052062,15:43:58,-1
86315675.63951653,98.3741174445418,15:41:00,-1
68090191.5106615,234.25815323715025,16:00:42,-1
44360109.33496224,308.23509328506043,16:08:14,-1
14659719.957797654,316.09615416581136,15:33:48,-1
32376171.007510506,197.0332890723334,15:55:01,-1
22284825.542707704,213.6673004321628,16:18:40,-1
54867756.00697255,270.3165774388497,15:45:15,-1
86185599.52773842,116.58775164223836,15:48:22,-1
59040904.54514835,93.86168387309402,15:46:05,-1
62243107.14727855,1.9178953070716889,16:20:14,-1
41340556.33398237,218.30305640930771,16:00:58,-1
77815039.42426133,130.5189810564288,15:37:46,-1
33191793.728293724,60.23268430969006,16:10:22,-1
46636860.2716363,265.5047786148922,16:14:45,-1
38688565.05768687,263.79229504879976,16:17:21,-1
50317635.62326356,93.29464114135683,15:49:52,-1
57285892.22425476,109.25758017966896,15:39:43,-1
22178360.994324893,129.30678764285477,15:39:56,-1
26616214.89260344,258.07034158179454,15:30:13,-1
4897795.876891679,159.19199530952605,15:42:00,-1
23578041.811755016,68.18530152132224,15:46:04,-1
59887170.4492503,81.17886544572744,16:22:47,-1
18507357.899164543,242.96443894454848,15:32:29,-1
37467459.68302196,308.6595983775732,16:08:41,-1
76819677.61925039,322.03065874277803,15:45:00,-1
37365030.99576888,171.63502931024664,15:52:09,-1
51146159.76032087,41.34297541956969,15:37:18,-1
20063482.37221385,237.66139219975844,15:38:22,-1
88796208.06545278,177.03013282464016,15:27:58,-1
12596176.167578189,40.00008995449059,15:38:12,-1
4178943.0113578,113.230605553909,15:36:25,-1
2843488.5524732647,128.85408769634034,16:23:23,-1
76559208.32241103,212.90047967349005,15:35:31,-1
24293024.22102399,281.68625959144043,15:49:47,-1
43372488.51194653,198.456024088875,16:09:23,-1
59885660.01274624,181.53821588078677,16:03:51,-1
63370555.921098165,349.7481312698518,15:57:46,-1
50434177.28101528,240.0792797994827,16:18:08,-1
24650833.09954608,82.24285009160272,15:35:00,-1
42294376.16607059,2.545843481712402,15:48:10,-1
35738761.63790622,17.142771481608868,15:27:21,-1
58552449.42507349,31.31297186586804,15:41:09,-1
10519007.562324367,334.69726271208833,16:16:20,-1
47967059.25847151,271.4851221538084,16:14:48,-1
89768987.46619047,160.06887657687088,15:41:41,-1
33271211.539225187,331.9826134213408,15:50:16,-1
60792268.67920452,159.35691409363372,15:25:55,-1
37985527.8570045,340.0865571704012,16:02:24,-1
41375276.78289023,93.33635874884794,15:38:09,-1
21920763.380035747,327.1305107533443,16:20:46,-1
79121150.61774974,151.05848094683247,15:43:50,-1
16960553.702062264,330.97300496011815,15:28:45,-1
48956974.38591048,232.69043635660623,15:58:13,-1
8356843.890360407,39.82056779232292,15:28:58,-1
20501086.195731264,285.1692996517381,16:22:30,-1
34056908.28445267,135.78672250549056,16:05:17,-1
84910234.48472224,135.00008520061064,15:40:58,-1
18083356.68489532,128.20267778338632,15:53:47,-1
10416905.086403098,131.16924777215812,16:05:08,-1
80617184.6942232,214.6255670177405,15:56:31,-1
76879966.7556504,117.82014042578972,16:23:06,-1
4141495.186495364,110.54874739569246,16:10:44,-1
77651720.55464265,42.24675903489696,15:49:33,-1
47888791.53006746,161.34843618823413,16:05:46,-1
73935042.53763258,80.18150561744025,16:08:16,-1
74349178.1325796,9.624345575015262,15:44:06,-1
44792986.1393143,166.35892177210584,15:32:09,-1
55123213.66156658,120.93512062593126,15:47:15,-1
87784019.03389603,10.239649867970169,15:26:32,-1
74231012.86908832,128.68135921024077,15:26:43,-1
7113861.087678416,148.88379646969832,15:51:41,-1
79111459.15045543,210.9923715582925,16:12:42,-1
32673258.70952381,60.35570346131288,15:29:42,-1
71160824.14889942,66.19657162887653,16:13:17,-1
38539347.173776254,354.3253542474232,15:56:37,-1
15767148.22624015,5.899375504295414,16:07:16,-1
76799103.9140466,307.73104136949263,16:15:38,-1
41287899.13472871,3.98267240198456,16:14:30,-1
88679417.21422769,138.49266591487873,15:57:29,-1
16417559.087740043,102.32039899326064,16:06:05,-1
494080.43468151847,206.5715447360644,15:47:10,-1
24519422.61822472,174.75309261870214,15:46:57,-1
27661235.456061788,290.8698929673343,15:35:49,-1
13492119.500302874,245.09415309573677,15:44:09,-1
20110044.01278865,241.273118206814,16:12:28,-1
74961653.3106966,346.74228204611524,15:42:35,-1
43461974.90758113,94.70505759326365,16:19:49,-1
79637510.27189644,241.86553872139123,16:06:07,-1
42974590.68524797,90.1264284258665,16:09:55,-1
23902655.066667736,21.579656632312645,16:04:48,-1
10405666.441868247,304.3024747023712,15:43:16,-1
63002100.36359634,243.5244360574609,16:00:16,-1
25849974.48323116,127.07012480116929,16:03:28,-1
69057813.64293943,354.6311876395701,15:36:14,-1
62952731.88858317,158.6724636867402,16:16:44,-1
53623322.3553245,350.95800744258304,16:02:38,-1
66214386.03656426,159.01226338952955,16:00:55,-1
8982283.420921765,104.69482844860823,15:29:37,-1
21997028.362588,342.2427273103215,15:33:35,-1
16909894.495792404,209.3770623990345,15:41:09,-1
23037153.59634732,221.75043952185445,15:37:48,-1
4613886.967210402,306.4264295787876,15:41:40,-1
47077265.56263483,267.3928635059146,15:30:07,-1
10127333.415191002,157.51202425830775,15:59:51,-1
11588552.34774764,188.1688344682552,16:04:40,-1
36753892.79340046,138.06226615487347,15:48:04,-1
31841601.43145973,45.035328097678736,15:33:19,-1
11098864.43776036,281.0398563636077,15:57:38,-1
10803394.828743735,35.49786979371463,15:29:40,-1
26746609.209619984,255.002643249422,16:06:49,-1
20984829.295750186,163.47528129340404,15:45:42,-1
85481477.0428182,105.2312248787339,16:24:50,-1
71653670.18516184,23.223627998057378,16:02:35,-1
71997687.96979564,221.80515799099263,15:37:46,-1
59494370.63487428,213.45932873191077,15:45:27,-1
87169939.00259441,38.94058809920153,15:28:49,-1
2636306.9154487858,34.54867373268727,15:49:41,-1
7131412.445311046,118.9583663689626,16:09:42,-1
88734353.27254221,239.4978970861472,16:15:26,-1
51767911.39100882,39.653738929685424,15:39:15,-1
88641717.29471461,251.09733903274167,15:26:16,-1
68645597.13649558,232.84914518620587,15:54:50,-1
88709075.19467315,166.23264486268295,16:16:35,-1
88268945.12752803,32.899989997789525,16:20:35,-1
86741914.75229321,126.17056997319406,16:11:24,-1
10650345.695050854,81.03114611296212,15:52:27,-1
23358354.93192453,274.51215916344444,16:22:30,-1
77056724.48061164,253.22875935546287,16:09:09,-1
28835094.734218277,4.147617755811535,16:21:27,-1
11682194.901879808,328.4463066553621,15:46:18,-1
11697171.917608917,296.8687869385108,15:29:19,-1
6846927.862369539,247.07539158878748,15:32:15,-1
83033933.03558283,357.6601040629214,16:01:11,-1
42229275.11651167,210.0923464082585,15:44:05,-1
49681957.242707424,280.4946636385515,16:09:31,-1
38960657.28215555,87.71622653001302,15:27:44,-1
7543875.978274376,95.21258512418676,15:48:38,-1
89408085.7170365,193.71179603956293,15:43:19,-1
31905184.516437303,328.4730625508252,15:25:58,-1
51873642.06018787,309.9306046967611,15:37:14,-1
31547994.017150417,92.65770028482768,15:57:41,-1
67605296.67625895,339.8706311017252,15:39:40,-1
72286215.18781064,347.760503912229,15:40:49,-1
16349141.993569309,10.70690552936053,15:49:50,-1
50217456.32180892,133.76395803815717,15:44:21,-1
1778506.0922020257,248.18802909009688,16:19:07,-1
12138917.525386097,93.2720286325146,15:50:11,-1
43806152.49986438,11.00230374840852,16:12:10,-1
57208365.600596376,205.58614917202428,16:08:35,-1
40473556.271977246,335.3972616811723,15:31:26,-1
74173887.57300131,144.1022951056731,15:27:03,-1
56012851.24149004,164.1612730965058,16:22:38,-1
17752918.938176975,37.86118871118859,15:38:53,-1
9250820.380423794,118.1421541075543,15:58:11,-1
70215530.92241547,229.1420183985359,15:43:36,-1
58455782.2984507,347.0698879782713,15:26:08,-1
54130683.80381047,25.44894021871305,15:33:17,-1
1242296.1162120104,301.84215533564554,15:48:35,-1
42716501.104402296,282.2336187455294,16:00:08,-1
68195504.0129408,306.184729611293,16:13:20,-1
37442161.35726385,250.57430633531624,16:09:03,-1
78617484.16937909,123.36794049869248,15:58:20,-1
33967157.94613388,199.48743586487032,15:35:19,-1
87319597.60644509,320.6538685123853,16:01:18,-1
14479600.63103326,338.1932516542112,16:03:17,-1
63656512.00137559,100.05284624352052,15:30:43,-1
69110893.47104467,12.807577358658012,16:06:17,-1
65750647.4462366,71.6041797316314,15:42:54,-1
22966328.346382733,116.1304162923157,15:29:35,-1
45814978.68174651,254.03184935287584,15:43:21,-1
33124288.451878745,48.92821777848904,16:00:01,-1
87951331.52657948,112.00669575319554,16:04:54,-1
23342235.079644024,20.58404747291668,16:24:25,-1
28021904.293497607,276.7756829333223,15:49:04,-1
854517.5534859111,225.40433550314023,16:01:10,-1
46581564.53700166,293.9601327030146,16:01:12,-1
49041479.7838482,153.2265708615507,16:20:13,-1
86957221.33447815,351.7266019530124,15:34:37,-1
8118538.090247036,138.75454479551172,15:42:08,-1
41502111.75374691,142.98297746832063,15:59:07,-1
65288620.43297043,50.101820350732986,15:51:45,-1
42016632.92868839,163.31886470669323,16:15:05,-1
86462966.3037054,342.84479453963587,15:58:42,-1
64286681.072420605,244.36155150904912,15:43:07,-1
49767510.475516416,331.24785265326204,15:42:23,-1
82203370.61795127,78.98349790004852,15:35:49,-1
86067510.37784469,61.95190393263676,16:13:23,-1
14804018.481694572,207.06713900677755,15:40:39,-1
18101752.876222383,206.50359008207653,15:49:30,-1
25222575.8232906,296.7758376586602,16:25:20,-1
57790711.50667255,211.8825398829993,15:32:36,-1
74758526.79141207,41.26159016631198,15:49:33,-1
37978346.53391137,350.71636645217376,15:29:13,-1
89255024.58988872,302.7507501821299,16:21:54,-1
18917307.499417912,243.4881746871399,15:51:26,-1
87624751.97248012,1.8623321888400035,15:28:00,-1
57696224.560625054,176.18176026983485,16:00:39,-1
78584154.35754766,346.0576225993185,16:23:06,-1
65763658.93821818,249.47016399089443,15:50:23,-1
70303600.4063686,224.69253582678627,16:09:34,-1
3801708.708472549,327.110050775435,15:26:11,-1
34300728.92720986,46.52478153062397,15:55:44,-1
8517556.328648869,152.0534018023245,16:00:25,-1
34791886.85672248,91.3858705348794,15:26:52,-1
2830936.1674378854,231.02535968509105,15:57:36,-1
58988871.81709112,165.7512403535183,16:24:58,-1
56675947.88862464,161.99075051847726,15:49:57,-1
27747403.6866784,97.1408324958482,15:44:18,-1
31891887.928916983,186.85627860851488,16:07:42,-1
70165519.15952893,85.88629617908313,15:53:22,-1
32186265.037882343,39.66383393076173,15:33:25,-1
4960288.267168073,307.87651310089177,16:12:05,-1
84842837.158757,3.47007860960078,16:10:30,-1
68626171.79337461,195.9995017576038,16:08:47,-1
38495728.80916071,245.07400011946223,16:17:31,-1
19537965.387071945,20.020395571235348,15:58:41,-1
81010103.40234675,354.797125626425,15:27:48,-1
76708380.18740527,187.5958708619158,15:58:22,-1
51744196.74424268,359.7716969164479,16:21:36,-1
71467253.9472601,58.531685370625326,16:20:21,-1
86159251.24845603,168.92751143342485,15:39:43,-1
74453495.04403332,112.78312852071032,15:45:22,-1
44323660.06429231,135.46807555040843,16:23:12,-1
39716407.78781588,34.203725848827574,15:38:41,-1
83021852.76017949,221.33869120031864,15:44:51,-1
29615618.827224918,91.90414048250491,15:47:08,-1
35552551.16585716,340.8339901166685,16:18:19,-1
10007754.929557,279.61464152285225,16:17:17,-1
77763908.50672781,201.25832367510293,15:31:44,-1
831997.7639736747,34.75163134869313,15:29:16,-1
53652562.649944,106.7499179188959,16:24:05,-1
16882884.03102612,301.2569686178739,16:06:44,-1
50855382.93219319,286.82119115852913,15:37:57,-1
89711784.43184361,175.75159290215902,16:24:59,-1
87162827.00817949,123.42727164154714,16:11:22,-1
80543613.30329789,33.40825756760073,15:55:23,-1
1916838.6142486203,55.389628026617785,16:20:20,-1
29690969.64965932,141.56902708955155,15:53:48,-1
43275113.25050944,277.17799074597497,15:31:44,-1
64050098.78019114,298.13911211955326,15:46:38,-1
63496169.87411446,343.8266698734193,15:48:15,-1
29270745.716190293,106.6714051171244,15:29:20,-1
21611480.363978654,162.59667967441624,16:15:02,-1
73352053.0670532,122.90434787554244,15:53:30,-1
84108166.63155095,310.64766790359494,16:13:50,-1
5421043.1401913045,123.1422781464301,16:06:19,-1
71911515.32421914,269.14404542997755,16:07:29,-1
35579484.71192603,306.82316333671275,15:54:03,-1
23184063.86042118,306.3330136526164,15:31:32,-1
72949734.76643147,27.2347783459397,16:20:40,-1
80540600.00388987,141.96265879763456,16:16:51,-1
46338003.22990253,33.71270000328641,16:00:52,-1
76792427.13817728,240.8867543973362,16:24:48,-1
15737313.462133477,172.5127017718852,15:25:52,-1
63666914.13928632,19.8034276182058,15:54:14,-1
18267803.8175236,311.48744210526024,16:04:14,-1
19075848.488379408,261.3596707593372,15:52:12,-1
87128047.50574833,35.67633774863461,16:18:51,-1
68286118.06398325,307.2632830690869,16:12:13,-1
42701418.18614945,240.72295366062465,15:32:35,-1
80033742.05967276,164.2027837416397,15:59:56,-1
48261837.5308709,308.43332193939926,16:07:17,-1
10022557.974264912,208.94634262590904,16:07:49,-1
55228187.0157159,136.0131641553527,15:56:56,-1
59396601.25412713,287.8241715179743,15:41:12,-1
54607341.56618871,278.60984004502905,15:31:43,-1
62990297.80365621,319.14738772410715,16:16:37,-1
18038168.718069214,31.88172499887584,15:50:46,-1
66948694.92042916,11.464407293069511,16:16:51,-1
7602924.969135975,263.366026844038,16:12:33,-1
20971181.394171868,217.60370082623567,15:37:07,-1
38168138.62000631,336.3294310732688,16:06:10,-1
52403943.34580207,348.3111971476479,16:17:03,-1
20926399.598416768,141.30540327430953,15:29:58,-1
14915578.891264489,356.4281967202944,15:44:40,-1
9547858.642120628,343.76767893875325,15:29:51,-1
65293126.3203733,48.42318073271472,15:55:52,-1
55200610.486800514,198.25953579363156,16:05:00,-1
61925553.20412918,271.7157462773048,15:30:02,-1
1183738.9082912223,309.6815296087239,15:35:34,-1
35046438.6555777,320.4233377526247,16:14:10,-1
29181959.61085424,255.3769906794715,16:00:37,-1
63639437.7352816,203.6540669970616,15:40:31,-1
29700894.74727457,333.17924092286887,16:11:56,-1
49430047.59505219,196.43788319041053,15:37:10,-1
27192613.23414407,111.33383257621904,15:52:09,-1
29208478.78888305,156.818616057189,15:30:59,-1
67078119.59360711,83.96766113574812,16:16:16,-1
28468547.20514689,183.60731278377636,16:07:19,-1
80117071.78730236,120.17126580688512,16:13:07,-1
1308648.7366567056,256.9025307723107,15:57:58,-1
46702068.6175877,230.7219530699206,15:40:00,-1
72111339.76744103,303.67981006884327,15:29:08,-1
46527717.53350388,290.6303127634502,15:49:05,-1
23131215.350508675,331.6937795697802,15:57:49,-1
46517723.18335253,332.5977565201917,15:31:50,-1
85107560.77958906,276.32416433551384,15:52:30,-1
81626205.80279508,195.25487735274308,15:44:58,-1
67108838.53181877,238.14580164357363,15:43:56,-1
19198320.58650871,219.49737610801728,15:30:31,-1
42815246.45238408,348.5194668259397,15:30:03,-1
71098705.65236534,124.56597053863275,16:21:52,-1
21425912.171953704,351.3723847968492,15:45:47,-1
3468064.9016636005,273.81154014751417,15:31:30,-1
24734840.935044944,286.9329719667704,16:04:59,-1
9690990.908593018,223.0332360825714,15:39:57,-1
32291767.415324826,113.10536771500897,16:21:09,-1
84410047.55523531,134.28779267227873,15:40:00,-1
70967821.49910164,214.9779001189188,15:59:52,-1
69171259.9515439,60.17148207300514,15:35:26,-1
51357359.26797304,156.93594058377963,16:04:59,-1
72775442.36673883,153.57423644083784,16:07:07,-1
23171693.439827863,244.9862343122325,15:48:59,-1
38595452.3591163,239.53055775268697,16:25:23,-1
3510159.3478011563,232.0321039954522,15:28:05,-1
54660591.26104103,226.158291721544,15:40:20,-1
12503873.829903413,199.94957535322345,15:53:56,-1
33194983.86520753,292.14933548320977,15:41:30,-1
37217735.38514242,247.28348648423696,15:36:48,-1
18688334.53665179,243.3246022057186,15:41:27,-1
76817547.53194515,238.4225433233215,16:23:13,-1
16944020.140714638,136.21273594314408,16:16:37,-1
68592304.86055088,300.59757367671205,16:04:08,-1
33107220.78970699,18.9875034791224,15:58:28,-1
65646695.49207252,234.01199482253597,16:22:19,-1
64596514.56214319,348.19315317983626,16:19:50,-1
13681848.164246872,323.91316498219305,16:11:04,-1
29305054.408290267,229.61757384725283,15:49:29,-1
28272644.39284934,131.03289313596696,16:05:39,-1
14666905.788691057,312.2745878741003,16:16:55,-1
15267513.135648545,232.68474498323164,15:56:26,-1
47088539.368799545,106.1309656364176,16:18:41,-1
80704803.0520736,266.8461500358406,16:18:59,-1
62339585.63137367,286.0659621894674,16:08:56,-1
66664388.20966118,93.6092869737238,16:24:23,-1
21524034.01748761,26.60224933035733,15:37:51,-1
84614439.98011352,85.43128868855194,15:55:33,-1
39897207.33085448,97.79401965167814,16:17:41,-1
17425666.517533142,283.2148184003756,15:50:08,-1
14313288.477531755,150.2571051756017,15:28:09,-1
25601092.779448356,273.7489945337398,15:58:25,-1
30320859.71622645,198.7618615998181,15:52:56,-1
70330488.3387899,228.91619222137373,15:54:53,-1
8249328.642071651,179.72820189961936,16:02:58,-1
29295232.294297896,233.5248624704132,16:12:03,-1
12818240.917453418,67.11969577994124,15:27:00,-1
66113951.06673684,339.13423280359603,16:19:56,-1
40908998.40402735,349.2235897134344,15:34:12,-1
3439783.2497810023,320.6133687649992,16:17:33,-1
86495710.43945369,288.1274753675431,15:53:04,-1
11815549.545728872,208.5977435527392,15:29:15,-1
57107457.47680792,235.6300011598202,15:27:20,-1
9525310.78481957,339.60523937745944,15:57:07,-1
18930383.473799467,185.2348023927198,15:55:37,-1
78463309.43182795,266.8615987351332,16:16:16,-1
21210488.600045647,317.9229810503264,15:33:01,-1
39661046.6192309,63.348843408275634,16:15:47,-1
3117113.4347853907,206.5649664527656,15:35:33,-1
77865039.4353465,172.75727961289684,15:39:07,-1
67857560.53079541,64.24255672757799,16:01:49,-1
41856221.19782959,266.3253675699451,16:20:35,-1
33533588.312426426,235.7851780013401,15:50:46,-1
73490013.71642306,171.82384962714698,15:55:04,-1
85160464.15184861,64.5850576240796,16:21:47,-1
26245624.91452319,42.00007382979141,16:09:03,-1
44359542.893570594,335.1219315770015,16:16:59,-1
84111234.26802225,66.03780810495192,15:26:42,-1
29030758.805315617,242.58871749359508,15:37:22,-1
51691453.65978784,137.03171503687298,15:38:54,-1
44259229.55803648,22.817995471166856,16:25:21,-1
41899513.74016067,75.72747467500724,16:19:15,-1
39358480.0546266,111.95623679149264,15:46:08,-1
18598416.66346073,166.58894609080554,16:21:55,-1
17069925.105806317,130.21025062587353,16:23:22,-1
1099340.061420766,113.53468503481685,16:16:31,-1
30922653.913676027,120.00277097978872,15:28:16,-1
3823961.9353435095,203.31391762014505,16:02:02,-1
16997250.43414455,311.3370296622885,15:39:50,-1
43155076.64930422,247.26264209629332,15:28:24,-1
13777863.518574191,212.4276677961249,15:36:58,-1
57595840.64645776,251.9035320361152,15:48:40,-1
46202916.76576752,96.87108423912396,15:35:26,-1
85908150.7953347,71.18609089918307,15:58:18,-1
63902065.89928915,225.9381942494203,15:27:02,-1
39448071.1980693,0.4111930822511223,15:53:40,-1
37158188.98261496,317.0707514887761,16:05:09,-1
61228710.59147854,133.62637011722126,15:48:04,-1
81739277.54764713,348.58435843753114,15:34:08,-1
63749205.900447145,310.4522935052013,15:59:20,-1
71111041.17619318,347.07501286113654,16:06:37,-1
7809166.115256377,85.555738427901,16:14:47,-1
50579933.47316672,129.25990190325328,15:58:57,-1
18461459.16350533,182.82181279398728,16:23:57,-1
59450515.85873659,34.443668442481666,15:30:47,-1
68275773.01660803,323.57486841589827,16:01:06,-1
88919500.83434959,90.91128219577313,15:26:40,-1
45920212.51736368,78.13365991203969,15:34:55,-1
87327825.02249002,253.78184806098733,15:28:21,-1
87257232.53931247,266.274968522069,15:33:58,-1
11460623.585551417,68.22789451282374,16:05:55,-1
15128581.76603844,238.56323887466337,15:39:44,-1
37443208.62442534,223.48797170464732,15:34:19,-1
64889003.259327024,346.2496352035661,15:35:08,-1
32152784.755531028,315.5757210789515,15:37:40,-1
12664324.627117936,312.77466384048165,15:50:18,-1
71972450.35787396,256.429287255878,16:06:17,-1
63544968.21343416,289.2090832756422,15:58:13,-1
88708299.4932762,318.5170527805781,16:20:19,-1
26276225.48459911,31.76747544738598,15:44:01,-1
6417256.973329734,341.5191195981248,16:20:05,-1
40362864.17867795,353.45809328742934,16:25:16,-1
20151103.23537031,209.4125460082963,15:41:27,-1
42889472.47205053,163.6822169845469,15:30:19,-1
85993728.66052198,29.273814945851008,15:32:32,-1
50265558.73724605,213.00440585695372,16:21:03,-1
84513338.28663558,89.02848621202295,15:31:29,-1
41804074.64026072,71.02711902180637,16:22:59,-1
70800925.70788701,241.348854917195,16:22:47,-1
75123860.40212773,295.3894431510365,15:35:50,-1
4715673.197363534,248.82332271981667,16:17:32,-1
44854657.65805444,137.59967139908346,15:46:19,-1
39603306.62584286,4.930326968128296,15:28:10,-1
5711742.907495886,185.31807616502172,15:33:19,-1
61865136.31239313,334.81485345733745,16:21:10,-1
5997719.313634289,39.044090000538375,16:20:39,-1
17532619.97699329,105.1519364405748,15:30:50,-1
41710515.62401664,137.28404085007386,16:18:35,-1
78109618.9566493,101.1699267427263,15:32:19,-1
8597494.047193123,269.9235080504715,15:25:30,-1
18043208.119231235,242.13431893153347,16:18:06,-1
36600623.10705972,285.53643012793526,16:01:10,-1
3751833.105686128,198.89420432810388,16:17:53,-1
11374703.71894748,22.97137193696328,16:03:57,-1
15674756.76558176,275.9990623886067,16:01:30,-1
12736435.941736393,333.4204352780987,15:36:39,-1
53029166.08235402,151.03159769867753,15:30:44,-1
75365136.36189628,294.30638489106656,16:09:49,-1
25022805.12123821,102.51206165339782,15:57:08,-1
16403750.930494992,344.8673722396439,15:36:12,-1
12638784.02935324,227.50216623985105,15:59:27,-1
79638957.33953096,358.26818235519613,15:45:27,-1
40394070.97127459,209.293393656444,16:10:32,-1
76318470.87490083,96.81490825130368,16:18:07,-1
76873814.69437072,315.39057841551426,16:11:57,-1
43090245.51665655,178.8576979959435,16:05:43,-1
84473069.20072407,70.16894592380669,15:44:37,-1
3833082.035979579,86.82816689257528,15:57:40,-1
81222283.03252901,235.9158007435504,16:12:14,-1
9167938.76407978,17.069183116759707,15:49:03,-1
28757329.275339976,257.9902874715912,15:39:32,-1
88887033.42100348,62.88524424918685,15:51:45,-1
6488528.462387306,331.4790414344384,16:22:37,-1
7815655.894163102,233.65335445917896,15:55:19,-1
66674182.75691734,53.743683160405325,15:43:44,-1
38366841.743579045,275.9781347936188,16:09:16,-1
72980235.50511383,274.4052544753975,16:18:18,-1
73021308.76185013,342.1068931213289,15:33:29,-1
65649907.76086347,162.36503121537143,16:07:53,-1
89370793.49493301,255.87477098109025,16:19:32,-1
33566971.35037045,116.94659815673116,16:22:59,-1
59903148.11181288,351.1785106400947,15:38:55,-1
11439381.736793935,161.49570007313852,15:50:05,-1
71687211.13194339,106.574149979545,16:03:49,-1
21562549.973622914,112.14791251940127,15:26:34,-1
43665483.49657916,107.98348521335843,15:36:21,-1
15936019.987519331,124.96195285396767,16:24:19,-1
37745253.62163331,62.77931630433897,15:43:04,-1
4115187.626583595,333.5361993953005,15:53:36,-1
2828017.6760794856,283.2894658166411,15:30:18,-1
82907107.76602478,46.63884820683335,15:26:42,-1
43036201.69346394,234.53495482301403,15:48:44,-1
10460358.264505286,340.145449023825,15:55:41,-1
47427398.92005155,300.85112798131047,16:20:13,-1
53766126.13538329,254.94559439167264,15:35:25,-1
4265167.68716979,26.464038248128293,15:54:37,-1
60930200.95436094,248.61403380400196,16:20:38,-1
72779309.79307365,57.76673511997903,15:36:11,-1
7053020.465957588,150.37236488326852,16:14:05,-1
62433234.05225685,37.13024334790879,16:15:31,-1
6322040.07173318,177.45728420005125,15:57:00,-1
4687080.811208328,113.45437046059712,16:05:32,-1
16864384.172779605,32.346240535510304,16:00:19,-1
10983134.783695333,79.3539002032696,15:32:48,-1
55861888.25391492,291.7252463428615,15:31:49,-1
9973235.818015896,179.95341946527282,15:38:28,-1
9246167.911096416,295.26400736203465,15:53:31,-1
84233237.12576985,50.93393040973172,15:33:52,-1
50399517.77923276,36.239337636042485,16:09:03,-1
54111918.68811761,27.266805259679742,16:19:54,-1
74885091.08249441,82.77875717616278,15:50:34,-1
9942891.828047834,293.6300154214344,16:00:55,-1
59456372.15542895,92.1681750898103,16:21:40,-1
57236328.31711433,257.7698686003752,16:02:33,-1
23682295.38707511,297.4837695812816,15:37:39,-1
67921463.14971414,14.643617179621216,15:38:00,-1
53601055.86656822,12.095466913177065,15:58:39,-1
58869321.04649774,187.63126615490623,15:44:33,-1
4126698.9168724087,171.87218699805112,16:19:24,-1
17258463.951971807,110.03551698193738,16:01:45,-1
67125555.09919177,232.70118963690564,16:01:14,-1
78534255.76939613,335.73452888422696,16:18:21,-1
88162309.49294122,113.0888361568224,16:24:49,-1
13070013.344244651,267.2441214744731,16:19:05,-1
54750702.92626587,299.092077144834,16:11:48,-1
10760350.82761636,163.3747712006738,15:58:10,-1
5201151.257304831,195.46334232411377,15:39:51,-1
76019971.23624298,282.342879354266,16:11:07,-1
6364732.084965796,175.9086630959428,16:04:31,-1
85965858.45343737,263.0703156010512,15:55:07,-1
76443187.67805666,261.146436600453,15:33:08,-1
37405649.09731547,195.46402633014375,16:19:53,-1
2489920.510210229,100.97311201163517,15:42:57,-1
11884565.494629549,296.3798059906166,15:39:13,-1
15427725.68493464,58.24577162246157,16:04:52,-1
59297913.276118085,99.07681788928168,15:53:46,-1
64389846.17551456,179.44891854763154,15:32:09,-1
81611390.58258615,328.98251694655875,16:21:38,-1
10761337.527648158,59.02668702512707,15:35:31,-1
58981449.894507766,29.989880530686147,16:21:04,-1
2966185.5682493304,59.94384578731464,16:19:12,-1
63401376.731905006,104.56594612420972,15:34:03,-1
38473848.08670705,324.9008750615483,16:01:49,-1
87505970.40517215,258.55300627304507,15:40:47,-1
67700275.49461983,277.7555980311901,15:48:02,-1
55603536.24427263,315.5061574990612,16:15:44,-1
88727637.15321617,182.0755233006056,15:45:15,-1
41780011.73943579,171.35623562509318,15:59:57,-1
33408022.59071012,102.22814119477223,16:11:44,-1
22977075.06672112,188.51898361491232,15:50:17,-1
3289175.017300441,314.6658495969686,15:46:06,-1
45713448.37805751,161.64364579529064,15:48:17,-1
27151591.709973853,65.46285546696807,16:14:44,-1
5798312.430291121,93.45105695403927,15:31:21,-1
78131193.14764574,217.1739238616045,15:38:20,-1
25570105.84034949,119.3828327222773,15:52:00,-1
9074074.749251736,138.549007262805,15:45:20,-1
32209878.44578943,332.6848591137502,16:15:59,-1
43166030.27598676,65.86893583563453,15:42:28,-1
76488416.97958952,49.75529483240107,16:18:18,-1
65869546.49503132,282.55832096208104,16:09:47,-1
64723701.62223154,215.4175853221444,15:42:21,-1
67693895.81587954,262.0139952267523,15:41:44,-1
3799158.634925351,72.7742014356045,16:16:47,-1
31835127.112666845,272.8198952851901,15:35:14,-1
77845729.59186147,198.19479248497484,15:31:21,-1
845777.8607865621,26.149252145322507,16:07:39,-1
65193147.065186135,351.6791762803605,16:00:28,-1
62527006.187818095,318.70934331727057,16:25:08,-1
34300529.09132994,352.1703762503256,15:46:35,-1
64512649.3654186,163.7314021456632,15:59:17,-1
46365995.796465605,305.0261543098103,16:21:54,-1
14905784.69187041,57.434073041540216,16:21:20,-1
965005.6359192248,289.0366871609889,16:11:08,-1
49638518.553475976,314.6728183413731,16:17:08,-1
54746672.45363072,214.10078434996208,15:45:26,-1
81508783.19796667,246.81604167586508,15:40:36,-1
19331195.89372913,305.0174744981298,16:24:22,-1
61471737.49550717,287.9087600424501,15:49:55,-1
60484627.718312055,146.92706624327826,16:22:32,-1
6897500.545260098,87.77728867286184,16:13:54,-1
69732484.17670813,61.118483847897146,15:40:00,-1
17213467.845778212,261.2836431461517,15:42:47,-1
7049137.663075219,164.77354836209125,15:34:31,-1
45717922.650548585,330.24097413905145,16:07:35,-1
64490706.17041328,71.18179424751789,15:31:43,-1
46452957.83288918,302.2060724129697,15:28:09,-1
47017528.96497507,305.70445094926293,15:38:53,-1
28250647.48439875,236.74536313265892,15:32:24,-1
77485203.93107107,301.1172986816865,16:23:51,-1
4053459.144976468,42.386754085023206,16:22:51,-1
15010013.135152692,264.8054739828741,16:20:25,-1
15479583.183845498,26.482260248951416,16:01:38,-1
70340362.79735586,232.21949234417576,16:24:55,-1
29529083.49597685,293.37228019767224,16:04:18,-1
80726952.70068796,40.21180585200289,15:57:09,-1
43670520.43509644,216.4338348062463,15:53:09,-1
67756078.15057218,263.0786945671794,16:11:17,-1
44334782.33422906,90.17424665762589,15:43:56,-1
27228243.21745996,195.4102744178861,15:43:27,-1
46610347.07006031,22.19195809893868,15:51:26,-1
81623841.67994802,274.01121876434564,15:43:17,-1
70154003.7403083,126.6583520878419,16:03:42,-1
85497257.95162356,30.32020796326352,15:54:19,-1
12131438.951060692,21.92674311016832,15:50:33,-1
53605973.65919891,111.0209991885131,15:37:40,-1
54003783.32125673,149.67016713957673,15:40:18,-1
87140272.98111776,97.0227703828348,15:39:43,-1
40739145.27858515,263.95657297101684,15:42:36,-1
64326229.24512056,217.85474459187685,15:27:19,-1
75986625.04667798,341.9288560195109,16:14:24,-1
3595819.0317779626,106.46101468695682,16:15:08,-1
87594296.12151267,185.49024497290344,15:34:25,-1
58844838.633565925,53.00115210375905,16:24:49,-1
29949421.73447979,23.482070667989777,15:41:25,-1
7074603.327762295,241.6499404994753,15:28:47,-1
38781888.78191508,296.8086403185485,16:04:46,-1
15758084.569507197,285.5310871035561,16:08:17,-1
24862554.9008344,305.4886477531685,16:09:05,-1
35068934.666628115,52.06897575692676,15:52:19,-1
34904521.042976946,269.1414109753308,16:23:45,-1
14055503.52360558,144.46722528625244,16:05:32,-1
14058569.612411177,41.66221204660435,15:29:18,-1
58751542.0120122,95.64862160357416,16:01:02,-1
60336715.40681741,174.76645168143153,16:23:58,-1
6679356.307856701,350.8786802596289,16:25:15,-1
60906289.96355057,337.97866419018345,16:02:42,-1
22596313.661431085,155.7933370427842,16:03:23,-1
8686905.122889468,329.5758659252785,15:44:08,-1
50847510.31197348,340.0091653261343,15:48:26,-1
48225421.10475847,159.8511989842407,16:07:21,-1
5750355.324071597,29.51392354131097,15:45:54,-1
61630031.11090048,313.8842618155324,15:47:24,-1
53731477.65049102,291.20462016716147,15:37:06,-1
6923425.844186412,329.6197448452603,16:21:28,-1
22782008.21504032,243.61456643111728,15:39:00,-1
54308057.90227235,309.19484927964777,15:36:22,-1
86289173.27161048,177.601436837568,16:09:18,-1
52865923.07553623,295.92127167768314,15:58:45,-1
43509948.96774183,6.561631328630111,16:14:51,-1
60588382.78678591,66.39975453916173,15:53:32,-1
15793123.789580287,172.51797579243075,15:55:17,-1
73425674.97523765,191.75862760151315,15:45:40,-1
10671257.56499308,287.27170662363216,16:14:18,-1
8619705.533380399,261.32584740744863,15:57:37,-1
47986083.54308263,246.9372154920627,16:07:27,-1
46532698.28850459,277.9146466716666,16:06:36,-1
68498123.14220332,204.5808873497025,16:06:59,-1
80750219.24829043,336.9747867500588,15:27:47,-1
10933456.296804097,23.552124581148213,15:29:42,-1
60179068.78075416,355.038437915618,16:17:48,-1
72402076.33876456,326.95943357741163,15:29:20,-1
1421181.7358600462,325.5030718790459,16:13:11,-1
603458.8998225413,128.49425872091408,16:19:48,-1
44735374.43946131,25.582020860186503,16:14:38,-1
18098089.85845376,91.52250418612697,16:00:01,-1
49854485.32058728,48.74575993815056,16:23:26,-1
37179184.132631086,318.6951186444472,16:05:54,-1
81949946.78709152,85.81023463967446,15:43:51,-1
72804624.94798331,337.8320743341451,15:53:57,-1
57362550.79293004,254.7438781349289,15:32:50,-1
73375044.41074239,213.78090954885135,15:42:36,-1
51908239.0029484,291.46379965083463,15:47:18,-1
55352235.317234576,101.82311646651677,15:52:54,-1
66850668.78568225,123.78756321865528,16:24:03,-1
13586522.738082604,196.8200145476355,16:08:05,-1
11896672.867449598,108.69442164634025,15:50:30,-1
38569769.478129774,97.9531837155254,15:28:00,-1
55410172.78259194,183.1449607729447,16:08:01,-1
21949115.69479988,351.76414864174274,15:39:18,-1
69501569.69338967,39.12309199986447,15:59:23,-1
84389780.66217822,5.821446802124424,15:34:08,-1
64471015.62122251,350.533081859121,16:16:20,-1
18003363.688323162,62.63173230189416,16:19:16,-1
77675969.71892047,38.85337130853797,16:10:19,-1
39937486.25378088,273.6342291955421,16:20:54,-1
75719500.64573388,337.3714820024769,15:56:26,-1
60747778.84308339,301.41003156344,16:02:04,-1
66637129.10950709,270.7941292183384,15:37:42,-1
383874.46008727694,161.72521680881303,16:17:44,-1
4666812.1649741465,168.0438027852292,15:32:00,-1
2625490.5865712627,75.48367826599456,16:01:14,-1
79810895.87062246,195.7468321668574,15:29:19,-1
68319543.45951706,183.99216991084225,16:02:16,-1
16247430.238274956,126.69015455100468,16:16:30,-1
24179711.427913204,95.3051082005971,16:17:37,-1
39215883.12547575,235.1263666405956,16:21:56,-1
84858360.26072663,98.8292901023757,15:32:50,-1
31983609.3339997,206.5394978536461,15:30:06,-1
20954420.709335,77.4190589950476,16:13:37,-1
52120412.257612646,179.7602471737748,15:41:53,-1
32681172.505578607,187.54019001304397,15:31:03,-1
34700090.24632127,58.8441419326323,15:42:08,-1
5331897.523686966,42.82923982845486,16:12:11,-1
61607417.59084987,219.14712045283588,15:59:08,-1
23014825.70904574,7.312766563389705,15:59:20,-1
6648920.344873479,108.8763684791679,16:01:04,-1
47238859.9725196,340.3933781134669,15:56:31,-1
48186958.56151471,113.8184164291693,15:43:21,-1
81740158.12648688,136.69486211695187,16:08:16,-1
77113509.26345737,269.699379319182,16:09:26,-1
26339262.88316878,232.43036064129024,15:53:26,-1
9047285.547639413,312.68725808501665,15:52:41,-1
39930817.60610071,159.47876514323417,15:39:14,-1
64317071.44466468,287.6021178895421,15:52:37,-1
17181847.415890265,272.87247057062115,15:37:31,-1
23943015.426031288,167.48294741697373,16:20:22,-1
68065696.95356269,127.34376136310084,15:26:58,-1
4757559.395176721,70.25126373938281,15:52:42,-1
17761421.162911803,345.9921979537997,15:42:22,-1
85283308.93673486,86.00014319011677,15:55:33,-1
58383477.00595449,53.52953221032617,16:06:28,-1
85256731.52627769,132.27817221424775,16:13:48,-1
12094153.792055622,48.99809977658109,16:25:12,-1
8518387.274072377,306.7984508576748,16:06:44,-1
26331990.42238426,233.74508645971264,15:26:52,-1
36732389.44546739,267.43111683534124,15:33:11,-1
44564119.34434034,253.01445088983075,15:50:04,-1
26816125.39085634,193.7737282375328,16:21:40,-1
87866253.50835903,87.98998971327451,15:27:59,-1
27181763.65565712,183.6570526435628,15:46:23,-1
15301560.70515843,248.62260342557403,16:25:22,-1
85438686.13287039,246.62455485108416,15:33:06,-1
75993798.26241021,297.6653488492341,15:55:46,-1
61050707.2377068,292.2441718882341,15:30:10,-1
22370320.263146102,310.7970680397114,16:23:49,-1
74249067.29027507,113.90268353903792,15:29:24,-1
41653785.53734789,135.0019061777157,15:50:36,-1
17413712.10618468,247.3410137429393,15:38:15,-1
16748815.253011722,87.29701502923426,15:46:12,-1
30478873.814920504,314.0003171571456,16:03:36,-1
58060855.26592965,285.77630795170654,16:08:46,-1
88231987.80532157,169.49034375068402,16:05:00,-1
39111757.650187,194.352135453458,15:33:38,-1
17487904.528341115,121.48883930114968,16:09:39,-1
62703840.141576655,149.21269891444473,15:55:16,-1
31736847.418841045,73.60743851210263,16:21:40,-1
26012207.33680924,318.1810142712256,15:34:34,-1
49734091.10910662,311.56958432267163,16:07:17,-1
13137316.154945448,57.63588822177213,16:13:39,-1
1270207.4744841815,110.4315337814348,16:24:41,-1
59923472.08660233,82.94415146673082,16:10:03,-1
59483872.43788624,119.08728046018224,16:13:39,-1
21306969.36267153,227.96877852691875,15:38:44,-1
56339861.12132442,324.44667765115094,15:35:51,-1
15596633.792118914,339.05283391199794,16:24:08,-1
57463726.47945117,357.53214419502274,15:32:06,-1
35128249.08125292,331.07946988872857,15:54:08,-1
53149474.38938343,154.33612167171898,15:37:55,-1
53034511.88617654,186.3545714752017,15:48:58,-1
11355439.111894218,280.9665681867665,15:35:15,-1
78028776.17083104,124.40004638484858,16:10:14,-1
465314.5950525477,100.75555065472469,16:05:06,-1
51463556.023336574,159.50194094309413,15:47:55,-1
32217796.53646013,187.2895077290066,15:57:26,-1
14055955.06259307,330.5991145772963,16:10:51,-1
33534584.407481708,205.54365575179247,15:58:43,-1
3418225.993067577,273.7373162605588,15:59:22,-1
30254820.834875952,22.532815584240392,16:16:37,-1
26318028.964148987,26.52354714203106,15:39:25,-1
64883994.27844033,232.54981990405955,15:29:47,-1
850194.6336997848,130.02472716247354,15:56:23,-1
76660714.42935963,291.6167788438803,15:51:23,-1
89814645.42344375,355.006665232109,16:20:10,-1
50167367.81256464,167.46180242484053,15:42:01,-1
18659163.07681068,193.48338035109583,16:19:23,-1
11120267.58473396,96.44746766285276,16:12:11,-1
73023428.10640216,212.42475436811625,16:21:29,-1
79981258.06882997,210.99232719481915,15:33:53,-1
66128850.476376265,209.36975123836567,16:03:52,-1
44133404.29448611,335.09323277895794,15:58:18,-1
69483743.03645284,284.00254175288603,15:28:17,-1
88777614.3010807,281.529113845519,16:19:02,-1
73930324.25107887,341.9019112605514,15:39:48,-1
9643634.442495763,256.79221575944086,16:19:36,-1
2849290.7880689604,134.06474447806303,16:21:41,-1
58598144.098302856,295.68418453640896,16:06:01,-1
69065965.40376243,260.43637353430125,15:47:12,-1
54774986.70863307,130.73336346450063,16:07:36,-1
14840749.26233642,176.2366496609462,16:18:24,-1
73404642.16087636,242.82358540880188,16:17:19,-1
21127025.29074686,334.7014961414343,15:54:19,-1
13340544.344702251,118.50449459395888,15:28:43,-1
81933276.5643129,243.70213999406784,15:31:17,-1
34588198.24627926,301.50960055410326,15:44:24,-1
57721841.559393056,53.73796768858319,15:40:40,-1
69071601.58098777,77.69142581822034,15:44:26,-1
50908838.186159134,319.67757652064535,16:21:08,-1
296977.74969165743,64.56032758871447,16:11:44,-1
64469666.11707012,44.0596161618929,15:39:00,-1
6655096.661304263,145.09349145897605,15:39:10,-1
86976932.4159793,135.99901998833732,15:50:44,-1
15156089.293498192,89.9726917941087,15:39:04,-1
88522963.19436623,355.3185932776188,15:50:25,-1
3741432.0843310985,187.8136800930737,15:30:52,-1
15194747.450453708,328.3807394275896,15:30:09,-1
34370437.08135593,119.66697160393852,15:59:43,-1
36447530.365241416,282.1167111806495,16:23:20,-1
47959405.165246,264.4924493564236,15:35:54,-1
42602790.934626445,202.69839573395012,15:42:40,-1
45284749.88745728,114.23650535462916,15:28:36,-1
8410548.591032106,205.56984553928723,16:05:28,-1
64667404.91251965,131.24310919792535,15:35:47,-1
69665613.45246693,67.6668207985038,15:40:55,-1
81367689.64100777,269.06542867320366,16:05:02,-1
53665258.99670133,115.40625582894393,16:19:35,-1
32344535.683090776,132.31426168550897,15:46:00,-1
27275014.43131849,6.593675040979261,15:28:35,-1
60086346.64465392,30.600582340780903,15:44:43,-1
14483468.14903353,341.0811941506172,15:39:51,-1
76681463.78621702,294.9589283131797,16:09:30,-1
22989750.93749192,131.8952007307079,15:56:06,-1
17656984.33763573,318.7941889384704,15:45:04,-1
11188568.150078535,331.7732309530543,16:15:30,-1
87702479.0850853,159.82337619359734,15:36:17,-1
67308031.98197474,45.88820160117997,16:25:03,-1
6947483.228495666,134.6994017822688,16:08:08,-1
12791541.878864843,25.55847362268168,15:38:14,-1
55479734.817020826,111.512799058269,16:18:19,-1
70938433.38203886,234.9726200578198,15:40:31,-1
41115362.55628723,237.6793423086509,15:42:46,-1
928587.3964652596,142.97257091863872,16:12:21,-1
56515057.3850127,241.8830071001978,15:29:33,-1
58459575.21907424,48.17268953340389,16:18:49,-1
31553182.7743625,61.037043989814975,15:46:45,-1
49159067.83308523,187.0345635504601,15:32:32,-1
29725875.08795351,204.3637044795909,16:03:13,-1
52283992.19821036,354.4488325822075,16:15:43,-1
20441183.367262628,299.05899237454327,15:44:38,-1
49015578.60035536,208.46103715715847,15:47:56,-1
55809923.02308759,113.99321092497284,16:05:37,-1
13732593.676884804,355.29293322957943,15:44:58,-1
55209528.52867788,5.810442289304474,15:35:33,-1
66946431.44249003,6.791017381934177,16:05:41,-1
72038411.54218918,222.55221306690493,16:19:53,-1
50004677.41794661,228.4662106330032,15:53:46,-1
27799544.449287917,23.59039086395187,16:17:50,-1
7323350.53035702,307.0071285217661,15:43:48,-1
55916487.114592895,29.362242107416225,15:59:49,-1
75124285.48065826,318.5158223790357,16:10:51,-1
59041208.156223856,293.92733811975006,16:17:22,-1
30549497.640307672,19.47521557390449,16:11:16,-1
63899918.35273553,302.0806493744791,15:27:18,-1
19908225.019920044,241.53429484860885,16:05:37,-1
17853571.16871066,346.58121707873875,16:05:00,-1
30585570.40579588,34.83283471679154,15:48:13,-1
88918426.13641682,292.1895376002474,15:34:12,-1
87494263.77756853,254.90213840503972,16:17:24,-1
80680386.46249573,75.6427391237686,16:01:01,-1
35316295.48955752,24.56682936631409,16:08:58,-1
63014443.84854318,286.16510114405634,16:22:13,-1
14542655.235161187,142.1764893633431,16:00:25,-1
87851983.8981638,82.07573929936856,16:00:47,-1
86568876.47753668,106.48820596854571,16:16:31,-1
30516439.878020465,227.8426736963239,16:03:24,-1
80918292.969349,283.4391590345336,15:47:26,-1
48733227.09778366,17.962726144265044,15:41:55,-1
56905744.49511667,117.04239961592218,15:58:39,-1
45647197.57519886,73.4216220850847,15:59:40,-1
79595356.36844191,196.3469931717457,16:14:46,-1
60393740.387585975,108.4648249732208,15:55:20,-1
81281272.4725698,83.39693764453968,16:18:13,-1
61791560.433255725,75.8108645985135,15:52:55,-1
8032221.957252605,302.5211019819292,15:32:15,-1
58890269.80312341,283.04428025129334,16:15:38,-1
66944639.252169184,266.4599027673155,16:11:27,-1
60293447.03142603,298.9376577010315,15:35:00,-1
57006545.06782266,61.37121929240265,15:36:25,-1
58876442.86375707,232.42407777388985,15:54:23,-1
82807908.64966238,94.17003387165006,15:26:00,-1
11340040.30918393,73.43451019780478,15:53:12,-1
66683509.30437179,62.239553691241845,16:06:23,-1
67883429.29323009,281.587127514971,15:43:35,-1
89029421.62718089,100.88594662049393,15:50:35,-1
68426564.11057211,261.0703216591182,16:14:00,-1
87958088.87661174,39.321939566424106,16:12:37,-1
14641546.755168684,192.6152729377109,15:46:49,-1
72203816.22563347,158.06944218694127,16:01:33,-1
18153295.91616865,70.89881903075441,16:17:46,-1
33626234.63024974,283.3478065502911,15:34:01,-1
9453103.424171612,289.0684528556096,15:36:48,-1
14746039.16596125,284.6157193936914,16:15:38,-1
10722379.226429656,164.1282949786238,15:40:21,-1
74729857.27200487,255.742786817514,15:38:15,-1
19448938.11973123,245.34252117134557,15:33:28,-1
6422271.265498186,317.5509856302134,15:29:41,-1
25638968.717940304,245.60600974734987,15:49:29,-1
47732368.25678769,262.5992061859765,16:18:16,-1
21962079.562406216,240.28142799547484,15:58:56,-1
46018817.69625984,103.33968707264508,15:44:49,-1
5125910.791957719,2.9945459914879717,15:56:41,-1
6068333.608897835,240.069758222368,15:41:00,-1
64554242.63071433,22.64403769776605,15:28:09,-1
22397537.09148808,126.87514188366242,15:44:32,-1
73800163.80746163,105.55128519823565,15:26:59,-1
61577671.733013056,210.16318859182508,16:22:17,-1
11819384.444032624,55.63907926772406,16:14:00,-1
57128299.83879669,89.53038291734863,15:39:07,-1
1164008.8259589665,204.1001506663221,16:07:13,-1
70777106.85180867,168.7774390001832,16:19:56,-1
21707149.933813743,159.1023196995072,15:32:21,-1
37777660.86387742,309.32216378126105,15:42:38,-1
6044280.448491751,19.21898715171697,16:16:56,-1
19642640.15708379,145.6297406635047,15:56:42,-1
27023482.208379734,251.82956372588413,15:41:28,-1
11840835.837538464,90.35871007712532,15:44:34,-1
14664487.24461604,245.7342872247464,16:20:23,-1
51946440.64990065,279.4267875400383,16:00:36,-1
61837810.73774025,84.91951095080515,16:04:55,-1
2165219.5582569684,150.75233318244906,15:39:42,-1
15391005.085162137,148.0510898022311,16:06:06,-1
2731316.197414772,242.3878505741287,16:00:31,-1
87695373.41646324,72.00507700030107,16:01:09,-1
69087291.00356443,88.06005174180716,16:10:58,-1
42643637.89824909,321.67898849300514,15:48:07,-1
36124713.42035737,249.6039040983345,16:20:36,-1
51441982.22726822,248.57406372953204,15:58:01,-1
87181670.23472214,132.05329836841122,16:01:33,-1
85256532.36596744,19.25110899868925,16:08:09,-1
24700211.05269068,97.13608999715132,15:46:56,-1
14610704.305807212,314.698426956758,15:34:53,-1
1811887.8891731647,204.50599151274832,16:23:27,-1
11681094.09881243,222.68578946548976,15:45:02,-1
68977155.18162115,84.85829974731605,15:34:41,-1
26781027.77141108,26.21254185410312,16:07:14,-1
45835314.04002475,298.4854276828344,15:50:27,-1
62329989.0741156,264.9224151595374,15:38:39,-1
29014804.66905397,339.86515161622714,15:50:12,-1
13010325.613886392,230.5584036351596,16:19:36,-1
71078330.22857699,253.5588154164644,16:02:06,-1
989986.9081226932,8.573916407348893,15:50:13,-1
83338590.68139629,257.3295671286031,15:57:07,-1
65527214.7041923,141.9338814015049,15:36:50,-1
73150275.35191451,301.4443846916473,15:46:54,-1
54996933.34184703,190.16279473402452,15:30:41,-1
78585055.13767682,206.65400881115767,16:08:50,-1
71313992.53942199,161.53306455083364,15:50:37,-1
44066623.66934431,108.25451687267714,16:13:44,-1
1142799.432099086,115.3323032893905,15:38:40,-1
73364196.46425425,120.09045217902438,16:07:24,-1
43278413.46244038,264.15299646789384,15:42:30,-1
64770535.93644789,339.2925578353948,16:08:28,-1
39590358.27052585,239.46592202988387,15:43:10,-1
68691519.59483977,117.07959851594325,16:25:21,-1
72029434.18322343,4.449199511943416,16:10:57,-1
78976669.54216042,279.9194781220588,15:26:22,-1
81254669.28976119,262.48015562169576,15:41:32,-1
18163171.660431977,148.19573279257568,16:00:10,-1
26792782.93229454,270.182114247112,15:51:09,-1
29055430.35851709,349.0095493470756,15:45:31,-1
5883537.231036138,86.08109487027066,16:17:40,-1
75702531.2781596,5.077597375149554,15:53:48,-1
54406656.24594919,358.6926724914952,15:42:32,-1
27819921.659673817,204.12482622722592,15:55:32,-1
1527272.2182903434,24.39694539410479,15:49:36,-1
49001001.81798723,28.430398949466586,16:09:53,-1
59538714.58153191,149.49774587528142,16:23:05,-1
46624370.72281462,334.9544733361174,16:04:22,-1
82622353.310154,204.66200726034245,16:02:24,-1
15665441.377834382,359.0908570374756,15:56:35,-1
27798823.197431285,134.21622497069274,16:16:29,-1
68999528.87476115,259.11938251587907,15:53:42,-1
47667915.824164055,15.920307551460278,15:35:27,-1
29833617.436758257,101.20924805666408,16:17:52,-1
49198111.71662744,220.73084063215035,15:56:13,-1
57091640.41991328,260.92934952654434,15:54:38,-1
23650598.777131498,125.13363732155864,15:36:44,-1
15203270.882531911,237.58174206133347,16:02:20,-1
14399877.341229316,62.17781036083062,16:24:58,-1
725033.3893945803,31.47476366616578,15:52:21,-1
10473774.340241238,262.8521952318308,16:15:48,-1
68600312.24274161,15.604417083050604,15:43:36,-1
42531551.66933171,300.17330707156043,16:16:39,-1
48842132.12883898,160.98603907339432,15:40:31,-1
14888628.0085385,120.45014434093412,16:20:19,-1
58075747.798987806,108.85579783006035,15:53:44,-1
6512547.242378966,194.4700648906398,15:43:27,-1
54575295.29520594,21.598197894786043,15:30:48,-1
45528898.99390258,57.70944960195308,16:20:55,-1
15588915.651343608,222.96925598821468,15:52:10,-1
73563937.66563632,86.3009847274797,16:16:43,-1
48090794.9398962,87.94350569160794,15:51:05,-1
28191985.606402587,346.3471101046744,16:01:13,-1
73091226.7909313,305.4680559715573,16:01:13,-1
78992988.89011061,30.26428961540856,16:08:53,-1
46651765.60930403,85.8266142205648,16:14:31,-1
71563317.39706181,204.1361447955836,16:12:29,-1
60659818.42442264,185.100030223965,16:21:42,-1
87490724.63380344,146.92788227708616,16:13:46,-1
83193699.5068711,281.9420013982624,16:16:15,-1
73168352.17037301,53.16393044075045,15:37:01,-1
56883425.54798614,180.65764762132997,15:55:21,-1
27151533.124133386,222.5916308229435,15:37:06,-1
18125251.84481355,40.9993776808964,16:18:21,-1
52810215.07827398,245.34335068641724,16:24:32,-1
714034.3788711778,66.06237245036536,16:12:34,-1
12314111.804783242,112.29342967931318,15:30:25,-1
68258786.17067716,70.34759162607216,15:44:52,-1
49353183.15737244,107.45362436072602,16:05:07,-1
9326166.659076098,37.09965605989937,16:20:21,-1
74556853.3033109,30.56489129373109,15:58:39,-1
8168784.34453104,5.128859366615091,15:55:16,-1
20486085.9040599,129.06489711693783,16:22:22,-1
62614461.350540645,216.98751952362585,15:53:17,-1
33399091.863645844,289.14349769126727,16:12:17,-1
20206118.07842637,175.60153054679333,15:46:04,-1
87835294.41499327,330.3575849348364,15:35:33,-1
26341115.548867323,305.9388036587929,16:15:08,-1
13906066.175381253,64.4586445568462,16:12:29,-1
22883592.20855025,249.50275068108087,15:51:46,-1
5284019.750698944,306.90444966308206,15:56:44,-1
80078924.98452094,56.734723993738974,16:20:59,-1
31180332.29778096,321.9700973552005,15:37:11,-1
43672688.51696155,0.7139985358721423,15:36:44,-1
13672855.087813376,353.23792639603664,15:35:21,-1
18853653.5370877,136.8476252322106,15:32:15,-1
68344877.68943179,280.3739770516666,16:18:37,-1
46036735.02953299,283.4190155987794,15:28:04,-1
13619930.901720775,11.880812734581564,15:52:49,-1
33851722.29008033,308.5313534419128,15:44:30,-1
63938014.530343965,208.22518995404084,15:55:33,-1
34829044.28553174,297.9657723881453,15:34:53,-1
64032041.03580018,226.8880524295932,16:01:08,-1
73478911.32796109,162.4311421283705,15:44:01,-1
13763873.359569496,145.43768337758644,16:15:50,-1
5556876.07462921,257.0779383289797,15:25:49,-1
27671984.32577026,178.40794923598943,15:45:05,-1
60843650.268127,296.5547614168592,16:01:59,-1
17399855.260283813,56.93907967377146,16:08:54,-1
76694894.0823038,138.15593486805784,16:05:45,-1
11568060.139175013,73.72210376744316,15:44:14,-1
36642118.19246717,328.8302841076209,16:00:53,-1
47067648.46951436,257.0564286716538,15:55:12,-1
50576840.04188455,25.2270069520951,16:08:55,-1
7003682.999829916,222.11143682936907,16:05:38,-1
45905552.12734129,177.01462362780538,15:35:32,-1
22006326.99208317,3.377562097338256,15:47:08,-1
48916503.13339391,123.37657733238947,16:19:35,-1
36478085.64213804,111.56194298823382,15:38:59,-1
52560542.00446351,6.514014285894096,15:39:06,-1
68832737.99442524,185.97158486258823,15:54:40,-1
30437062.98640349,320.9111993942095,15:56:54,-1
32632337.827430487,80.55103711974361,15:42:18,-1
15912039.56730599,121.27023169406772,16:22:39,-1
70521759.58767265,34.23143937528935,15:30:56,-1
31331266.0395314,33.57422601632618,16:06:47,-1
7452814.176645852,286.798787940122,15:34:06,-1
24065399.95284148,308.36711087240207,16:10:01,-1
8634798.622198796,260.65740076725183,16:08:10,-1
85296351.38070545,189.6818835286793,16:04:09,-1
72670674.78731756,295.1982818026307,15:28:19,-1
9563505.543351945,65.170407620245,16:16:04,-1
5095957.170874184,119.02654505647584,15:36:16,-1
85127196.83196251,61.89603141967812,15:57:40,-1
49922334.24951895,292.56582136968547,16:01:39,-1
4329353.611789403,99.96934477572928,16:08:40,-1
6924601.446896999,221.62882012329516,16:13:24,-1
54242360.0544126,284.1438363700053,16:24:22,-1
53142146.33599426,235.8589855630832,15:27:54,-1
88110402.42207469,123.44928402665242,15:39:13,-1
17182240.880096804,347.4235777648259,16:23:34,-1
34055162.397225805,109.51713177126416,15:35:50,-1
74602016.37318613,241.5159100303877,15:50:52,-1
18554773.85848797,74.21596915740037,15:41:17,-1
47034926.07114372,33.1978585400165,15:41:00,-1
37131345.38049839,326.7147423769791,15:37:48,-1
71910291.4875558,199.90102428543452,16:20:46,-1
69677123.94618167,135.04124813108686,16:11:07,-1
70629866.37159175,8.765360578649446,16:11:46,-1
61683760.07174096,274.83523867851585,15:32:36,-1
55566513.62532536,188.08169526959563,15:56:19,-1
85489264.12957384,210.9036141040529,15:35:41,-1
53511956.9705504,128.0130040996444,16:17:14,-1
82501484.99628422,48.47229564641324,16:06:30,-1
35933478.50537064,85.86047564200636,15:45:27,-1
14324178.0327349,226.85978378681577,15:49:10,-1
46414001.100648165,335.184236485521,15:27:45,-1
21133145.633510444,329.3671152904572,15:31:20,-1
66822863.437657066,139.23737749174597,15:30:42,-1
54135233.32233021,213.6119139129669,15:49:59,-1
49472676.85600182,3.9199358951383214,15:31:59,-1
84742813.43086596,359.03759052561406,16:02:59,-1
77593373.52655958,117.60233428236025,15:55:40,-1
31476865.22044934,20.97734784144486,16:21:52,-1
1584677.4003965885,205.5769100924005,15:47:26,-1
62919282.04428042,279.354858029091,15:26:28,-1
89040645.72399023,271.7053711990322,15:35:58,-1
86888004.30892093,299.9026310017895,16:17:34,-1
60517318.711418994,206.31540023262968,15:45:28,-1
1549836.0247746075,25.208587969712312,16:12:18,-1
34881070.19447157,78.37270713818796,15:32:25,-1
4203172.872128529,77.75491568841292,15:36:47,-1
56600610.75375067,70.19498292744721,15:27:59,-1
79779650.15100896,223.6055602445901,15:25:58,-1
28909515.36023345,48.67445737363421,16:21:30,-1
21839042.40172932,58.75427829087029,15:38:10,-1
8604988.414770437,169.23920986732452,15:51:13,-1
15188783.64380941,67.29756861053936,15:56:10,-1
61905867.64081409,132.89176989881295,15:31:19,-1
85448.22481990146,287.18784287958465,16:02:17,-1
38315257.53322776,331.7638494053882,15:55:07,-1
12758322.356710875,198.16271992497755,15:27:51,-1
67085719.946091846,96.9680528241339,15:56:07,-1
82129976.96144211,359.3468291192436,16:08:35,-1
71165159.05306512,11.493762005607168,16:12:42,-1
84917940.3241263,121.95956631839591,15:39:59,-1
5952148.876746652,303.81736040691726,16:17:24,-1
28009910.459730912,105.36046965516736,16:03:59,-1
2529496.1911890307,238.75210414221308,16:19:49,-1
83293565.59762977,181.36058111089275,15:39:18,-1
70473622.26190607,80.00415399930573,16:17:26,-1
63950672.22400035,347.284176790948,15:28:24,-1
33190896.89684903,145.60845941947164,16:22:55,-1
22294743.568339128,205.7727014870956,16:18:18,-1
54948002.62954719,298.2173445342257,15:48:20,-1
67129474.13473994,73.16091313486403,15:45:45,-1
8094429.453017035,337.26675933721395,15:39:01,-1
21660347.22163597,77.60787986675257,15:58:20,-1
6829947.796587862,288.30517176239147,16:17:12,-1
50472399.70481972,160.00499678036206,16:20:11,-1
10072001.581652114,95.86645669343628,15:34:48,-1
33960795.305434816,103.56802265234596,16:16:32,-1
4188192.837300424,132.92665139509074,15:44:10,-1
14350120.878740408,320.6323366449228,15:44:38,-1
41472327.92831271,217.99933247118616,15:53:24,-1
52128022.89887635,110.23355118464674,15:56:57,-1
72193283.98985973,181.514164328978,15:44:57,-1
7429370.86627295,19.882449178810543,15:49:25,-1
22225076.35768512,42.05773809527376,16:12:05,-1
77481012.88203378,256.3249371092988,15:42:39,-1
4386904.318289145,227.04580912400036,15:27:06,-1
48414028.09398394,101.78727249494696,16:02:42,-1
31057748.995628107,72.42179448097251,16:11:04,-1
42413232.00470569,100.85809713598007,15:37:34,-1
16288285.38374974,167.3409114178803,16:23:15,-1
28240903.62486578,230.20397653616317,16:19:26,-1
57249032.63327254,310.7948085349287,16:16:40,-1
8990978.113179682,194.11345352123183,16:24:05,-1
40011137.03112913,245.4082532681806,15:36:43,-1
83936571.27890725,264.19749036522927,16:14:24,-1
32816755.299352445,307.4763119680366,15:26:20,-1
35917262.49291478,7.199259884422542,16:06:08,-1
77478149.84451576,274.6658704227863,16:06:01,-1
23957205.84652978,225.237902201858,16:07:05,-1
62724753.09029509,136.28509052738045,15:45:01,-1
32045123.260636862,298.5106487130198,15:43:04,-1
55828788.8246789,66.79701823940977,15:49:25,-1
35195765.6957616,270.20342085166703,16:09:25,-1
28747013.18526072,207.522562404834,16:06:29,-1
76579078.2713721,73.9800965377388,16:11:29,-1
12881012.090808842,265.0033636101684,16:11:59,-1
83555028.3973816,262.1490750148787,16:11:18,-1
72899233.77588418,316.1390532425617,15:57:59,-1
53946446.6653866,11.394746370077248,16:07:26,-1
17907967.115524508,272.69262225743057,16:05:18,-1
44123743.79595672,146.82360423027248,16:22:02,-1
31151204.418282,264.3009890953995,15:55:04,-1
2231793.228708075,214.9616887976381,16:08:50,-1
2152554.7951303567,32.2260014828901,16:01:19,-1
45156869.73714919,57.4266780824507,16:16:41,-1
25354111.79225037,333.4625546422617,16:08:36,-1
61068626.79835805,136.13461266783094,15:46:58,-1
7598421.766642392,46.319989478422,16:23:46,-1
56828066.64973392,176.02859071269057,16:23:07,-1
84329398.01525037,297.97915360260293,16:11:43,-1
88601815.40797037,101.21252237258814,15:35:57,-1
34270456.932946995,278.3263535419041,15:27:12,-1
75662427.70806277,290.9284771751907,15:58:39,-1
9298283.619747331,303.95946190144065,16:18:56,-1
44202268.10689888,321.3725982650893,16:17:24,-1
35142072.60211586,155.94503728491685,16:21:22,-1
65043444.34582786,25.163437994104164,15:52:02,-1
70995063.48067154,168.2034293106823,16:09:35,-1
74601496.87333842,205.05228271262044,16:03:03,-1
87335028.23816912,67.59412880016035,15:33:29,-1
67626644.25376604,358.4283065302638,15:51:39,-1
84282109.08841495,175.86051983920171,15:55:54,-1
75916371.22838159,192.87738609954863,16:00:49,-1
39327357.34397398,119.29631707248004,16:09:06,-1
40995492.65388142,86.29794543325441,16:24:45,-1
16101547.92865636,297.13000928732515,16:17:27,-1
25735752.898620963,200.4904092409903,15:31:25,-1
7581800.237230231,328.3630138860449,15:58:42,-1
51846262.98927511,235.40633097876315,16:23:12,-1
17736561.29861668,240.65212305893155,15:29:22,-1
59416175.90979089,267.49196589810504,15:31:41,-1
27239468.013420865,173.17605010148006,16:21:38,-1
34696242.1559787,332.6237151991732,16:10:19,-1
4328426.522457188,209.91204026649729,15:57:29,-1
54797589.23639646,83.65446488169138,15:58:32,-1
13686002.785906956,273.55578267433475,16:08:16,-1
69321384.84473602,279.0982038748165,15:38:25,-1
41189665.48861464,253.51036782758948,15:40:56,-1
38265476.70642772,250.231827729902,15:53:46,-1
21978225.49408507,312.4290438705871,16:03:39,-1
10931058.541081335,213.05164513615435,15:27:10,-1
25365935.179673444,190.5741159615836,16:20:19,-1
2677014.4336365475,267.8282863215624,15:41:00,-1
27313093.31524308,7.485242948674493,15:50:55,-1
85176914.63452104,358.3841021698181,15:29:28,-1
56036683.24244271,322.8316983856892,16:17:27,-1
31070136.203914423,342.2689771449349,15:28:00,-1
49119164.34430863,215.51397663786636,16:03:35,-1
33392784.439004067,226.15162274258503,16:03:51,-1
36122958.058425546,99.16915612069552,15:37:34,-1
10345525.42795042,231.5115924114448,16:23:57,-1
60840104.81257752,199.56020344371075,15:56:24,-1
39351603.94203915,12.998617366613372,15:41:59,-1
65406083.2187237,199.58187259895448,16:03:13,-1
26328070.538250763,238.88434548159765,15:48:00,-1
80802572.5416495,206.57729912005647,15:28:01,-1
75100146.2646524,38.75939706026759,16:21:37,-1
56134993.63920518,143.9201813046822,16:19:49,-1
76709319.13095371,272.4344549033179,15:32:23,-1
11659467.827536266,246.25863322497787,15:52:47,-1
43323228.51715932,266.66429754259383,15:38:44,-1
59317970.7505974,41.46134604369861,16:16:29,-1
88840083.95019548,51.16572405114974,15:43:35,-1
33270402.847074386,323.5323844147121,16:09:22,-1
58427433.39850708,69.84620237131425,15:34:52,-1
25081579.97186026,332.39328419851574,16:24:59,-1
59024865.03773726,154.2521918456515,16:10:28,-1
82037257.35824974,356.72980233711,16:16:48,-1
83728921.32400957,198.1101084834417,15:37:21,-1
23539651.631095625,207.17308921423023,15:28:07,-1
81742333.09368329,65.49545310026768,16:04:23,-1
34192857.02492719,275.0414525725564,15:41:24,-1
53546455.56630798,139.42202154607068,15:50:43,-1
54869960.92898745,28.254966298647503,15:54:07,-1
65377204.44143179,149.91806249024003,16:14:25,-1
7420856.457500029,188.2399969524537,16:10:35,-1
22186234.22994349,22.495948495494357,16:11:50,-1
43658481.70303645,89.91941360075923,15:38:20,-1
88114081.93125577,255.83273937237828,16:11:58,-1
56689433.5000071,180.27906694549225,16:06:02,-1
52664836.94224935,26.045177388407566,15:50:17,-1
23426817.131325737,217.424521076161,15:33:47,-1
74519944.27681677,196.4965391196402,15:41:12,-1
4156454.8588584806,73.38768544527454,15:30:19,-1
82298699.7446238,304.3919809878361,16:14:06,-1
36745439.7884999,340.8140800529909,15:53:13,-1
10827276.689181654,295.4052189532168,16:23:36,-1
77467708.38070261,160.0241805264057,15:47:24,-1
31376538.44671361,184.11755155990167,15:39:39,-1
40898993.50193423,54.39012965255054,15:28:33,-1
71484339.47350138,211.00238142297715,16:23:34,-1
69598051.71276867,33.37045483310557,16:20:48,-1
40921244.602593966,31.9717577373741,15:45:49,-1
640888.2743282596,106.98093728453944,16:08:55,-1
88840932.62712516,238.4249769398084,15:35:08,-1
79558159.68503323,237.2412109681339,16:22:35,-1
56678543.3840655,122.0709764854251,16:24:49,-1
41868261.89529405,71.5884862102766,15:42:16,-1
61089575.09896519,284.25565994535634,15:41:09,-1
61444204.95234396,205.10411770782244,16:12:36,-1
63243962.5041324,225.97438767284305,16:02:20,-1
10461718.65325155,325.0195118480048,16:11:41,-1
24320981.32476038,359.4222438779444,16:20:27,-1
7073888.817156699,253.7139019697294,15:30:24,-1
67580036.64290616,34.137709919189014,15:46:23,-1
62531704.96587615,156.5716818966409,15:29:08,-1
63884260.146816894,158.78936503788827,15:44:10,-1
51184580.254324414,108.14339024578148,16:00:09,-1
65359932.08470704,17.142078954332703,15:46:32,-1
60499470.69402125,68.82195159395725,16:21:42,-1
2558657.146171153,317.48622488001945,15:35:35,-1
78321494.78084002,37.38601196452117,16:15:03,-1
84340455.1300251,186.40043038391656,15:35:27,-1
21054598.608381093,145.83388860122295,16:22:49,-1
22889463.12206985,22.8123765530394,15:59:20,-1
86458317.70533921,154.30788804544125,16:11:39,-1
49091932.88338132,56.94950018437914,15:42:45,-1
60589218.14914293,43.86488215620919,16:13:14,-1
6844009.688195274,30.46450093114702,16:09:38,-1
77444516.35440633,131.07828851360622,15:52:35,-1
26806744.032944266,228.85185275714863,15:40:52,-1
10907672.50796039,284.1444371157841,15:37:09,-1
79121071.3814275,55.0269581343392,15:39:54,-1
58307319.407946885,346.2958181173047,15:45:50,-1
37052759.20519728,339.46245376516407,15:33:20,-1
53861309.525648266,195.13276766594163,16:18:11,-1
81508818.44045606,22.8357427993834,16:19:47,-1
2980936.561857901,271.1407941050773,15:53:59,-1
45566246.02978423,284.9740984215257,15:45:46,-1
762045.8026924244,21.13995733454815,16:17:34,-1
47664902.76160324,255.5369646988325,16:05:13,-1
8922689.211551838,282.6560087256983,15:40:46,-1
55203077.87737478,122.1732950665895,16:10:30,-1
55388693.07613759,11.27060489840054,15:31:14,-1
55530550.9800188,4.156199080918159,15:59:14,-1
27050534.74435005,185.77505007821776,15:40:10,-1
45305782.93091038,225.0763993028185,16:21:15,-1
74013731.3579143,74.01899418349686,15:42:12,-1
85838858.4986741,204.54273442575308,15:43:42,-1
50961894.50418087,14.18490856803852,15:59:24,-1
40917543.49048789,146.93779673856056,15:41:41,-1
28110402.237362627,234.37000245017035,15:36:30,-1
46500643.489967726,86.24895691402234,16:24:59,-1
75427242.75103888,345.6592314099636,15:59:13,-1
899507.2336623851,143.43434041272494,15:57:02,-1
12044439.546094928,13.860229868174528,16:01:17,-1
62534801.37561297,82.27856416456416,16:16:43,-1
88048060.32425414,98.39405331473738,16:12:13,-1
58969496.70672391,139.7513594101573,15:26:03,-1
59618132.29833935,351.36369629939963,16:24:46,-1
65144045.45269154,192.65452409748988,15:26:31,-1
52545640.89832923,307.8659610555721,15:29:21,-1
45720680.80106006,169.6971234467556,15:37:58,-1
20970152.584086213,255.6457294374632,16:04:58,-1
22483342.188861378,263.1839823988103,15:46:46,-1
30363770.65838269,161.60872899916342,15:45:05,-1
23099770.576114032,251.1987632083509,15:35:24,-1
1021547.7273830516,169.19526300580588,15:37:11,-1
25741609.53961743,50.20432401927473,15:56:40,-1
85256652.3810286,107.08004297132295,15:45:05,-1
47420592.32732995,197.05535989938303,15:53:46,-1
70574863.43946254,215.65453796965343,15:34:24,-1
33504085.413951043,43.210180734809626,16:20:46,-1
24601241.53224865,274.8743877777149,15:27:26,-1
88505899.72134519,290.77450612837004,15:47:00,-1
38605827.17959795,244.18026204954637,15:50:25,-1
52742934.50986761,93.3149333220004,15:52:03,-1
68288920.4336615,149.19278995059662,15:45:18,-1
23352733.165336262,5.886787952716146,15:44:34,-1
32096108.371715657,14.227508332701412,16:05:27,-1
7664419.392854804,235.65970401859545,16:17:07,-1
77602235.50937127,165.84888481759324,16:05:10,-1
42584150.56407165,185.093763668844,15:54:24,-1
84999575.35449639,331.34380832867373,15:51:44,-1
10548864.849994209,131.9588591004045,15:43:07,-1
61086294.09153033,203.7303918500962,16:24:56,-1
50527135.599852,30.02633048056066,15:59:34,-1
17883264.59769643,288.0327401656315,16:25:13,-1
80293629.42348923,51.07913074485712,15:30:33,-1
51946828.65999105,183.98870311911148,15:28:43,-1
51402512.392148405,1.8134467847661109,16:15:37,-1
14446052.778804684,111.7472341689356,15:50:48,-1
55695875.83709508,327.2988632602363,15:28:27,-1
51509065.59210877,274.84467643757586,16:18:15,-1
38838604.93856984,146.99995838286912,15:41:54,-1
5981056.086374718,186.21787373181516,16:08:56,-1
74887530.0043478,288.45707870354914,16:15:56,-1
47582479.46531094,35.840284432765365,16:22:36,-1
57903709.34994584,78.44004770114005,15:30:20,-1
80146082.06774655,178.28956416917634,16:16:04,-1
19027700.802771386,150.28624097881286,16:21:23,-1
36843932.21828192,261.38427382622206,15:49:58,-1
4142414.482340519,356.1565355528781,15:41:52,-1
36345961.03799621,198.4276037648284,15:32:57,-1
6169935.694542702,71.83182719596708,15:25:41,-1
68030332.85961856,357.06359882535475,16:10:32,-1
32252173.79626889,195.758129799888,16:04:58,-1
2381605.092363417,124.5899771411595,15:28:21,-1
81446374.4798637,47.88213989151994,16:18:54,-1
58531568.72506703,179.0669286548689,15:30:03,-1
44592103.07504891,221.6229329723845,16:02:11,-1
5542462.756193956,168.38499626268091,16:04:32,-1
27445752.40019932,197.50819834775885,15:27:00,-1
37153425.005004056,341.4440268358546,15:42:59,-1
63327714.71625429,208.0813390651842,15:27:44,-1
25781380.746549267,156.7336726798233,16:25:10,-1
81926537.0619528,295.8390692885699,15:59:03,-1
7622489.574692639,85.42287569347108,16:12:55,-1
88777850.42668974,294.97030628591733,15:31:09,-1
25745736.790599443,132.13141881830418,15:58:54,-1
13616698.945298668,30.19034349364159,16:03:34,-1
53966489.81800063,300.12342741718174,15:38:50,-1
22371334.434834,159.2885484515938,15:57:56,-1
60086706.02461647,167.94335144503566,15:54:42,-1
3147282.883231198,158.0874005942943,15:27:27,-1
88205671.5783409,192.68325039730456,15:30:59,-1
5186838.671475855,89.87288892866272,15:53:13,-1
49241832.72525787,164.57531661329136,16:06:52,-1
56429346.85921827,183.02964623010112,15:30:38,-1
12281746.1421573,117.33862871711509,16:13:56,-1
79300978.25802684,337.701563921765,16:07:00,-1
53643856.608089775,122.62011406960616,16:05:31,-1
49211748.705763794,145.5732474776544,16:06:35,-1
547154.6152870493,52.477526541721645,15:25:56,-1
12797381.917316329,162.69696281108398,15:36:46,-1
85649155.82341771,244.6400675677624,16:14:54,-1
41229837.11551793,65.43127041119556,16:08:10,-1
45748576.35038003,330.85316142636435,16:02:16,-1
60201517.85787718,345.37734427379263,15:42:41,-1
65523127.65443488,114.64541484957005,15:45:42,-1
80241363.55792046,137.31684694383696,15:57:13,-1
81097986.52593374,29.217696005668977,16:02:17,-1
34089140.37773445,263.5285860382356,15:51:02,-1
42606948.5881912,237.62424185217415,15:47:38,-1
5027253.403907791,62.90066607383333,16:19:44,-1
50936507.06536272,122.76310543181324,15:48:30,-1
29763897.1200661,179.25806594722516,15:43:10,-1
46301839.7362415,68.90893104692208,16:02:06,-1
43163432.493887424,68.97151458383195,16:19:16,-1
2982587.2743326854,288.0205603132062,15:33:29,-1
12496353.160629502,34.422540024324626,16:13:23,-1
51058237.43543741,0.4469661943677572,16:07:09,-1
70430894.4948745,222.7840264736618,16:19:50,-1
27286511.995610785,291.7098464309607,16:14:01,-1
72313490.78619441,316.83684614307646,16:23:28,-1
83780281.38901004,118.96472192823198,16:24:54,-1
59807859.95788298,67.2062049012325,16:25:28,-1
43668916.4465975,330.7959969702822,16:16:07,-1
20536558.30018515,333.1143583045755,15:49:22,-1
48950462.80889541,143.74078736332947,16:18:06,-1
55510406.92207548,79.50072679691793,15:38:42,-1
31526870.79498433,57.58314552081238,16:17:00,-1
24144641.92906772,167.23698672837364,16:09:40,-1
46705485.14996855,6.354526687932687,16:24:26,-1
54043964.037017226,349.3287660996358,15:53:23,-1
10519309.685934689,239.2130222793499,15:50:11,-1
32185551.426148444,261.42816555017725,15:39:08,-1
27679362.19773751,295.347253242629,16:02:24,-1
58088369.05949501,43.16098937879666,15:56:09,-1
22421584.087371357,3.463294355035531,16:20:07,-1
919450.6300735098,258.25313272726703,15:45:26,-1
5685762.749073906,36.55571078233838,15:32:43,-1
54038836.08234712,286.7431722323608,16:22:07,-1
39694424.36577241,30.052523557337,15:45:13,-1
86230797.32173297,6.977810398432145,15:39:34,-1
19341303.709545694,19.97151920235481,15:48:23,-1
29679650.11920547,70.58457214772402,15:55:25,-1
30747514.57785282,223.85715026562644,15:44:16,-1
61824176.50776242,167.26318186972517,15:28:13,-1
40617476.18606077,219.47070479897255,15:51:32,-1
13234445.526213463,242.4350542352028,16:00:16,-1
55194938.39782335,272.68754412775706,15:36:22,-1
57766362.40792136,232.1431206693508,15:55:42,-1
22654397.089136597,62.591857990658376,16:02:49,-1
54405236.78746409,162.6698975484233,16:00:55,-1
7769828.773745847,152.90693820256104,15:36:05,-1
65256862.580887295,170.4097888748439,15:55:51,-1
13481833.56841387,211.7301644611941,15:33:21,-1
64744902.73078527,215.84179051501656,16:09:02,-1
78423654.93470183,74.25229433718917,15:31:00,-1
2890411.714108726,156.80829858764858,16:16:40,-1
54480846.45238765,295.5353971746972,15:57:10,-1
21442713.720833503,0.0686493630306728,15:30:21,-1
7044412.0160419,6.041444699503669,16:19:19,-1
22519917.94293222,157.961782595048,16:20:27,-1
16182969.82351399,326.18708743275465,16:03:08,-1
31454217.920493428,48.3474323897922,15:56:53,-1
49909755.83491221,342.2563908232981,15:47:05,-1
70190238.82741219,194.294708718684,16:17:19,-1
26537967.777883936,146.40748917336157,15:33:01,-1
85526583.49360806,276.10649755078884,16:15:12,-1
78509151.08738439,204.2513497595291,15:48:36,-1
70410461.8120922,134.3339145498752,16:19:27,-1
45040787.547758594,85.41962880196398,15:56:20,-1
20340318.482012395,280.6320166065342,15:40:38,-1
62989932.63842848,292.9144917451544,15:30:44,-1
49525350.21399341,133.82638057928335,15:48:39,-1
28657632.892443463,27.348232741069324,15:45:44,-1
82031970.11027154,136.14192234971932,15:46:54,-1
69739351.92016143,233.04827433459124,15:27:12,-1
45378310.71588529,222.0110271759685,15:42:05,-1
68470596.86229293,121.51064893107448,15:42:16,-1
7164628.729161897,112.95612138911576,15:54:47,-1
16921464.13491848,189.43069464870143,16:24:10,-1
89035346.5642441,84.08972591050683,16:06:19,-1
58655600.97291584,260.50183398949144,16:04:34,-1
12447954.02218372,109.45949089611942,16:15:31,-1
47114664.84729254,26.771514955726104,16:17:23,-1
34500857.91163152,149.7952028662144,15:54:18,-1
37718367.26806962,178.88111620620785,15:57:57,-1
34433720.73368957,155.94489669474552,16:08:52,-1
51017026.69598626,158.08194021055857,16:10:02,-1
83216178.88315968,152.98044459264713,16:10:00,-1
4411938.964058707,123.28065418133582,16:03:10,-1
41864888.23526307,331.4151771717153,15:44:16,-1
60767271.10329077,238.87826763685388,15:47:38,-1
15242937.12281602,182.79804027077557,15:48:06,-1
61035967.1070554,176.5153245842061,15:56:18,-1
7484115.606197262,102.1347464742516,15:56:15,-1
79474768.36180593,149.19876892041572,15:57:05,-1
21602285.60163979,188.7026644093864,15:58:31,-1
34381831.09758443,2.678390206600989,16:24:46,-1
13226386.662911234,137.40269025089168,15:32:38,-1
7637590.32043039,35.57388546884896,15:26:37,-1
44247386.28963525,0.0473112859040814,15:56:21,-1
23729356.798150983,294.8960943566604,16:00:01,-1
44912530.61334757,107.1431860955234,15:28:43,-1
33163576.725430883,259.7330282300318,15:48:10,-1
49140810.91146452,32.81074555944989,16:11:51,-1
2337170.828918084,59.64396783487529,15:27:48,-1
52958937.26124611,144.9555427090885,16:25:04,-1
37448729.39277051,230.1885438945665,15:59:25,-1
10848887.575557131,207.8539657888496,16:24:45,-1
39061286.56579268,58.2872780889079,15:32:50,-1
16829914.50537387,262.22632298192127,15:28:15,-1
62915198.9384414,349.60477866476054,15:43:25,-1
37877123.9205,85.99730599019001,16:09:34,-1
49596682.01846156,151.17123099222084,15:32:37,-1
24922793.402582288,341.83258194047824,16:04:48,-1
78112674.4692116,129.04766470080023,16:03:54,-1
35726157.465884015,341.1199320026092,16:13:40,-1
58546463.0096309,145.634983996035,15:50:47,-1
10155756.333680432,331.51435545299626,15:28:07,-1
45611006.04243614,268.11606760875094,15:32:22,-1
37301177.83990306,223.75496158356228,16:14:10,-1
61182537.880823314,58.57156676138984,15:30:31,-1
3272155.85749618,314.95246290745297,16:25:02,-1
24443099.075117502,71.51256622540323,16:15:46,-1
63154733.14611806,172.08328481139077,15:41:19,-1
67600266.64435361,190.2304841724253,16:13:44,-1
5013091.780637239,62.2656779974244,16:25:15,-1
88085177.92916338,291.5007904930057,15:55:16,-1
68222117.34946938,70.43842799879098,15:35:26,-1
14558257.29954208,121.74894920873255,16:08:00,-1
68200870.57734042,21.385627499619915,16:07:33,-1
65872377.56024788,293.07758136397763,16:08:51,-1
26971697.525096174,151.10420037781464,15:47:14,-1
83517675.16121875,91.18017604152546,16:03:02,-1
37915237.33110645,143.11941303947793,16:14:20,-1
47037275.3872685,120.07627152126378,16:22:57,-1
28441593.983774096,59.1592888659643,15:52:47,-1
76707496.5024663,336.87301031638265,15:28:37,-1
53328684.66982286,105.23821252560754,15:39:45,-1
46096412.89014372,178.4861305288932,15:54:30,-1
51557964.69997864,15.607265379833116,15:35:36,-1
73635885.85809006,236.8446072831218,16:19:11,-1
23436403.1483533,186.7875087087849,16:13:39,-1
5376989.562776397,182.1331072369981,15:35:04,-1
59694537.04473662,70.15972129588661,15:32:01,-1
32460603.70196535,346.79175300697324,16:14:10,-1
27621465.76789546,96.24107837235395,15:28:17,-1
39863984.62265735,39.40297830399603,16:16:51,-1
55169928.89239623,226.55871705764116,15:44:11,-1
88001640.97512119,164.268128470212,16:23:27,-1
58372127.593023725,201.6399450003229,16:05:11,-1
8652389.66991943,9.651227600554,15:52:29,-1
23613120.25968313,291.9819901427786,16:24:29,-1
57261003.96111047,15.408252952975868,15:46:01,-1
54969086.53300892,306.61746666707137,16:07:42,-1
19977646.31492972,135.89987275898662,15:34:10,-1
74260692.28968437,223.59761124794565,15:48:49,-1
61941549.60391782,301.0638019702677,15:58:47,-1
32938708.6895026,219.94632146405684,15:48:38,-1
46164021.53761008,33.738749355161886,16:14:55,-1
60352101.15438569,8.648974531603315,15:58:29,-1
65855519.66737304,43.55619702884697,15:52:00,-1
25432691.650197487,229.06995339888812,16:18:35,-1
38479870.52992177,100.75769342375638,15:58:08,-1
51446742.0372038,223.6822283005608,15:29:14,-1
71697519.60525401,245.41214530708524,15:53:53,-1
77059720.09803618,327.996590962814,15:42:16,-1
27637684.204905875,235.76496832669088,16:23:05,-1
75324239.59908493,80.1105412543188,15:46:29,-1
30659133.90052205,137.45003182583238,16:03:14,-1
18663145.11593909,268.52289865848275,15:35:56,-1
40486611.05369525,130.57238718043183,15:29:13,-1
3845233.075817525,196.32634446857048,16:13:27,-1
53026301.67349424,290.18858140114054,16:16:25,-1
77818894.6661943,292.0903610283424,15:57:58,-1
53480144.06377487,139.46994789437616,16:21:14,-1
469770.0239249141,95.22621598083543,15:58:03,-1
59000487.8556226,296.6389412067616,15:59:35,-1
58534589.572536975,296.8379354243851,15:29:23,-1
30799173.234886184,283.14143929429923,16:20:43,-1
27873643.628337137,258.0834859342684,15:43:42,-1
20356926.53044656,133.82442393175862,16:20:30,-1
66343088.70605464,277.1211861811143,15:48:00,-1
75378366.11956213,172.57406725698493,16:13:25,-1
76200056.55598633,254.35922813321935,16:10:33,-1
51659662.08628158,41.904749269260456,15:52:07,-1
17772279.93262388,221.5306702554052,16:19:45,-1
38561434.08701895,47.9332432576411,15:39:15,-1
80226973.09902026,143.69271942816965,16:08:23,-1
26298785.95465569,311.1646584287151,15:28:27,-1
51500591.39784618,294.1399055113286,16:04:28,-1
27762832.10632753,325.04856107161515,15:50:04,-1
75942321.61283796,179.77824059596014,15:49:50,-1
52334469.66935809,150.0821723630403,15:28:40,-1
76231620.31027463,309.82218334748865,15:54:22,-1
51892543.53124274,356.8421171941231,16:11:31,-1
35502070.56544986,44.066807273100046,15:33:41,-1
4203861.171667539,182.99421957219892,15:26:25,-1
49797447.51364672,249.30537082959648,15:54:51,-1
20437037.04471718,306.5413731005537,15:50:59,-1
13166029.830989975,60.262775119300485,15:53:12,-1
37189138.446484864,52.09214084180344,15:37:04,-1
3485615.2714922237,232.8742516026335,15:30:39,-1
70669786.46096303,189.92241614316072,16:20:44,-1
57044374.64302572,213.1420845633596,16:10:10,-1
26940122.781925872,76.5911263916262,15:58:32,-1
80542459.95187992,106.44186482460748,16:11:20,-1
46736117.84349818,75.05254357170269,15:26:44,-1
14067993.051192733,317.357059346948,15:38:50,-1
16884070.65875905,257.4741829921553,15:30:53,-1
8846795.825904999,202.2065491492252,16:25:05,-1
19500431.1329227,267.88975103013587,16:13:57,-1
55081540.00090188,325.7644224566611,16:21:23,-1
13650226.85157161,74.27197943008152,16:22:13,-1
289045.26675565384,66.5481772568428,16:18:36,-1
86825180.98390953,329.7461514532756,15:33:26,-1
37759383.593673006,284.61840139614554,15:39:11,-1
80956840.48302552,191.3441745096225,15:34:29,-1
20551596.055805013,278.6271300346767,15:59:52,-1
61932115.42909332,44.22836069451304,16:08:42,-1
80940326.59556952,98.42922728736217,15:36:08,-1
49418681.50631171,58.277374833386176,15:57:07,-1
22448225.18234556,77.10821431291805,15:50:03,-1
36283266.51561402,216.66283953709245,15:51:43,-1
89648913.31410325,203.83953475650617,15:35:55,-1
67879617.77018361,87.89778407959578,16:02:41,-1
64098156.56215373,310.7058245254581,16:13:21,-1
70077821.33072004,232.83719057540088,16:12:53,-1
61377174.08835622,211.4437161478552,15:46:15,-1
5222764.977476718,86.39625123856473,15:26:02,-1
78301517.36732769,160.4358506119201,15:39:35,-1
16061254.48284659,202.1126479932425,16:25:18,-1
20250088.159310345,94.68002686083516,15:53:01,-1
37507439.06664399,4.536403809156573,15:36:27,-1
72277914.07467559,182.1801744148709,16:22:32,-1
8783618.246489698,332.3488435963125,15:40:48,-1
85015191.05248822,313.31149724043286,15:58:09,-1
17423095.989368033,112.60360124484528,16:11:57,-1
61406362.82397294,33.658206182815896,16:08:38,-1
71119408.44512875,45.66611813293856,15:28:09,-1
54510719.58533336,91.38625824046498,16:24:06,-1
6134204.945716899,216.2817589257525,16:11:03,-1
81131240.47992884,315.19963197763576,16:14:15,-1
37386177.87619769,177.63704029044993,15:55:49,-1
81669894.25587556,169.61539713895723,16:02:49,-1
61717139.991205625,329.5157557915328,16:19:07,-1
76412043.29928117,265.8568874184398,15:45:35,-1
2210097.5262583843,206.51920405978015,16:08:36,-1
58851462.11094381,118.84646012625424,16:12:24,-1
13854057.576353088,275.2648843817732,15:38:12,-1
49401428.03973177,7.827575849222303,15:50:30,-1
13898439.925582722,60.20649980003482,15:34:21,-1
29284739.24933107,194.8766304832712,16:16:03,-1
54059542.83877525,167.39592607750603,16:10:11,-1
84742436.79872724,309.496240206083,15:29:28,-1
62933494.32632834,66.04612631262482,15:42:06,-1
15399090.660237702,311.80984123178973,15:25:44,-1
33846532.59746098,154.55836153412633,16:21:31,-1
19520608.88319158,331.6809241288413,16:05:30,-1
39415654.09099788,305.25431336074286,16:03:49,-1
7987834.420170211,283.3363735494914,15:58:06,-1
43027764.81099851,22.83716899443657,15:56:39,-1
4308274.758742509,222.0746212455268,15:28:40,-1
9565842.501086077,310.9967191692514,15:44:50,-1
84935012.20264108,153.77089505148746,16:00:40,-1
7942904.586649253,297.5648006837731,15:31:16,-1
65647788.522575386,358.1232125661592,15:26:38,-1
51870775.46965012,106.24888329873652,15:37:56,-1
22111689.88071977,357.239465738757,15:56:06,-1
44401288.473749794,151.38576072562236,16:21:26,-1
4529629.502724364,91.50375334768316,15:28:34,-1
2885637.4738972066,11.96215101364206,15:34:08,-1
37126256.32385105,145.75826252478834,15:34:41,-1
18103492.655959103,342.1535066345596,16:05:00,-1
43497944.40163341,124.01255800859116,16:22:45,-1
13905241.523779595,350.02542556157266,16:21:36,-1
65991109.59483715,288.9957618161196,16:00:37,-1
55198281.85623879,24.48405882984097,15:33:31,-1
56849778.929821685,133.33574891209474,15:31:31,-1
26976455.100858364,16.42641021716965,15:36:27,-1
86655796.9798351,241.87320386306365,16:10:13,-1
65919636.39405609,54.05479094472372,16:17:27,-1
27817736.730753724,280.41377768783167,16:12:17,-1
85099826.36811927,351.9496236797412,15:59:40,-1
56618911.99288072,216.49385987275545,15:39:16,-1
78100375.7253599,113.1935714723246,16:13:52,-1
21628167.3836966,123.36774795079565,15:40:18,-1
24366017.50290432,86.28599272392587,16:06:00,-1
25624181.14193444,265.21823830420584,15:46:18,-1
47389000.44056558,105.55210997155814,15:40:27,-1
19664832.96485893,172.08939667224206,16:24:23,-1
23297718.39798682,152.2931342466946,15:52:23,-1
64178343.93063155,21.51790755463828,16:11:01,-1
16099132.222755628,120.24587448343163,16:25:23,-1
1613367.750127346,72.30038203000657,15:32:59,-1
24324627.29441693,64.33462552103337,16:10:48,-1
58454260.92500228,261.5953713813946,15:28:22,-1
26847442.71401653,349.7281475309066,16:22:43,-1
21735909.839181736,203.7870477906164,16:09:53,-1
50968005.40905079,280.98117296800007,15:38:24,-1
37845119.52835866,334.90209053884905,15:40:25,-1
26303589.219523557,227.36980706309055,15:40:26,-1
56108290.64824638,224.4063411624241,15:27:58,-1
27049896.42215707,130.53698715701694,15:53:59,-1
74700788.43612261,195.8576412254136,15:53:22,-1
72922741.83169994,305.66203432732385,15:54:10,-1
7786768.831162058,205.2506259586389,15:47:08,-1
4156315.5239902567,150.0672872886947,16:05:44,-1
429171.23453111167,218.5724109718428,16:13:59,-1
11686725.813891483,17.14034221548285,16:20:48,-1
61812640.035712086,277.27753658780915,16:10:45,-1
89835540.15588225,301.70662000030586,15:30:56,-1
49939749.888380006,79.92498473499141,15:27:33,-1
50297840.81496316,73.03041945444947,15:34:47,-1
18233344.13979249,46.68990816255667,15:39:51,-1
9799455.312667,53.59631217235541,15:54:30,-1
3164316.8864983832,210.2079110444052,15:35:42,-1
49427283.19292203,296.84886021840464,15:39:31,-1
47543189.18859319,251.98245454139357,15:40:44,-1
12699704.621880217,178.35877163666683,16:23:07,-1
50323529.34946058,108.25535052501598,16:03:51,-1
56220448.54983365,227.76556156909635,15:48:36,-1
85624986.00823934,259.1987032746827,15:49:15,-1
44707872.12548921,59.56358047128708,15:58:38,-1
62696054.56496878,183.5932268293852,15:56:37,-1
84828715.89257325,273.7969796656554,15:48:37,-1
15492774.626327122,190.2296601456067,15:49:45,-1
36972920.83681418,288.781822410885,15:39:49,-1
57087894.05700312,297.6489480765328,15:54:50,-1
50873135.86514626,346.8477091023413,16:00:53,-1
77079205.92884171,220.58415508796688,16:07:58,-1
79095344.31930183,67.75948204295253,15:40:15,-1
48827756.32524517,42.77681946106087,15:34:57,-1
85383034.92202483,18.2639561391466,15:33:49,-1
84218065.60089612,213.0262783362172,15:31:05,-1
74639775.3146287,123.65222979250356,16:09:19,-1
81876244.44732633,317.45903719785684,16:13:47,-1
10816791.77676358,226.830950166332,15:40:48,-1
69471316.31051235,21.236438879513525,16:05:17,-1
28560843.16717354,7.435290661793541,16:23:31,-1
33355976.17592324,57.538037724754965,16:21:05,-1
81580540.37401263,234.7970416079531,16:20:53,-1
17157443.77843005,110.71827560323368,16:11:19,-1
35229479.032931246,230.1406015392701,15:53:15,-1
55183104.32092817,352.63757762505514,16:15:34,-1
53105160.805855535,123.13464487045243,16:19:37,-1
21982490.47281644,285.9952030837831,15:31:20,-1
13334305.262554342,93.70187544844384,15:47:35,-1
78263182.34273103,55.31100918658598,15:35:43,-1
87677053.29856487,36.75338359925645,15:48:43,-1
39112882.490537696,164.00318746731935,15:32:32,-1
75658672.77218035,150.0643942713066,15:53:22,-1
69005616.6598933,267.6116714820603,16:12:01,-1
9105714.668851612,253.014173199125,16:09:51,-1
56267473.75719392,18.93977979948448,15:45:48,-1
33356268.35084576,291.53974073062443,15:57:26,-1
56585549.91665717,198.8580341260956,15:40:42,-1
19211077.996845163,100.34038029636297,15:37:54,-1
31618930.97162865,72.8518579761801,15:34:25,-1
18484055.696209416,282.6202703688152,16:09:18,-1
44721925.17667033,233.5946766151436,16:20:26,-1
47196259.46233781,86.6694051479677,16:04:12,-1
5541784.680019678,237.1725760466205,16:04:00,-1
30131443.199864004,227.797701527575,15:48:40,-1
5297171.877411244,138.30024815824328,16:13:11,-1
82724951.84850551,42.12508313400251,16:09:55,-1
24611756.60709566,280.77245540792933,15:38:53,-1
47228649.94761697,220.53116019562808,16:21:20,-1
77827934.63729705,259.5396014788555,15:38:41,-1
53349930.18152631,222.67571272982588,15:34:41,-1
47193469.007127896,33.359673789707344,16:09:44,-1
9923846.967533655,332.5415699681599,16:24:48,-1
52821434.68487133,263.7854351912885,16:08:55,-1
19789160.954791542,283.8025295375664,15:29:58,-1
3173695.4249866875,101.87699613113536,15:43:46,-1
73762870.91116236,276.0961163467249,16:20:09,-1
49680813.62829552,256.3333569472792,15:58:46,-1
63222470.644446895,176.25502532688964,16:18:16,-1
7777783.169078854,292.03122512959214,16:13:40,-1
51260283.59180886,36.03717987565097,15:28:09,-1
10551999.48895528,12.851238633837706,15:59:34,-1
58641727.14197069,279.43144425930774,16:03:26,-1
42643487.9689536,263.7186122723044,15:34:18,-1
34653636.26477572,134.24586849804066,15:55:42,-1
87898127.08858392,117.15233707018804,16:19:17,-1
23524204.51294488,7.861168404950605,16:09:24,-1
27449457.29985226,35.09842602897214,16:11:09,-1
44680942.4403202,343.8371504933259,15:26:33,-1
85676159.79590347,28.134235207339746,16:03:36,-1
29507545.57779316,152.01113626508786,16:15:14,-1
82005071.58451945,341.4721269346142,16:13:43,-1
20376842.834929265,98.02713204269936,15:30:46,-1
73309871.09509109,144.5628510674978,16:23:24,-1
1657750.23126895,198.7997687679221,16:24:27,-1
62784494.664489165,310.9382693898162,15:45:34,-1
80112250.7914678,170.21100986575536,15:33:52,-1
72083635.0251969,82.59195431921715,16:07:57,-1
56219143.264055714,95.877134119177,15:39:04,-1
74448273.46467714,219.7978837279477,15:54:48,-1
25300006.344786923,256.20006244814164,15:46:23,-1
20672676.34734277,66.92420191421105,15:27:51,-1
41725015.99073486,193.73584171835412,16:16:34,-1
41048692.428272426,46.730913102958304,15:38:17,-1
20099289.34865929,319.7398923459516,16:12:07,-1
54138630.093973145,314.6871329436282,16:04:00,-1
14352078.13677355,203.26312769782288,16:20:39,-1
85721093.49792796,169.70418222280085,15:29:32,-1
62622135.43555209,145.7073468462216,15:46:45,-1
44902375.94214632,330.883689219332,16:00:01,-1
3121877.357872091,77.99520607402741,16:20:02,-1
75205352.22680904,69.9857607389658,15:51:33,-1
73307453.60474835,303.0722075248091,16:09:13,-1
20798578.16462152,273.47433618328176,16:02:40,-1
32040983.5397825,205.12046258270632,16:10:59,-1
87750019.02433415,276.8049571890918,15:49:28,-1
75949933.29727085,335.97276085951023,16:23:50,-1
38615548.45668838,140.78679534672784,16:16:34,-1
72280908.4328115,5.019300768406447,15:30:39,-1
69669435.61831875,32.14699620017704,16:00:04,-1
54549493.86750887,185.9135980833719,15:51:51,-1
68914998.49111319,87.80784382180737,16:16:56,-1
28100078.33837392,33.61232315495573,15:54:56,-1
31734178.53812979,144.45162054032508,16:16:04,-1
295132.1313326486,206.3307857704889,16:17:58,-1
44185088.09508341,164.54007279076788,16:08:19,-1
30315338.30337871,188.19090262657363,16:07:17,-1
1003497.673522114,260.4552012068051,16:02:52,-1
21032418.05751924,204.8363725113154,16:07:31,-1
9156865.80254185,162.13950373106422,15:36:20,-1
65439793.980804645,69.42691415580452,16:05:54,-1
4616931.900503239,121.36118082129612,15:32:46,-1
23752158.25489397,216.15392802365105,15:50:47,-1
28816613.122590493,147.03511764242543,16:01:08,-1
81095741.12399042,149.41021958915533,16:14:55,-1
8737590.719603622,229.28462676153896,15:49:07,-1
37455815.81283617,343.4962915268332,16:01:56,-1
67471974.97862363,54.03448753990971,16:16:57,-1
73033627.263698,60.87295996887689,16:03:11,-1
41893085.05668696,76.51401001893721,16:14:46,-1
73992967.67459004,16.44128933211762,15:54:17,-1
17473411.662160367,242.36317676202293,16:24:23,-1
80253614.804061,170.05428590493204,15:38:02,-1
83307591.20051283,13.773517432700068,15:37:40,-1
50150122.96859032,144.45393669914,15:32:55,-1
599048.890389929,322.8141461973345,16:06:29,-1
2526833.3714548294,66.62965515998012,15:52:33,-1
60649473.52578035,303.9271048077011,16:20:05,-1
10943351.766434792,171.19980935508278,15:37:10,-1
6164425.486150579,176.38578604940514,15:29:00,-1
15328318.6926428,7.978697129839203,15:50:46,-1
19233182.360785738,193.90526311540543,15:53:02,-1
25140181.884883188,92.06126511788592,15:27:00,-1
52592126.97484826,12.066263965029624,15:38:55,-1
54727686.662060186,125.84925862089254,15:36:59,-1
30678269.510044627,88.2879993744385,16:01:20,-1
44605386.013004445,183.91393407996352,15:55:07,-1
57418774.23550339,318.7838249357292,15:44:19,-1
88698066.86880133,32.26826256504507,15:26:11,-1
76553747.33933501,359.69139334696507,15:39:14,-1
34489393.0715685,247.91646257993304,15:34:35,-1
13287120.882841827,209.2457206214956,15:47:18,-1
68520232.13018931,235.5729964000523,15:57:41,-1
54077540.93334514,56.497603790940346,15:50:01,-1
17474801.757847745,37.98561711057645,15:57:38,-1
31156521.319579843,322.3459331305225,15:35:41,-1
13879183.05104954,337.9915632137515,15:33:31,-1
45320572.19161984,64.89186053885606,16:20:50,-1
55919142.90928566,149.3914855040739,15:43:15,-1
26048533.632905312,131.95219831624675,15:49:39,-1
54705012.282080926,324.0450025041595,16:13:37,-1
53695493.62574226,73.33833728985137,15:33:18,-1
68411878.79264009,70.84896550427788,15:36:33,-1
75124942.71352454,191.3175809739317,16:08:10,-1
89235518.98785667,151.46228548980625,15:59:12,-1
69278386.21087222,39.43375511693496,15:45:31,-1
72977725.43948422,249.26766862471356,16:13:30,-1
38719915.62906047,86.827682608352,15:33:13,-1
53784594.69236452,212.333939697842,16:11:13,-1
1743993.3520880071,114.59435452595088,16:16:46,-1
85158787.9658111,251.24384348765943,16:03:35,-1
78930677.0475763,50.10439539302598,16:12:00,-1
1309435.4125767136,127.27721404710796,15:53:28,-1
58307038.11728249,53.75322058592708,15:34:02,-1
7576696.259238947,54.2761701266356,15:37:50,-1
63624996.276743405,205.54802940091085,15:45:38,-1
23448326.00382576,79.25451390855753,15:59:45,-1
22450637.91934963,245.66918929623293,16:12:47,-1
41928529.1706368,240.71171011251167,16:15:18,-1
71043438.28853309,31.47390675063097,16:24:20,-1
27005413.499427974,171.3217749754267,15:44:27,-1
297120.56411110976,145.28712580852428,16:20:02,-1
34247908.17954688,315.9475816879066,15:35:29,-1
68802070.10124937,94.87971708622295,15:31:26,-1
62561799.51181414,266.7947915798329,16:07:31,-1
17358235.961388905,128.69083405557498,15:51:45,-1
40527206.211528674,110.4599740995638,15:58:10,-1
35720157.12083992,120.73053522605372,16:08:44,-1
44548470.69670854,64.14859785717199,15:44:51,-1
77327679.96645083,316.0658028913396,15:50:25,-1
26530803.5943882,147.27816220185824,15:57:03,-1
51899659.55379525,268.0312610241595,16:13:39,-1
30434374.052289736,83.52933596921889,16:17:51,-1
32172750.741848014,230.5310081897265,15:39:43,-1
33487038.34209997,316.9079168169916,15:46:43,-1
2132591.973658668,283.06634840781766,15:46:44,-1
17014739.98887465,244.10888820493628,16:05:17,-1
19845027.94316612,284.5003459635121,15:49:22,-1
16939860.91607314,39.91236974412476,16:02:59,-1
36438887.34690677,44.90826145961927,16:08:16,-1
35097702.10172929,288.5580211603874,16:15:33,-1
73629162.59515859,314.6974940171038,15:52:31,-1
59984888.0235551,87.11950177479342,16:21:45,-1
26925845.809550203,52.6384207873223,15:47:09,-1
34574090.070744656,4.235336074354832,16:04:36,-1
36263544.6726736,330.59021112068365,15:48:43,-1
68112195.91646777,258.28048228928816,15:50:15,-1
71744127.00304466,287.89735023170084,16:02:58,-1
49062639.44407926,228.4350862632436,16:16:49,-1
42939790.96179648,302.2677011777577,15:34:46,-1
42864617.18864187,193.2976926068819,15:55:48,-1
35237989.31463322,195.86712537272288,15:33:17,-1
88979806.03700873,297.7397958179582,15:35:45,-1
25706960.18272853,117.04186608737434,16:23:32,-1
84721017.84545197,332.0484109720452,16:19:45,-1
59902581.57750589,339.8471210876735,16:07:56,-1
74421259.71658772,318.9941404535015,15:59:06,-1
48187061.407952346,243.410758947944,16:22:21,-1
40398000.400436446,45.91710919916149,16:05:05,-1
21599132.701034512,235.6430948397588,15:37:29,-1
2717965.1061757887,176.4298216579508,16:08:33,-1
33928814.27782492,357.7740972073088,15:53:21,-1
3698901.29922224,258.881437654873,15:40:45,-1
38067138.84511786,312.7805098047575,16:16:35,-1
14046853.81716075,338.0612155155925,15:33:17,-1
77966964.11437319,186.31811209713084,16:21:38,-1
46280015.18787463,91.94760026200424,16:19:12,-1
76330329.15199478,270.3418642548281,16:18:37,-1
18408343.405971844,54.31351819922287,15:50:40,-1
62821093.46627107,191.9239360067569,15:40:13,-1
56782473.55804914,98.76395754397252,15:55:04,-1
19419951.05229885,210.12646116754357,15:57:11,-1
70582051.29735662,287.25520271037624,15:50:55,-1
44133445.493336685,219.06302191987703,15:32:01,-1
42836009.36481601,221.53540201903488,15:37:40,-1
2873697.983420397,325.4244941238216,15:36:40,-1
58785793.66036916,247.0309283938526,15:28:21,-1
67682775.24481083,244.65740936956863,16:19:28,-1
24850463.16073972,21.664583642432383,15:43:13,-1
30550098.643075462,185.46506918808905,15:27:56,-1
28057431.721606568,264.1248172371008,15:50:31,-1
71778753.23974513,52.48768823570907,15:35:54,-1
66977427.1318724,320.92164692330664,15:56:00,-1
58651721.56014758,127.129250031531,16:03:26,-1
24245749.83441562,301.0403888396318,16:12:28,-1
52381184.15904279,40.33427972626772,15:44:16,-1
81766379.10787386,113.47733651629468,16:03:11,-1
78364837.09644473,67.48427655995695,15:31:50,-1
31124494.28148353,45.14429484106819,15:36:07,-1
11269285.774780096,325.14363244806685,15:56:08,-1
47070349.30810528,151.34646942964102,16:07:19,-1
63535244.95113975,121.46056321335546,16:16:04,-1
56808728.26405141,168.2365520493392,16:07:34,-1
80614978.24396086,6.2289231354108665,16:21:03,-1
77619322.07062538,68.25024331144294,16:13:09,-1
15624459.631474929,308.43141490471965,15:53:26,-1
83222139.55242495,171.23041226364185,16:13:02,-1
29054264.013458382,169.88143496013612,16:02:30,-1
36129769.87080047,102.4051848281259,16:16:29,-1
4604208.911523795,77.63544689719218,15:52:41,-1
85383856.52891836,122.95544036966083,16:01:12,-1
43450586.96516653,306.20667456895626,16:12:07,-1
21265080.34721805,12.521693623930066,15:47:21,-1
72227627.70079878,296.00872152773104,15:50:13,-1
192771.0669758018,300.5439926976079,15:49:01,-1
28263190.163755413,5.108950870513018,16:23:20,-1
59138112.776965015,246.27270709681204,15:54:28,-1
82890113.14205875,114.70429569417507,15:52:57,-1
44479081.32274201,82.06266985707349,15:32:39,-1
62766350.197845496,134.12705940973228,15:33:28,-1
22521479.714680627,31.64029141253607,15:37:27,-1
59270580.01639955,87.32539710632676,15:31:44,-1
28759009.958378814,173.80415859463216,15:54:41,-1
29437888.852872606,163.91196490919245,15:54:35,-1
69373241.81047525,140.91653795801005,15:51:16,-1
44147595.61101007,202.87846073517,15:44:18,-1
60215701.37439394,135.44160218159467,15:48:34,-1
75667117.19865513,159.54439048143962,15:38:10,-1
50678799.48657811,111.1309492901226,15:53:09,-1
86721443.16221085,297.2675580660698,15:55:29,-1
34722811.49607955,332.9626844985902,16:20:47,-1
2813301.949002757,356.06720356673827,15:47:51,-1
28261444.32527666,220.326301727184,15:46:51,-1
22173592.65550064,232.636679885354,15:50:44,-1
48576821.849913,16.803001016147093,16:14:04,-1
9628582.677882036,240.23990050662653,16:23:52,-1
86696772.32259719,254.12008159092144,15:56:50,-1
61992361.89936911,333.36504899602267,16:24:53,-1
27578663.14750265,319.4062483168182,15:50:43,-1
86047893.10124286,308.2158853078095,16:18:51,-1
73700091.70991687,94.6263323630881,15:33:20,-1
27167279.628526773,273.3156360503242,16:18:31,-1
71991056.45603654,20.172038284654263,15:49:10,-1
20590845.3326519,313.26091910572063,15:28:09,-1
30934162.970568,336.73505820123995,15:33:26,-1
8279490.378492116,158.562708744999,15:43:25,-1
51864187.86209727,165.95152737429896,16:07:46,-1
29510652.83714175,162.7253763960163,15:48:10,-1
19921897.81394407,107.5301542956412,16:14:50,-1
23442898.5389926,356.13045255670875,16:02:50,-1
27281414.85998153,66.7467820557214,15:30:12,-1
17314898.292035878,54.83999229569744,15:51:39,-1
79756656.05904123,65.39940391185351,15:50:40,-1
782436.6658583524,10.162645175706686,16:04:08,-1
43825544.85489217,200.22949300367475,15:42:15,-1
70545275.70622025,145.9089347532746,15:40:57,-1
55308363.30641433,45.76114265736763,16:01:30,-1
89180103.88891377,235.60834245533349,15:36:34,-1
77861839.03776538,298.8691977551158,16:04:56,-1
86752973.33392638,49.78683928641679,15:29:14,-1
23680352.884078987,343.2104529221264,16:12:35,-1
51470226.93304896,212.78004742943605,15:50:13,-1
39533812.99046221,317.1857969606316,16:08:13,-1
45446528.04762026,313.5291755638838,15:57:29,-1
37572290.77908262,111.58254641739047,16:14:36,-1
49840687.82769628,65.97192708352249,15:48:37,-1
82292885.0988419,66.6363345240799,15:36:47,-1
74608399.20419459,4.011783083355538,15:38:33,-1
42910316.96618369,311.0517908269617,15:58:00,-1
75816214.24602574,224.95882545394068,15:33:49,-1
21012569.961004104,122.10597575891684,15:55:57,-1
73104640.4610326,275.4691622330238,15:38:44,-1
19236656.86250004,258.108284090116,16:17:45,-1
42856768.797164224,156.3554517121,16:06:23,-1
64289485.260439694,90.68412428277908,15:30:55,-1
50042416.77413406,192.9633434682293,16:22:03,-1
14456381.902231952,156.58117095651718,15:26:39,-1
4431414.217319362,45.70679712075655,15:29:06,-1
30614359.00320128,21.058143472239838,15:34:31,-1
53399461.89179934,219.14111909203905,15:37:08,-1
89452203.6256926,325.5712042788446,15:29:21,-1
41288628.91555411,82.16868819317834,15:32:40,-1
46675048.2111923,252.16190948477748,16:15:38,-1
51644856.47499877,328.6507990632773,16:04:07,-1
75654707.64588226,4.592668506420727,15:58:13,-1
1288470.339955167,146.22491491362766,15:46:30,-1
39206078.68844853,146.94784006991233,15:26:10,-1
89567432.52619791,174.83982634556745,15:46:32,-1
83019066.69657427,25.14237912357749,15:55:10,-1
58055639.09464621,199.8005516530357,15:36:20,-1
28935229.28812154,171.38767584018427,16:02:21,-1
21600974.47252838,0.1753361924747265,15:33:49,-1
6999544.434899781,337.8565736342143,16:13:08,-1
24395391.887515534,75.77696611063767,15:28:56,-1
21373469.60238775,202.58730948653783,15:33:32,-1
5594511.085389107,354.8714796827288,15:44:01,-1
20561404.61114528,206.7190807473608,15:57:46,-1
4408015.521633118,213.5284137825456,16:20:11,-1
24538758.49162675,311.729237352772,16:18:50,-1
52048067.527357794,189.29560793640007,15:38:51,-1
31077247.57109666,87.98924597356425,15:53:32,-1
34691621.310266905,132.92017845465077,15:58:01,-1
18878825.566440944,337.9427527260643,15:28:02,-1
61080018.97764302,53.49430696632513,16:15:41,-1
64797183.5268014,321.44476715023654,15:36:13,-1
61577816.47925901,29.792857099296704,16:06:17,-1
17118640.482640557,43.26620917512477,16:04:14,-1
51263415.90567549,114.76505959093672,15:59:07,-1
80437500.3063059,122.0101301468678,15:58:39,-1
58847839.0234235,282.0136577013106,15:27:58,-1
28720015.132744323,357.5775940239419,15:32:15,-1
75221096.52376366,120.15905628520473,16:23:16,-1
45297980.39636547,105.6167411661391,15:43:57,-1
37089726.76218997,331.3662001895222,15:30:38,-1
12330214.513331572,190.20671889901487,16:02:32,-1
62062677.209943525,16.57447982464916,15:29:42,-1
35806939.57686746,242.9603865174308,15:55:08,-1
10557456.514716236,31.028745061040738,15:36:16,-1
18528956.55633335,259.6361091220062,16:21:19,-1
30589911.73632685,271.63626239128075,15:53:55,-1
1172392.4816244196,219.43601818270537,16:17:46,-1
86235132.34009697,235.77642521828312,15:48:49,-1
70085618.32072465,68.25114775355499,15:30:10,-1
26605695.02128426,48.32297002435502,16:05:54,-1
64286583.67496867,340.22092228408724,16:01:51,-1
11415657.211076802,221.73722809633955,15:43:14,-1
54823316.93027029,124.59911510402968,16:23:30,-1
77098215.09415878,93.83236402971676,15:51:15,-1
30379165.651929032,166.09470256309004,15:53:35,-1
81643768.65939939,264.642091536844,16:07:40,-1
58093257.33238959,235.3631669104579,16:12:01,-1
72246123.16837294,131.48372486424975,15:26:56,-1
77039918.32928613,232.0093002032853,16:05:15,-1
23170448.72921049,322.8568012107576,15:30:20,-1
44428971.01112542,49.534560138604704,16:03:04,-1
61015844.03159207,157.4742581085922,15:45:14,-1
43435026.06916143,306.50891116390534,16:11:15,-1
15773271.37348695,126.70086530279627,16:17:56,-1
29958432.869396392,208.75923677453764,15:29:32,-1
30346133.291403934,276.6078890810724,16:24:36,-1
80752141.92673159,282.09441928209424,16:08:10,-1
70378258.11929601,30.519260405508973,15:59:30,-1
83606746.21645842,245.2029488228165,15:31:46,-1
16805039.34237803,300.6572695574879,15:35:40,-1
39689515.32718973,14.144227111092306,15:41:53,-1
6733786.904770782,332.0413384264985,15:39:34,-1
22053405.15581953,124.31788958385168,16:07:07,-1
81195812.2622381,60.53418035277696,15:57:17,-1
65098068.19415234,292.51476713113414,15:47:17,-1
88360545.09194289,311.1430672887525,15:32:28,-1
88412810.23068872,50.67790924775099,15:50:28,-1
34880189.70326717,198.91901238871264,15:25:51,-1
70723897.41052824,167.30547580139185,16:01:52,-1
27233747.687628947,280.4346848799425,15:52:34,-1
80628075.72760005,158.01494251683647,15:28:37,-1
59571094.3934278,149.76240362867756,15:26:26,-1
54873098.28024891,65.02691044224274,15:54:39,-1
5289664.337418019,2.989140590279815,16:08:09,-1
72259021.46328588,44.46971019279381,16:23:57,-1
51242528.60065862,220.2071030501791,15:35:42,-1
10074112.810770689,39.84075753598715,16:05:08,-1
69658117.2399251,271.68738513920687,16:25:11,-1
25749690.774530925,32.55931696484836,16:05:02,-1
38253471.43318586,140.2204925360807,15:41:25,-1
51882265.115374885,256.70549964305894,16:12:46,-1
29152493.30613856,131.52950969020876,15:40:28,-1
56751984.55420998,8.539641820434545,16:14:12,-1
63886993.74915217,167.32994878607258,15:59:54,-1
66617323.51479253,244.40274427139224,16:14:22,-1
45240394.601915225,4.115972063776012,15:37:50,-1
16683968.173395552,113.2838849625023,16:21:04,-1
49594491.6251759,169.83933582159736,15:44:54,-1
59731959.26824752,63.30101069787046,15:50:06,-1
32984437.755299717,245.30491435433927,16:04:32,-1
72419874.77459161,319.6419295635429,15:35:28,-1
85096833.0529875,158.57707989014145,15:45:08,-1
48216857.527838245,146.26102114913436,15:35:48,-1
51699540.63857906,172.3812604679204,16:15:22,-1
15988138.02492445,234.72870864371336,15:36:41,-1
3096275.676250172,51.18538110760287,15:52:57,-1
75852794.38278653,255.3745283530983,16:06:46,-1
886734.1411995265,289.0501900636885,16:16:38,-1
21658539.667733803,138.74497707767847,15:46:25,-1
78325608.42236565,255.80826999930295,15:54:52,-1
59673032.46352266,20.498882961993356,15:47:58,-1
21808519.51991206,221.78651563647168,15:29:06,-1
36674043.88312947,185.13444220129264,15:25:31,-1
83944918.59256041,239.61889792912797,16:07:12,-1
80336864.09027147,173.96910915540468,15:59:26,-1
76919680.27630508,113.47548042382856,16:05:44,-1
35208371.22224717,237.65763292638,15:47:35,-1
50782517.0079592,272.8461621956092,16:23:22,-1
52463960.36596291,149.39502929779468,16:14:04,-1
2568019.7900864067,249.97986584671423,15:31:00,-1
37992100.65701565,221.65688926863996,16:06:19,-1
51443762.304821365,256.86065434905413,15:57:41,-1
40144734.08084434,116.6045580870388,16:19:08,-1
30073446.79650581,154.20934946194166,16:19:20,-1
22838804.38070728,299.038098698567,15:45:59,-1
75473672.51015009,61.09245422555871,15:33:03,-1
6806213.011363826,165.02849099378906,15:53:00,-1
16177925.081923572,68.65680597618137,16:21:40,-1
17291786.034291964,357.85781537183794,15:25:53,-1
52979132.36748915,147.04592064113817,16:08:47,-1
37933999.5841536,105.5505168385019,16:20:21,-1
13258027.16017872,290.1126438448513,15:47:14,-1
20603386.67460767,29.170991465585203,16:14:47,-1
83063049.91127492,61.78835553721186,16:15:16,-1
68443071.9887,133.61838533472718,16:09:10,-1
14777222.971016165,33.44984201446374,15:36:50,-1
35569634.85534012,164.76336040424158,15:49:42,-1
41006806.75753214,280.3479858081149,15:58:49,-1
17915557.920339834,43.56225638178901,16:19:44,-1
86635917.49264318,259.799533238078,16:00:02,-1
68004052.6608029,280.2444740557269,15:46:58,-1
31767543.566666584,140.72748253639492,15:53:53,-1
53739938.67714267,330.3253987709345,16:11:44,-1
36174913.44986201,105.28558180707246,15:57:31,-1
9043326.681652972,88.75334344423439,16:03:20,-1
9792604.519283416,327.44906634314214,15:52:08,-1
63456257.15934182,344.4650745773914,15:37:19,-1
15231985.190313503,212.43844325369432,15:49:41,-1
1800002.9683735054,18.684386661578497,15:37:10,-1
4221055.649725575,160.70174253408237,16:11:31,-1
59693249.38882756,211.86680264996895,15:36:49,-1
64788608.72975848,12.427497148324944,16:17:46,-1
28603244.30970074,22.876497902422315,15:58:03,-1
50077874.17554095,178.60267679632122,15:52:49,-1
26594034.3082029,273.1009195658539,15:36:06,-1
75788203.83338302,142.24974682164137,16:04:09,-1
76452602.27489251,184.23471779950927,15:41:13,-1
21447234.44112535,289.4995930583426,15:37:40,-1
40328124.75608034,351.5967875818297,16:22:35,-1
34639900.11182238,77.86775039219872,16:07:17,-1
82976079.40657479,293.1183226631451,15:57:31,-1
25416262.035170887,253.5940423928182,15:36:59,-1
446225.75703206094,331.94000342011395,16:23:08,-1
44561767.29564134,119.35399393661214,15:36:19,-1
21241570.74748352,59.62738995364883,16:21:27,-1
50985463.20064744,41.51982207346196,15:47:29,-1
41880490.63087178,257.5264132668981,16:13:39,-1
10091938.084033798,245.44628021611945,15:53:55,-1
60395714.72923034,354.3770452817722,16:13:50,-1
13623342.03015756,94.07304012125904,15:46:16,-1
58951151.401978336,138.96358283379652,16:11:53,-1
42367444.5955402,146.2026941549831,16:10:29,-1
35371133.58351382,123.10714181436292,15:40:20,-1
32696314.51827352,231.70472947544064,16:20:30,-1
5456840.932442335,26.49600171492856,15:25:38,-1
71453718.31092586,160.47382052799423,15:51:19,-1
20343444.751964223,358.30593887830173,16:06:52,-1
50120836.673870526,127.3568664188929,15:58:44,-1
20566.728519360782,51.40089696306814,15:42:11,-1
36034564.01900476,9.470780130591535,15:47:59,-1
18667166.288949996,50.48468979999456,15:35:40,-1
47581307.81111041,261.6971735283272,15:36:16,-1
65366327.92041197,221.9974998198216,16:22:23,-1
52435495.09845368,148.71030474652423,16:02:05,-1
54241733.50800484,164.27793039785595,15:29:53,-1
75262827.03543466,103.0087744728479,16:24:52,-1
71985695.17335929,272.60984435298184,15:27:40,-1
23172417.86148563,167.2864100188696,16:10:24,-1
8012982.55226353,48.399680235445935,15:39:38,-1
41622746.22072,343.6871729935773,16:18:41,-1
28730466.60241129,153.8424334851161,15:58:06,-1
19715368.71101971,75.98850536338179,15:32:02,-1
54849624.57781328,284.3572608470864,16:19:36,-1
34874142.37385691,288.7620001744672,15:51:30,-1
37139548.92785794,222.43136931863663,16:10:52,-1
42157456.20819,81.08695412260448,16:11:02,-1
47395849.85193458,267.78615542257523,15:35:51,-1
38710851.46647173,176.37144952686668,15:42:46,-1
33480916.848955315,200.71446907533323,16:20:02,-1
56603492.31988244,327.42837985070554,16:24:52,-1
22935520.75977217,283.48048190890114,15:43:32,-1
37520724.93764864,342.1678554542131,15:50:56,-1
15161138.197481196,11.914512628058477,16:05:32,-1
26508572.949630417,87.94666346178084,15:35:04,-1
63514359.27525965,304.3227321652946,15:58:50,-1
51683386.89374973,201.95974681085443,15:57:59,-1
70925748.09017678,204.1570462047084,16:20:30,-1
66126823.60117445,67.09689032551726,15:32:18,-1
30697893.595786147,152.57524542094453,16:24:18,-1
43981804.3356789,305.7960550411121,15:52:26,-1
3204355.0288923746,180.17474837897333,15:52:44,-1
84441284.06929663,72.63780854989125,15:55:14,-1
30297400.07192991,29.80352240572644,15:26:33,-1
29214007.497858677,332.54309733396,15:36:26,-1
15822426.479384532,85.43854099185904,16:14:02,-1
4803262.85270635,306.2102482586042,15:55:18,-1
16411380.18362778,43.44664415001426,16:07:37,-1
66257964.62462668,200.06196142018712,15:37:51,-1
59162620.65503787,251.1684846985117,15:32:02,-1
42464112.03314054,41.20452405044767,15:45:54,-1
38419585.09370654,151.46587623512494,15:47:22,-1
36147450.19713741,137.2588993156123,16:05:55,-1
17527355.580822878,267.2221062806666,15:35:57,-1
51708586.30459324,80.91332136697301,15:32:12,-1
34468828.457499295,158.53057059958198,16:07:23,-1
27551639.509143736,108.71258287027592,15:33:43,-1
14956807.623746837,33.7283017281255,15:49:30,-1
6264524.642915171,331.0794040743676,15:53:17,-1
17806993.310506217,128.02638541413768,15:32:13,-1
47699651.2274904,99.61362300649918,15:53:23,-1
56638320.979520224,241.71731411338837,16:20:23,-1
23651800.03583701,14.053540006420675,15:49:53,-1
75155487.59679483,43.98576105422598,16:11:41,-1
27770644.007871863,244.9391991519108,16:15:33,-1
26220873.06874372,231.49858226715912,15:39:05,-1
64742102.98374107,234.1692338980161,16:10:57,-1
50447731.12798911,35.85439358062157,15:35:09,-1
50571012.60465574,136.40428553389015,16:13:44,-1
84870238.59526308,214.6273064272079,15:29:34,-1
51851313.38938927,206.1976860834487,15:47:34,-1
45945717.6104523,257.4071603129084,15:37:44,-1
62040518.62999717,159.5520750083342,15:34:03,-1
35879125.084119126,302.7969504676313,16:21:32,-1
35134672.1685079,335.68468702120026,16:24:06,-1
17231968.23352034,255.7467213710728,15:50:30,-1
75075515.9465516,235.73103564728316,16:09:41,-1
21596271.438600257,267.2147653957854,16:08:48,-1
67261468.57252602,338.9663988625526,15:51:08,-1
11608429.606998052,223.1379938806444,16:21:00,-1
34105995.407642394,207.7119254085644,15:42:03,-1
41850065.54025075,45.152615209467164,16:03:17,-1
32890547.44071416,91.8927553441348,15:30:15,-1
58548335.85561042,241.79428078238985,15:26:45,-1
14879238.818758836,184.2336724971885,15:37:06,-1
5131137.05015995,257.19897182812554,15:38:07,-1
5490380.118589795,345.7505538429047,15:42:19,-1
63529063.65110309,357.39448799757565,16:00:17,-1
76336648.16814208,230.8739509071156,15:36:17,-1
19831357.71113257,14.575222301754764,15:51:16,-1
59496225.59757096,240.09998210675528,15:32:27,-1
76560515.1406539,340.0493262289614,16:07:15,-1
20139067.99603906,84.89781426767982,15:34:11,-1
25921287.48925789,176.63580705345984,16:09:21,-1
73145282.45415938,267.8747215663004,15:43:28,-1
57919530.70110914,78.01397038000624,15:30:11,-1
84642666.6139033,65.18234821104276,15:34:28,-1
11008631.724216944,202.96729922925837,16:24:55,-1
20013087.258999825,134.40522591128143,15:35:50,-1
86439923.52139725,166.9444031897368,15:43:56,-1
26296775.720621254,275.2446659629743,15:27:23,-1
35493506.835566536,102.64881506261004,15:35:41,-1
2052611.8743767452,207.5433469925205,15:35:53,-1
57470027.96786085,254.51906551095092,15:39:38,-1
9857540.104883537,209.6904743289304,16:22:45,-1
15889198.588775592,72.55263493908679,16:12:07,-1
30467317.673921693,11.376685453680802,15:58:56,-1
2587669.177476202,180.36699151316145,15:40:12,-1
9682789.5963479,97.49122793164976,15:50:16,-1
22776545.553415906,135.16710658558594,16:06:48,-1
7529985.077812535,39.15628023055537,16:06:01,-1
56042705.58682967,152.17711462963356,15:41:17,-1
14567436.691500273,49.45252698298124,16:01:10,-1
5714938.0132573135,32.37666729255668,16:15:15,-1
14322392.066357013,169.36210014364576,16:06:40,-1
42469142.12377067,113.43509499654768,15:30:45,-1
2421226.3827415486,68.52918355319811,16:23:31,-1
78971469.40215777,187.833930572216,16:04:44,-1
67099030.71428684,233.07494083326145,15:59:43,-1
6781965.900297267,108.61409703037278,15:41:38,-1
27303993.161302354,100.03962794680318,16:05:39,-1
78606965.01887847,125.49308767288426,16:06:29,-1
28755937.11453161,137.4510726477445,16:11:27,-1
55776723.369542114,123.52433739582028,16:23:17,-1
31131517.92749228,2.623339911279201,15:29:55,-1
8584123.451191502,142.86478243187202,16:14:25,-1
81566461.22036465,201.55754473795184,15:53:49,-1
81900662.51393883,266.966990638403,16:14:44,-1
72990214.19951954,347.3917030798113,16:13:02,-1
20865548.914900724,290.2748566344746,16:10:18,-1
54292995.95510128,17.324930111957077,15:55:25,-1
78134871.72356348,240.46379341634687,15:27:36,-1
1595089.5934379494,209.4667426856291,15:28:01,-1
11734574.669178404,261.1067063124173,16:05:07,-1
23020176.764980573,56.04809634071492,16:23:10,-1
14201227.899616202,105.87309832091384,15:53:35,-1
38229020.94301031,155.50356800308413,16:05:49,-1
53220820.45801598,338.0682626756428,15:54:50,-1
59155177.64387054,278.0487840924372,15:31:02,-1
45583280.38075128,318.7231366793874,16:18:15,-1
3016031.915156448,167.12905320523248,16:21:33,-1
47481983.27629445,276.9320035345259,15:46:32,-1
18003969.36408481,352.59244308942885,16:14:56,-1
23842557.938363142,210.17633537218012,15:29:34,-1
17950280.15546331,26.92286603152788,16:18:27,-1
1663004.497263055,7.494042903172349,15:58:06,-1
20865357.68641063,205.88891856236685,16:13:08,-1
84448311.77475233,173.09831749940943,16:14:26,-1
45356683.58244918,218.09351372628765,16:16:38,-1
45610723.44571606,221.2051241790947,15:49:32,-1
47166031.35906723,214.87570404920243,16:14:17,-1
55372743.00526339,105.567094911861,15:51:19,-1
49536402.80172241,134.65886033390478,15:31:12,-1
10920779.685450926,341.1963082377095,15:49:08,-1
17104586.317861926,131.02549125529643,16:25:05,-1
52041941.37121951,60.40509785102776,15:43:49,-1
81249119.76508659,125.71364459103866,16:05:56,-1
48240776.74252833,96.57080671533691,16:04:54,-1
26182534.562053338,45.46035508803627,16:18:37,-1
73893020.29104084,67.9688289946496,16:04:55,-1
12514574.029660195,62.84594231199279,15:33:16,-1
60583287.400870495,351.40116643640613,15:33:54,-1
3118268.830522497,225.8981260298349,15:28:38,-1
58094964.49477218,38.05269364278541,15:48:09,-1
74955206.92797367,148.23700430698807,15:57:21,-1
64012923.99144838,128.4645623593849,16:23:53,-1
30943833.89296176,303.1202241828305,15:29:18,-1
84876740.87229303,76.62515276760216,16:00:05,-1
53348831.63458093,274.9373000590906,16:05:38,-1
12940759.417703876,239.03285162685285,15:28:08,-1
19301106.38395733,327.5672822780612,16:08:55,-1
64704856.39960992,237.455149145948,16:14:35,-1
25593068.011998225,52.18672805884153,16:13:40,-1
80356546.46306807,85.09087646476769,15:56:19,-1
24975240.832305145,344.1026969799035,15:33:48,-1
50042031.87499809,191.79957846867973,15:56:30,-1
35630840.94173173,166.83407587307167,16:21:15,-1
70345537.17076921,63.19831308995376,15:50:46,-1
38232405.04016327,358.4526947949348,15:39:18,-1
63720322.43884186,39.82439976796048,16:03:46,-1
37616409.10545863,135.3617318750789,16:18:54,-1
77411746.48682994,35.25378444362279,16:06:13,-1
77193375.55796736,327.77303652634936,16:15:05,-1
72158568.46172757,4.274528021045749,16:18:47,-1
86486796.70629846,174.4183511430617,15:58:08,-1
81043581.70602772,117.09790887046437,16:12:50,-1
14888069.68103396,307.4403232222953,16:20:46,-1
18773213.259311907,217.0665755725542,16:16:01,-1
74866103.88916154,271.03085646296205,15:53:58,-1
3364844.355108609,287.56708187889774,15:56:20,-1
18962638.01223343,303.1345604732787,15:51:15,-1
38360206.7686205,0.6888421375193499,15:54:52,-1
76142120.6530053,255.5473002075777,15:34:18,-1
11168363.433101352,30.093777680510414,15:38:04,-1
71704017.65133634,23.95298266324973,15:42:40,-1
38785020.17095749,203.5961471455089,16:00:02,-1
1100500.8856541747,24.320154559258324,15:30:10,-1
62607527.003478274,119.03203524251953,16:17:47,-1
56427599.46949698,29.38386691153053,15:30:30,-1
56759111.54577318,122.3933418318146,15:32:54,-1
68130882.68966615,308.4945221312582,16:09:09,-1
6124603.928270352,353.3044309260198,16:13:43,-1
28451043.32477876,154.1248419994067,16:14:47,-1
33285954.740565967,184.3090591593401,15:47:41,-1
40141054.25982118,244.87143805779596,15:50:32,-1
15639856.819191786,227.96727537591184,16:01:46,-1
37227386.82217471,140.11593739573442,16:11:52,-1
37495176.16908677,255.50677156006836,15:46:47,-1
66993278.610718526,51.75737671958339,15:41:33,-1
12192457.040812269,21.00246713483831,15:59:41,-1
4876093.570678926,343.7951797966978,16:17:11,-1
37805214.73417912,292.9576593832808,16:14:57,-1
71243319.24809173,336.1464564133426,15:33:19,-1
4339286.012119198,332.54350799989646,15:30:26,-1
59524116.13179235,336.1566880031156,15:37:25,-1
23237845.482440066,203.26077256283685,15:31:52,-1
29918259.506878167,198.98157949283703,16:15:12,-1
70217699.41782258,45.26867495988158,15:56:13,-1
6072152.112318384,150.08876843321806,15:33:07,-1
2745688.933783928,66.97646035333693,16:16:08,-1
20229639.29306796,357.7496750053528,16:02:49,-1
42320252.165150754,42.30505605235832,16:02:28,-1
68289327.31947362,282.47505236415503,15:56:28,-1
89273932.49456553,105.7275671674759,16:01:34,-1
82255655.41524477,336.7599806245641,16:16:48,-1
4060984.981680706,316.63620906996914,16:17:21,-1
61921072.96837962,101.0770690082302,16:05:56,-1
76904953.3189922,21.77739799939598,15:29:41,-1
29973679.79452599,73.43644729945176,16:24:34,-1
43436546.40251942,329.21622118920305,15:43:57,-1
81358262.96873431,286.00386067242067,15:28:26,-1
18696023.67463704,119.26902754143396,16:00:25,-1
60914658.6567862,103.74056031783886,16:10:48,-1
6129666.002310073,184.33146623054543,16:08:45,-1
53469715.70873986,109.17438740512937,15:30:56,-1
40049210.62711292,356.7180167787613,15:34:04,-1
78058403.60096434,68.15983319140275,15:28:59,-1
33457036.00357941,68.32336315642897,15:46:26,-1
4986372.82754869,142.9217241528668,16:10:53,-1
23317206.23268318,313.6556221948134,16:01:16,-1
21865285.91693863,66.41084820715305,16:12:16,-1
15247822.702145357,272.9902182787865,15:49:16,-1
40736548.54547119,44.52189770191298,15:41:30,-1
24995579.085071813,174.57962212952688,16:00:46,-1
78615687.62942366,117.51423198540355,15:30:56,-1
9823850.296311663,60.78199360189954,15:49:11,-1
67730330.0955953,225.7561814303652,16:21:39,-1
73599440.23553003,279.92538728330914,15:27:51,-1
7030945.050763952,154.92997098826166,15:45:45,-1
53261169.74562328,259.12421238239904,16:24:40,-1
82599507.25637,71.15319044124664,16:17:00,-1
77833201.96923701,244.12109922782565,16:20:05,-1
65891822.207399264,219.90802181719903,15:34:07,-1
62873252.689028814,95.81929552697756,16:00:56,-1
17601954.85588113,300.8203346404401,15:54:09,-1
89731143.6736787,284.3271340844114,15:38:15,-1
87881613.30081467,237.56748492748991,16:00:05,-1
58656063.28766377,355.1362779401909,15:39:03,-1
7788830.065586941,234.41676810585676,15:59:57,-1
13925946.334717063,109.8704602838586,16:06:41,-1
6382274.4884376535,257.90415076014926,16:23:23,-1
70800336.52548757,88.38940004207974,16:00:35,-1
3799011.745542727,238.90383787419677,15:51:19,-1
11854719.046437563,136.10443156980003,15:46:02,-1
24987320.270125084,58.50672542021461,15:29:56,-1
25060185.475839708,126.68686272267291,15:48:30,-1
21816830.04912808,162.33335940052754,15:44:35,-1
23941451.81581559,97.80753384994472,16:21:58,-1
85635548.73899929,245.0916163832364,15:32:58,-1
1572704.1401527617,70.9657911814597,15:49:45,-1
49609324.30614916,92.80907015839648,15:47:18,-1
19338226.593703065,320.99731347883704,16:00:07,-1
81700633.8212634,349.14190683334493,15:51:01,-1
1217432.332901969,96.38561335019374,15:34:53,-1
11008147.131351946,260.13942804282016,15:37:34,-1
77725812.44871537,121.1826187175102,15:57:41,-1
74378206.87864655,359.2989180988918,16:10:13,-1
52700258.8808081,264.483589460678,16:22:18,-1
13410612.990174524,85.62157252457176,16:20:30,-1
85434665.13623461,158.1542309122568,16:04:57,-1
86228012.16034883,75.11015819790248,16:00:25,-1
42383779.45948239,67.57032172788188,15:31:01,-1
2283781.317831723,305.16523547212654,15:30:37,-1
59029252.05189229,210.42548604895345,16:21:51,-1
68898203.54624523,164.02465631836796,15:38:18,-1
31716227.073196948,80.05375760997202,15:50:34,-1
62711931.73852753,125.22760461356812,15:51:45,-1
11809158.13788555,239.6107425329744,16:23:12,-1
14862122.172930986,10.944115227252972,15:28:51,-1
70721421.56214008,71.7692284666282,16:10:42,-1
15484757.946978051,246.97877648182543,16:17:48,-1
64466358.1058664,277.2602380238928,15:33:24,-1
33557914.16512549,291.1735297982905,15:41:46,-1
73065459.2635626,339.03246099233365,15:40:18,-1
39121525.874549575,117.10658346409932,16:00:12,-1
79548804.20877306,238.16780195977657,16:04:59,-1
58331325.36999297,55.16296903357853,16:24:58,-1
49475230.197849184,274.7119207668053,15:49:15,-1
83242632.08877023,45.80671265093347,16:03:53,-1
23649234.036656253,142.8585772338038,16:10:36,-1
14342293.445000255,260.15377798431206,15:43:06,-1
80975006.34147806,206.8224036587396,15:54:57,-1
36927181.96890326,56.21675951097317,15:35:30,-1
43790707.41004476,272.67699415063134,16:07:30,-1
29638663.27788992,126.29635235133952,16:15:08,-1
76505664.32718931,94.45550100060146,16:13:40,-1
88461980.99911796,9.756282981758751,15:51:21,-1
82247709.65651567,318.7441049464361,15:40:17,-1
36251213.94046679,290.2236680367849,16:09:49,-1
58793301.78105558,59.20923425880308,15:33:36,-1
20004834.77711322,183.2624990378668,15:31:11,-1
63433256.23233068,297.54601795491607,16:00:09,-1
25902645.182720527,175.14700424587974,15:35:54,-1
39094882.43940539,13.395026742924298,16:11:33,-1
10525967.846645368,61.57867199499383,16:21:54,-1
7939082.217025779,44.48714668089898,16:18:36,-1
68256327.2205201,238.7795705984655,16:24:20,-1
54541450.94784746,111.73812336782863,15:26:10,-1
81292451.23253503,198.94551383096825,15:54:05,-1
87444450.96380602,67.99360785857982,16:11:49,-1
30072185.004702747,241.13336774027587,16:08:57,-1
81127608.92655012,167.48097537439787,15:28:45,-1
40810197.412669614,169.0470043728189,15:51:46,-1
61928712.67999647,315.5668801132732,15:26:56,-1
56875571.27343103,189.67320328574655,16:23:14,-1
79885749.23942469,330.9696536733111,16:17:33,-1
5764287.405927746,122.23849745207194,16:11:40,-1
23134438.52974036,284.094610257046,16:09:33,-1
87045630.43619335,261.30876972611395,15:41:40,-1
64662290.889028825,208.572827875058,15:51:29,-1
24244827.901118007,256.1631812504195,15:46:26,-1
42650634.90991494,177.13719416832808,16:07:02,-1
37720320.24514582,67.59720359352771,15:48:42,-1
57496137.33970151,47.607857716889406,15:57:18,-1
64623401.93032087,37.81526958596668,16:19:43,-1
23566925.6369912,199.1976286029766,15:31:57,-1
73468586.51718853,81.44526927413902,16:22:49,-1
20985171.471952666,149.1206634932419,16:03:09,-1
69331966.14232552,98.96874554845488,16:18:58,-1
6482675.830822063,89.86531953247783,15:28:31,-1
22776879.407403465,203.3381454419897,15:57:00,-1
1560959.7612097918,167.21638742190805,15:43:32,-1
74924728.29254705,190.09788569859208,16:13:10,-1
105680.45591729254,335.21648126741485,15:39:36,-1
3251314.3074755277,44.3465522598484,16:20:56,-1
52348626.321987696,141.6634001807481,15:35:37,-1
45700876.61917668,140.3451246402031,16:08:40,-1
25044188.379596014,227.21750788988356,15:59:01,-1
38176239.2873532,166.99412326953632,15:58:17,-1
35514766.80876658,350.23104546279586,16:13:02,-1
39723575.40983005,230.43425310219183,15:27:14,-1
76408099.34151168,220.59668447843163,16:15:32,-1
27336324.191988155,122.07407059945236,16:23:46,-1
10805361.826805005,58.5118623027922,15:26:32,-1
46210195.91465872,283.44171836242646,16:00:43,-1
75109801.91184472,163.2578356545119,15:58:45,-1
83175316.26886334,255.86679405473964,15:50:30,-1
30297660.52707093,269.3483299885939,16:20:27,-1
73766023.45743974,44.25774430318625,15:51:40,-1
7000029.577984751,232.6375987867008,16:18:07,-1
15240385.03386479,130.2968409961996,15:51:43,-1
18110212.740372512,214.74750003721329,15:43:31,-1
77303617.35253644,44.89831354562676,15:53:11,-1
51208036.06238374,179.81273336766992,16:01:55,-1
76376253.22787914,223.5434279095263,15:31:26,-1
89804726.33587809,158.87869112831785,16:13:35,-1
840505.9070629128,225.471849000883,15:33:21,-1
4459247.562250514,263.84831216766605,15:48:18,-1
23698999.891853377,196.31309786220567,16:21:45,-1
37173211.090547256,349.98431498162154,15:59:45,-1
4855039.320334245,346.436701101363,15:49:42,-1
66694752.050437465,290.6926001314644,16:02:28,-1
39904711.18135179,53.86921045266361,15:45:04,-1
11003346.440735497,312.9023936277832,15:54:54,-1
68771260.76925737,59.98167614670177,15:26:04,-1
71014173.02160528,285.8494968040722,15:36:25,-1
3457068.791111389,183.35733922939175,15:49:24,-1
3244403.654833,231.9162763378096,15:48:28,-1
59219002.91244768,269.3442461690093,16:23:21,-1
61787889.89149191,25.242702988078808,15:47:09,-1
89981030.22844824,346.5883506544052,15:53:04,-1
81703459.63936245,146.9641503498349,16:05:48,-1
18684911.41984229,155.5030154779377,15:58:59,-1
75466489.08681431,312.4408522888143,15:29:32,-1
59930138.94996901,111.79572054784062,15:48:26,-1
83249823.75376852,116.65831537953297,16:09:40,-1
36144157.82107549,336.2156276019172,15:29:43,-1
54943593.14018572,143.64499003128574,15:42:41,-1
45533906.07104546,163.25353460881155,16:00:14,-1
70982866.76217279,140.46147880007177,15:55:35,-1
89998139.23436767,276.32108142013294,15:47:15,-1
32434968.476183247,278.1828232867078,16:16:09,-1
85492236.75446221,76.34081660771373,16:11:22,-1
80646768.77084449,322.6945298514288,16:10:25,-1
30593758.68213743,54.71571530535021,15:30:57,-1
23586151.88493095,84.95806820133669,16:21:17,-1
17902844.285695173,353.3674648925408,16:20:00,-1
20626632.486791577,117.53213658879504,15:50:35,-1
86398216.08944464,311.48534297098143,16:22:54,-1
75015560.26190732,37.36963883071857,15:55:34,-1
26763968.657080524,271.7432649020924,15:44:58,-1
61382198.48639092,314.04965389572806,15:45:51,-1
46471222.24074813,0.2997816514747065,15:43:57,-1
35987228.231549695,38.9073481111442,15:32:33,-1
20901083.67024863,260.74380580002423,15:27:09,-1
85462393.79954484,154.921143259584,15:45:34,-1
48990143.45752675,66.89246189888547,15:56:35,-1
35615053.870582104,306.35332186906766,15:37:38,-1
25222687.16099573,241.11350200256868,16:00:51,-1
25432233.761860702,297.5689811426108,15:35:51,-1
47898712.0578332,171.2043450141466,15:25:51,-1
26652398.754018266,261.83528293891527,15:48:36,-1
39962383.73126359,26.81875431092999,16:11:36,-1
46193019.43254165,288.3589997300587,15:34:14,-1
2089765.5179616143,33.37602887696161,16:11:47,-1
41574083.2292564,154.55560418711983,16:04:28,-1
68439697.17127348,26.698511694138304,15:53:57,-1
49745697.9596688,218.1666209290729,16:21:32,-1
75708238.39741205,72.10464294250355,15:46:56,-1
29687989.425612263,142.27805625521646,15:39:55,-1
51996308.68712656,333.45552688129555,15:36:08,-1
69846377.88886897,306.580269061947,16:06:22,-1
27526382.77182176,333.99199593577663,15:41:56,-1
68581026.33524564,186.43609506508096,15:38:59,-1
15981063.615600787,169.80869966337968,15:53:14,-1
4699174.380531207,199.48949720598503,16:04:44,-1
83795672.66271076,59.47457478810801,15:52:22,-1
20441628.430327933,327.93034057783274,16:25:29,-1
83594443.91977547,359.41353291883627,16:07:43,-1
42311516.6504783,148.39004166477338,15:46:10,-1
64918123.34637962,285.6609488972464,15:35:48,-1
71825299.61390741,5.338851909129359,15:54:21,-1
63592973.65843809,111.6323017983316,16:23:26,-1
78522570.91746806,216.4179761702065,16:17:53,-1
82161506.63799177,236.64995254718875,15:59:28,-1
73748319.88594775,149.95698621237167,15:27:51,-1
3065388.214718441,23.12065875845625,15:51:32,-1
35764075.71543295,31.40317646913248,15:31:29,-1
39416434.756265655,69.420477143431,15:48:53,-1
54046246.933093086,316.44803455457907,15:36:19,-1
76094204.43419635,153.824065656826,16:15:39,-1
68843619.19002667,195.78579089422388,15:30:44,-1
25446614.3311948,163.23117631052602,16:03:01,-1
28362288.226965506,25.360972348480765,15:42:13,-1
49220054.75185273,67.04042974881256,16:17:27,-1
71304726.36897983,147.88195817278643,16:19:59,-1
78421372.8482071,293.7111089853381,16:14:23,-1
39571427.38669119,72.48607630159862,16:08:46,-1
69112311.05761136,147.01727197251154,15:50:19,-1
79845133.51948227,197.5388493738008,16:11:41,-1
12109319.078327952,83.50982693377098,15:55:11,-1
78338827.04729834,229.84293566074564,16:08:02,-1
55438742.06328575,71.25221525433044,16:13:26,-1
9760551.031363748,349.63300585294803,15:51:52,-1
88092396.87527306,36.44863740127042,15:43:01,-1
46473954.72939943,346.6729997775745,16:15:16,-1
6548338.03306043,280.8561141297287,15:28:19,-1
70747761.3083031,253.12918841539505,16:19:49,-1
14511557.093193822,27.844043851312698,16:24:02,-1
22564916.33646721,346.2884899067382,15:35:09,-1
2658162.694331245,343.3421200840083,16:18:11,-1
44698423.82620386,2.352739693068897,15:46:45,-1
67434461.0110037,35.62301549381427,15:56:31,-1
75817575.59824583,211.2150896938037,15:56:37,-1
45812973.39218474,251.7416325736952,16:00:25,-1
74132915.17583343,149.62214230757942,15:55:56,-1
49730227.992395386,271.1464232018468,15:28:14,-1
44262997.99572817,233.3148037326427,15:55:35,-1
19953133.93729737,348.35886595456856,16:15:26,-1
50637416.380202994,165.97367261673406,16:12:35,-1
74303063.48951115,106.34683835738996,15:47:33,-1
89156176.38336852,114.1062322154956,16:02:55,-1
57272327.76697991,315.04496344132554,15:37:11,-1
53543258.47958322,85.98371331821193,15:59:30,-1
34464384.911060624,278.5264119132403,15:55:44,-1
10937571.942951323,133.48684141323045,16:21:26,-1
24307053.62965006,302.6832083625694,15:26:37,-1
1053872.7343787835,90.62895335444033,15:57:51,-1
52192610.72079872,93.0777648544125,15:36:45,-1
285220.73896584846,283.0164781164349,16:09:12,-1
7224303.013924221,224.64003858748248,15:49:41,-1
39441052.99678282,260.89096598091805,16:24:55,-1
37592138.7949556,291.23774551186494,15:38:43,-1
6077806.559627105,328.41574356884627,15:51:54,-1
6547497.004402485,169.9972764889661,16:11:49,-1
6787226.228501589,207.26913298187395,16:00:52,-1
73688141.38634713,165.15712409626383,16:05:10,-1
25077459.57470332,251.86434768095364,16:20:32,-1
29240097.47865873,0.2762647911510951,16:08:25,-1
23996451.99232456,266.5745816679353,16:09:32,-1
13752951.28562201,215.9560761940288,15:43:51,-1
70205695.24654692,166.8599016289556,16:18:31,-1
5389448.412420574,154.70099647041158,15:40:52,-1
62367670.74505498,233.30506133944888,16:05:29,-1
78290854.99167089,36.16255471292837,15:50:28,-1
81161739.54233308,35.52722498316999,15:53:59,-1
89407403.77266619,69.14869961255158,15:48:25,-1
32330454.179470137,105.4419992251166,15:42:03,-1
43588353.85631329,195.1568927787713,16:13:31,-1
75610442.63893834,177.37551249665793,16:05:12,-1
36279347.02843153,342.07798179905063,16:16:36,-1
13354888.316825664,80.84828616898827,16:01:01,-1
7060075.904311125,259.71859671469485,15:51:19,-1
70403037.16714606,78.0467611554333,15:45:44,-1
67571014.43747589,207.84298033114,15:48:34,-1
13217490.27815222,255.26766153565697,15:48:57,-1
87254485.58111727,349.4022511999351,16:25:03,-1
62956395.70814041,243.82450484663957,15:48:37,-1
57086826.20682849,36.73544897569504,16:18:00,-1
3871241.267918542,316.9135019517822,15:40:05,-1
21046097.462102897,359.1260624390193,15:55:53,-1
29690669.389184237,161.6442451155462,15:52:11,-1
53752913.12276967,120.34946258790124,16:03:16,-1
78146049.45932384,225.9472988150616,16:20:56,-1
52059734.186526135,226.0938105903947,15:52:36,-1
27301860.6709096,284.9059612119584,15:41:58,-1
83677855.42052527,109.22138158810358,16:11:18,-1
1479274.4023376673,339.704604741508,15:28:01,-1
74524152.05364427,57.783981694499545,15:50:55,-1
36355360.77362882,250.03878566940952,15:42:30,-1
43045051.390705645,125.22083899549165,15:51:42,-1
84941329.9702676,152.97632108619888,16:02:15,-1
6241984.868464872,205.60987360224,16:10:15,-1
42565582.5770999,95.00110276488483,15:37:45,-1
27280419.059280746,244.21644436237472,15:46:02,-1
26399002.51955407,344.2305633970959,16:14:37,-1
22107810.28419185,226.53053673019235,15:33:40,-1
40746176.05721916,23.04896726189801,15:38:34,-1
79180008.7659677,158.8979884450622,15:53:50,-1
11070097.01777735,111.23507570193486,15:35:34,-1
62282806.22243654,96.72596166488302,15:25:34,-1
52493964.83888412,319.2517788347131,16:01:37,-1
38851886.46796688,323.8723586830145,16:06:02,-1
84255004.38491768,304.8701818976219,16:00:48,-1
78122406.95627773,232.0724672096588,15:46:43,-1
88903107.98130052,29.260409943156304,15:26:25,-1
68068803.10159898,5.153805806399032,15:29:06,-1
73391572.68724875,120.98985128407114,15:56:38,-1
14856556.59790357,124.27565639909557,15:43:50,-1
37655671.37443216,38.27116006843671,16:23:33,-1
74171506.5142267,33.943638078435754,15:37:09,-1
80693101.64873625,295.9198672808038,16:01:02,-1
80983962.8817217,49.68172256041348,16:10:17,-1
17630231.96316139,191.70683872795163,16:19:48,-1
21297098.081821453,94.19963589927517,15:46:42,-1
55158692.91266084,95.23773249528948,15:58:02,-1
45763010.71341995,355.801325172096,16:05:33,-1
27774681.20250541,175.5970637275064,15:32:11,-1
31489067.79076155,165.53320682351543,15:51:30,-1
17421145.723388527,355.783553368676,15:45:09,-1
79934116.7678479,212.9552907829315,16:17:18,-1
85039197.36339626,339.53873743499395,16:12:11,-1
81890068.58532326,6.502835543339307,16:19:23,-1
6390891.245120863,243.99389117846323,15:47:12,-1
2781067.761216838,162.53771404673438,16:12:49,-1
36600039.91564144,116.53956385870428,15:49:07,-1
76562983.00231302,274.310523635141,16:03:49,-1
86230565.70503002,0.5352034275427986,16:05:20,-1
25219474.059640687,147.95661402327443,15:42:11,-1
14414243.944757346,84.58693341162613,16:09:53,-1
58477178.912170544,95.8949497189891,15:51:47,-1
20441672.249137685,205.30095777263227,15:49:12,-1
6407475.77118444,228.34293219413527,16:22:48,-1
7476882.524321548,286.25536650256265,15:46:14,-1
5401552.908973241,147.2747979100059,15:33:36,-1
76206297.72858125,109.99375893146036,15:45:08,-1
80031166.20883672,209.07591269246208,15:50:25,-1
11600848.788865076,93.26883688307444,16:20:25,-1
24372602.184644453,151.88920435455097,16:25:17,-1
29105861.654773258,233.26826825660203,15:55:20,-1
28652962.038629808,143.5464231590311,16:25:01,-1
9037240.010179318,175.0835647462026,15:50:15,-1
81717219.78601937,316.8435281200452,16:23:58,-1
58309210.760369256,185.53056880126985,16:15:19,-1
58063903.43703069,155.42009010069813,15:43:32,-1
78164695.74026686,111.18160698190832,15:37:48,-1
6078469.284184657,354.602675227446,16:20:26,-1
88519163.5380949,319.7228270015596,15:42:41,-1
23417494.43520243,217.6696328386802,16:09:01,-1
72599321.71070874,66.9215643668306,15:38:33,-1
16567703.429937,62.16382710308411,15:59:59,-1
38887805.77320354,189.41480461670596,16:09:44,-1
64911254.77480543,20.21635096465556,16:18:21,-1
46912628.53709132,307.04721125412146,16:03:15,-1
30111657.42696069,288.1006300458811,16:19:23,-1
23379444.07764459,108.08313838131116,15:52:52,-1
6210945.565120487,37.89549490935084,15:39:30,-1
80931589.371538,86.28534515826134,15:53:52,-1
47684164.86461972,169.06544864277674,15:52:53,-1
70624902.31654197,125.39099348137457,16:10:21,-1
82233136.41352938,300.6979898225995,15:40:55,-1
5302466.006066638,236.49360792913623,15:50:30,-1
77477256.59688078,118.42342340688585,15:54:20,-1
11937098.454810482,290.9207794243655,15:32:58,-1
38980318.1205307,141.65955057681296,15:43:42,-1
46184978.931736566,149.253093532229,16:07:00,-1
87105726.63720475,165.90390893062158,15:52:41,-1
49950163.70225078,133.3336476956366,15:37:17,-1
28010851.300049853,253.89521473174392,16:13:24,-1
47562124.70105751,190.5026325928685,16:07:31,-1
36631584.497628585,62.444851276811455,16:04:16,-1
4364770.209936668,17.93355254870349,16:17:58,-1
17899124.767694466,170.5193231975501,15:38:21,-1
38938260.85708092,109.74480797592048,15:47:44,-1
82831688.9500265,233.5962265561664,15:37:03,-1
60624962.69095899,116.72232986282006,16:01:01,-1
66304699.08381596,279.6123265023725,15:36:22,-1
45328465.3942606,44.30699811255258,16:22:22,-1
30160933.923922528,320.0601044907689,15:31:36,-1
34433133.990619555,327.1399682891109,16:07:23,-1
321027.76290370047,233.98142237050808,16:04:39,-1
32937161.85977464,340.0668549083094,16:02:09,-1
61274760.78174981,221.072862846458,15:31:47,-1
71905335.51817612,56.521041019039984,15:37:19,-1
28591151.04347623,240.31533346107304,15:34:14,-1
78077823.98488234,65.19657420686235,16:18:16,-1
82034203.3625447,147.28829464075255,15:25:33,-1
62158139.1663694,91.78484160915065,16:19:25,-1
48460837.00951312,2.620501340244137,15:52:09,-1
3925189.535937233,293.4449284927045,16:18:24,-1
67935224.95460068,255.58157959001647,16:10:46,-1
85073895.57549661,35.282697021035496,16:18:38,-1
69548973.27815734,243.7494322652805,16:06:19,-1
62043208.53479682,95.19256181391052,15:50:32,-1
71554454.96109962,288.2059646103866,15:38:55,-1
64967294.605720006,349.6815822871306,15:51:14,-1
64834584.04870803,108.61038145901333,15:48:10,-1
4525894.430817555,151.5942659644156,15:35:11,-1
89721936.69972207,245.15369753531155,16:03:25,-1
70417810.04104885,355.7453979917012,16:08:52,-1
42481741.73309979,98.49796953543448,16:00:37,-1
58835783.76386697,20.14542005571593,16:13:31,-1
47114885.21219172,60.64482051878608,16:06:13,-1
77425414.81994355,216.23149892627916,16:13:34,-1
34522768.718132846,347.4492150985459,15:58:45,-1
3016042.362480997,93.915726232382,16:17:27,-1
2423492.0678007104,192.13286421614592,15:52:45,-1
23164311.4021168,97.87536281775591,15:30:00,-1
43621959.81032142,339.1368173058541,16:06:40,-1
79830451.89383829,345.27894872122204,15:30:11,-1
7126008.978009651,148.91996373380542,16:08:44,-1
49910669.10911879,69.77693490438708,16:18:39,-1
19455120.3935265,270.49630126410693,15:35:04,-1
16303660.675632335,208.29265198697797,15:59:52,-1
66941106.58619656,252.1506169697722,16:13:56,-1
31150939.16810469,274.65553705677763,16:20:08,-1
79781708.91766164,241.33156994420708,15:40:51,-1
11648389.05483288,106.0584891127519,16:08:14,-1
42558763.77643192,267.891759539541,16:14:38,-1
39518513.69188152,18.40240140246336,16:04:35,-1
31858399.88289085,35.601860687740654,16:22:16,-1
56076621.67852217,253.78864475299727,15:56:53,-1
33552659.072887283,327.60591288794706,15:44:37,-1
84363449.81448008,262.9303497127226,16:22:06,-1
82049810.63384427,271.59637865105003,15:37:04,-1
26957476.587573327,233.57732862966287,16:06:29,-1
87865232.52529119,8.83523981029347,16:17:48,-1
60924432.31032499,231.56122352666517,15:43:07,-1
39240344.35779264,6.931480998957067,15:42:04,-1
75048671.93149744,125.70353992039324,15:58:03,-1
24468792.9759106,166.97750501195424,16:06:41,-1
12379265.827467602,30.263162455154585,15:50:00,-1
9124671.931166722,346.0143224534493,16:24:36,-1
7238796.473841343,171.00707187164403,15:46:02,-1
89768013.12044081,45.24926689931296,15:39:10,-1
56923241.93025704,194.3136747809597,15:55:46,-1
83942852.1352684,119.18949728498347,16:00:19,-1
7049911.485865479,312.94109138954195,15:43:16,-1
77159787.59840873,258.4900799782946,15:40:01,-1
32915571.01502277,170.97481563349334,16:13:54,-1
71388213.22512169,44.24089621378792,16:07:56,-1
19064373.410553437,17.904491210380236,16:23:28,-1
15233881.78130795,203.3112383565492,15:58:58,-1
89665811.15368243,182.05615760683335,16:19:59,-1
33214353.011160467,253.5422733190252,15:26:15,-1
26263678.77700147,304.1662148093797,15:46:14,-1
81640085.00842616,45.81734971620156,16:14:54,-1
22857084.738799118,63.85953920593399,15:57:20,-1
20004350.048313133,237.1195275871876,15:31:36,-1
23637016.94793322,206.73619769002383,15:51:47,-1
41273588.11702259,355.5279202925589,15:36:58,-1
86778859.95716257,70.79060839006422,15:32:58,-1
50334928.72292281,328.04599973487416,16:12:42,-1
22666725.512151346,112.44629861638626,16:06:42,-1
45550111.06177724,238.68034661289812,16:20:29,-1
43998461.92267722,289.1139872497935,15:54:04,-1
31101505.28945972,230.77047160566,15:41:05,-1
55167099.56752799,19.205842021019063,16:08:47,-1
21346316.396932773,142.0406114495026,16:12:06,-1
70130308.55059485,34.95688599484536,15:59:21,-1
52324167.81399904,182.47497847485613,15:58:35,-1
51529060.53325828,155.32390913392007,15:34:08,-1
1707083.3355326294,81.31998084696166,15:29:32,-1
35909073.28417061,190.5261804694341,16:17:34,-1
17113828.032768298,204.6058647086228,15:30:54,-1
51540632.51062375,217.1957759712724,15:48:39,-1
46967453.32360989,283.13895495576816,16:10:01,-1
26898096.076827142,85.68761890653427,15:49:17,-1
65544603.51912846,327.6034563027792,15:30:31,-1
83662303.5820453,147.20354233625577,15:53:53,-1
25176133.696542952,320.81118973865455,15:27:22,-1
50805446.84570664,1.4784986239042164,15:41:26,-1
70918285.29198372,125.40221648806192,15:26:37,-1
76606871.25569057,3.559742008475157,15:50:13,-1
52239037.04849331,193.58389407817188,16:24:56,-1
38399333.02564376,80.79491628038869,15:36:06,-1
61334537.96903829,324.69631655811435,15:26:23,-1
6756634.541867323,9.764789052547478,15:52:49,-1
44163682.50225066,112.14782818849852,15:34:21,-1
32414694.851111498,116.55897654601604,15:51:26,-1
59677344.66208264,273.25495644895926,15:53:25,-1
20668903.374224797,41.82315490760076,16:17:34,-1
89314140.44997413,114.57186630344584,15:38:13,-1
57582200.03892318,180.44121060380184,15:31:44,-1
80757087.53203239,257.7980592456234,15:52:26,-1
82681323.00885582,37.409268144792,15:54:28,-1
76748649.92816944,152.91029039999307,15:47:13,-1
33087185.05827616,175.34751504884352,16:16:19,-1
13805135.23530704,154.04710451587255,15:48:43,-1
87429282.15091428,236.7019123457077,16:16:58,-1
1722166.9945405489,108.03327159223376,15:36:42,-1
63746950.933986224,18.97430661482469,15:53:45,-1
16760324.104383595,99.77864210349068,16:03:04,-1
70726213.49580164,325.4514152483785,15:59:42,-1
58571425.62975939,212.6382254459433,16:12:58,-1
66244422.96058034,176.3066007934508,15:25:31,-1
55163288.27369466,173.92422377543286,15:37:32,-1
79902940.89689788,53.84890025472022,15:58:19,-1
61814837.12177376,82.05133562464064,15:54:53,-1
10477449.772574022,73.40055248718971,16:13:07,-1
77418321.93120085,35.24393490979621,15:36:08,-1
26035584.20193163,32.356346135811634,16:07:01,-1
53894221.71379192,28.64926841590554,15:53:42,-1
87188041.06615168,59.2345859784032,15:48:11,-1
46472518.38295203,113.22427979829884,15:49:16,-1
47279978.99145994,36.26615545589318,15:45:19,-1
68342056.82136562,60.651650397170016,15:30:03,-1
64167594.154351376,146.9222012328813,15:59:49,-1
88767720.1101012,270.48551215102486,15:47:49,-1
19779030.972761825,18.96801517645018,16:15:43,-1
61449717.0229542,225.74416820237343,16:22:28,-1
84583103.99640793,153.37136746902652,15:47:29,-1
6308104.614895305,326.148782654944,16:20:20,-1
88512480.96142025,278.7330746804924,15:37:54,-1
55171952.94663584,230.66440526673983,16:11:16,-1
11999677.412526218,157.1364860542923,16:06:14,-1
21267430.98430113,197.08676425447945,15:55:04,-1
5897539.574357071,157.8213208625101,15:55:15,-1
15698115.791411456,137.09275658440257,16:08:30,-1
37625477.96989502,19.198222422099008,15:59:49,-1
69024263.33845866,99.70470554452147,15:37:03,-1
52673342.57886164,77.53726037203694,16:01:04,-1
88608927.62731262,159.91167536099613,15:44:43,-1
70886274.48169631,271.13034961586885,15:59:17,-1
86024910.37411386,163.0426425679043,15:55:57,-1
8980986.212202,82.10910718415569,16:02:16,-1
27785555.783020128,208.9594119296085,15:45:40,-1
72008347.10236584,239.770678515834,15:26:31,-1
22212022.01539984,289.9900484853846,15:40:08,-1
57284493.53763767,262.4387520073388,15:49:34,-1
56432367.2951581,329.2101527132044,16:16:46,-1
21501011.607326645,128.94477550903923,15:39:36,-1
64799657.503264025,352.9131334681374,15:39:47,-1
58212020.95178809,358.4031269068522,15:42:37,-1
64977889.01088909,10.469724345915647,16:22:53,-1
5224211.675764985,176.53359774604473,15:56:10,-1
60217296.69080449,294.44240306154177,16:01:51,-1
3351028.360999076,299.13658798406874,16:21:58,-1
86850207.7336547,295.8037790135009,15:27:14,-1
29310771.55155848,186.26795854102767,15:58:40,-1
48537791.58120469,29.184297837970668,15:45:52,-1
68486127.31508313,14.954897771228444,15:29:17,-1
54361556.92803013,257.8956079288962,16:09:33,-1
30321645.96951149,244.0832480052548,15:42:10,-1
73399968.3314889,321.50599151995425,15:57:43,-1
70535587.47152863,205.2034291399401,15:47:16,-1
47579425.54052349,184.1899569391621,16:20:17,-1
5787374.454678276,274.2295750238744,15:34:43,-1
60287530.60821728,277.8077851480775,16:15:04,-1
71456528.86015537,287.02851824154885,15:45:06,-1
20601497.729336504,108.25462012556574,16:12:14,-1
14709160.80422031,284.98900623308225,16:12:16,-1
76641269.91450346,108.6843034969713,15:52:19,-1
81107190.15887444,23.587143768971693,15:42:13,-1
12738192.560156684,249.09940966581297,15:33:37,-1
76733984.78920771,17.076096617921582,16:15:54,-1
24468284.11405839,157.35263710399252,15:33:13,-1
67208845.35722883,151.22138256375766,16:21:26,-1
58449527.5712236,2.564279513762946,16:13:18,-1
54899252.01733539,153.8988031114087,15:54:45,-1
80725019.88275164,142.50776615068168,16:24:56,-1
35600107.85262567,14.525198133141648,15:42:14,-1
69759189.96034847,145.33420275757533,15:52:36,-1
22042628.76821364,234.0830775807424,15:48:22,-1
25597565.69088401,174.604758254904,16:23:33,-1
44975705.69366746,304.618245787768,16:21:39,-1
36366261.55914082,166.7417221382613,15:39:57,-1
75371600.42586428,53.92832301506723,15:58:56,-1
46183845.78769224,335.5419419380301,15:33:26,-1
46537403.92094279,198.69020588238,15:49:40,-1
85191930.28484388,28.21854533184377,15:30:27,-1
17804747.32167161,127.35537824165496,16:21:48,-1
983155.9992550032,227.1813568539129,15:34:53,-1
33672102.393486865,14.698017973204491,15:37:15,-1
63578545.474048376,252.4867352990356,16:10:17,-1
86117663.39060418,175.93184516046205,15:40:01,-1
21347643.98559183,178.7231509076621,15:54:01,-1
72847978.33797854,72.467441634709,15:55:47,-1
56535511.57703681,192.93026751000107,16:02:45,-1
39955130.45057619,0.8272853005956105,16:03:05,-1
69946711.46008839,242.7692864373322,15:58:54,-1
1526890.5627105075,104.73766804182408,16:10:24,-1
64714992.86573654,196.83331136519504,16:07:14,-1
40476228.650886334,338.3311149664918,15:33:46,-1
16231795.593650222,330.9784884836393,15:40:39,-1
52664467.22580412,20.01474751825204,15:27:45,-1
89400488.72928783,131.20032523716193,16:02:18,-1
80851516.89479251,333.23028378927177,15:26:28,-1
71905345.90981849,76.64306438851455,15:45:56,-1
56705342.60787739,274.4755906352454,16:11:24,-1
15371329.310425136,171.8223867561528,16:11:31,-1
70402982.03702101,125.21591463334605,16:21:37,-1
73975141.00148672,36.98224646708297,16:03:45,-1
71718000.17788602,95.57118552995205,16:18:10,-1
37077464.60154761,21.24300294680396,15:27:37,-1
12476477.831131635,331.8680379548672,16:13:04,-1
66249000.17301701,153.01856878856222,15:56:39,-1
22187170.30989044,11.08157912148618,16:08:47,-1
81955600.34484948,178.19289482562266,16:04:47,-1
38184294.64346615,41.29634172115205,15:50:23,-1
61737893.392542414,302.3592115012528,16:25:19,-1
55158907.34706813,197.8291616436173,15:51:16,-1
80137978.2764082,165.5148873512646,15:26:30,-1
44145419.10933235,128.73137226194223,15:33:38,-1
59444929.28013656,17.230743212420336,16:09:39,-1
86860180.2612121,262.46734897681705,15:48:23,-1
23362714.25781438,79.24401429697181,16:18:37,-1
43512964.82696725,103.57701181245731,16:07:52,-1
83565725.8583133,277.2743602307651,16:03:35,-1
69752618.533884,174.87678710122512,15:58:53,-1
39735713.76824963,183.2929029111349,15:55:54,-1
48386039.82395389,255.749214550017,16:20:49,-1
47220686.97662025,205.3337441981113,16:07:10,-1
2064924.207967732,19.296445023246687,15:44:51,-1
62470762.115652055,47.32494399268626,15:51:18,-1
83683174.911311,271.7758814012597,15:33:57,-1
3005623.038200316,335.531320070728,16:20:55,-1
87404941.62212557,26.84556448218061,16:23:52,-1
88122323.06520422,49.4331391966619,15:41:23,-1
48961674.50003541,142.7368521590906,16:14:40,-1
86268004.2537144,236.1330025999252,16:04:08,-1
846511.866392006,276.6276572724372,15:38:07,-1
22816948.12024545,44.80112772685943,15:35:57,-1
264285.7464242442,110.4293232107356,15:56:15,-1
28820480.597318143,180.4524777067541,15:42:58,-1
57457987.82377992,125.01788425976176,15:56:37,-1
68324106.26368707,236.8117351418328,15:41:35,-1
80720622.47586131,270.5343629695106,15:46:31,-1
2920407.2790291086,118.47689603482232,16:16:46,-1
29257998.817158688,357.6367920696763,15:35:57,-1
89392100.91797422,101.27706381292111,16:10:27,-1
27931148.46770288,134.73123337742746,16:19:57,-1
2536965.6275013387,46.31381422845622,16:04:03,-1
87450014.95299606,326.2477844050616,15:36:18,-1
27792097.80161837,198.36069427625105,15:58:03,-1
62513975.9035949,9.866775043570527,16:11:41,-1
13432923.082388356,173.18483035352918,15:55:02,-1
31587760.693194628,92.61986984097794,15:37:02,-1
8177348.800508125,44.35026759742264,16:16:17,-1
80677825.44784136,274.3133490066161,15:53:15,-1
17886634.221511606,283.8300711746755,16:21:01,-1
17304588.451203864,180.38127743222697,15:33:49,-1
36985377.2500567,146.73412787487882,16:07:34,-1
88164765.89983387,85.52209379793202,16:18:04,-1
19033213.474389285,65.44592507290872,15:36:11,-1
18491442.8784308,144.45131212272435,15:43:58,-1
36141553.93289436,191.62062065995664,15:43:53,-1
6265710.478822064,146.7282405993284,16:20:15,-1
29934438.717699356,214.67691726426784,15:55:45,-1
3026250.243932334,257.55206842699494,15:27:12,-1
15289915.240704449,150.47137349264807,15:29:34,-1
63589665.98742257,345.0532395985914,15:30:53,-1
43426178.95107775,320.07616790025617,15:30:00,-1
26919480.42559138,239.9164802700745,16:06:25,-1
25636199.47608786,1.5227634793747402,16:21:31,-1
63209698.45448098,198.20993191401365,15:51:07,-1
32427436.65121511,91.94630920320648,16:11:41,-1
14316771.93858574,53.32624514172431,16:00:43,-1
74466809.80722685,331.33484445045883,16:00:36,-1
7708596.955283678,354.28394848131103,15:30:10,-1
62400194.7777301,168.34945972617493,15:53:34,-1
50533171.98941507,138.35333926029492,15:54:44,-1
69086708.71164206,215.3437461933027,15:48:40,-1
53134348.23730263,116.21789348073423,15:38:59,-1
9072899.934892217,341.871071061012,15:56:19,-1
63779515.62779253,236.9713284765282,15:28:59,-1
53954933.0730196,70.32908583664998,16:19:05,-1
68410843.70690127,237.248594349304,15:25:45,-1
86964869.16486776,19.64339691493327,15:49:04,-1
86532317.0914986,279.1326997362792,16:21:12,-1
3298021.28687475,248.26366100707943,16:01:23,-1
43144748.74911376,155.29084891181907,15:54:35,-1
42839099.965153314,3.6912739495437696,15:35:28,-1
16694238.21466341,81.71830924545087,16:04:36,-1
17115639.644553795,150.01234915560428,16:21:40,-1
61436696.48427755,290.2086221621495,15:25:55,-1
15295334.711264754,252.2486937162894,15:53:03,-1
49254952.997082576,324.7347254102468,15:57:00,-1
66222263.44940517,359.8566907133449,15:37:50,-1
18841310.91836354,119.2424345485696,15:39:27,-1
68729604.14665638,329.81026892891146,15:47:33,-1
81248951.628335,69.49183080882483,15:46:39,-1
17141111.684534024,76.12724818361981,15:46:16,-1
18029070.637134485,302.73548195986626,16:12:03,-1
38367246.02263118,300.9675450256294,15:44:21,-1
15187077.848684795,10.876065210354463,16:01:26,-1
14386840.854830334,45.519181739533465,15:28:59,-1
54147162.63539399,276.67794912001176,15:32:40,-1
75553953.65524942,158.9166259832594,16:18:31,-1
81273515.45827758,114.5012851026794,15:50:38,-1
79997767.1439007,275.14704134753964,16:12:42,-1
38318480.31802441,128.7583674203493,15:33:28,-1
32306685.683995973,110.85606546968394,15:47:04,-1
7370852.364595212,147.98739626366822,16:06:13,-1
33547454.09392006,238.25501926115797,15:57:21,-1
43910897.27363098,341.3419984683503,15:32:58,-1
51351720.79903798,287.07075982095245,15:33:11,-1
47922488.89107959,356.7620489684194,16:11:10,-1
64725762.62607452,307.5603692675582,15:55:51,-1
58353451.30635139,70.21118349848534,15:48:04,-1
82575020.46742192,119.8652968873272,16:08:25,-1
84049908.26002772,153.63578538765566,16:22:56,-1
78910943.13907602,294.54295176690454,16:19:53,-1
77052458.67739408,112.18089613307912,15:53:10,-1
8459400.582719587,313.8834028656363,15:49:27,-1
24148685.67134911,281.1833376993065,15:56:50,-1
56915240.66970734,339.0729152143226,15:48:10,-1
10049118.740101663,9.009202371864934,16:15:04,-1
75634641.58787934,191.3665345522855,15:39:10,-1
5274698.763332447,337.4669322619802,16:11:32,-1
66053905.0628605,154.39356404169965,15:39:59,-1
9599141.153878115,278.3637502965886,15:25:45,-1
17966034.570950773,29.33759719459856,15:31:24,-1
16805260.72960676,308.13797050414667,16:13:54,-1
9170834.155128185,203.82117494204985,16:24:32,-1
12677569.172938596,114.43109466535046,15:32:22,-1
88574104.99354847,28.27797033251689,16:11:17,-1
45238150.41455276,31.333771018983214,15:27:21,-1
79573648.35311344,103.62999004884313,15:58:57,-1
59423553.27545767,208.88835548034737,15:44:41,-1
37867017.9956829,253.36024071524167,16:00:21,-1
5450797.513410808,138.40391415061353,16:00:44,-1
40926978.95391465,267.3271119778228,16:02:17,-1
58788887.490639865,143.37060446792108,15:56:37,-1
64368362.45437655,281.47965069070904,16:04:42,-1
22376424.457296677,304.2929114016009,16:21:13,-1
39426536.02133785,129.40051356940404,16:07:33,-1
34836759.403638005,18.972583828473915,15:29:27,-1
89135760.97753495,233.05589945772712,15:32:34,-1
76866860.59256347,224.49452563437663,15:35:08,-1
84703914.01568349,216.34852681575217,15:50:22,-1
14891436.621767947,112.89771081609602,15:47:58,-1
53259973.54940228,281.00387495228875,15:33:21,-1
12592423.442716958,354.3966700847452,15:32:31,-1
1116783.3878390037,183.82386081569888,16:21:26,-1
22952047.13079421,239.13810218440008,15:44:13,-1
13389637.14843714,89.87989250790346,15:38:15,-1
77917999.82874432,116.91598158873153,15:30:19,-1
49523366.00738739,61.16905168208986,15:44:29,-1
72669552.21421802,322.9352819271462,15:52:49,-1
39649291.36941356,242.64303573269405,16:09:30,-1
26540738.05625654,334.70759700970825,15:52:33,-1
65111522.92785287,111.2191808498339,16:22:40,-1
56599153.80720836,80.62197408549453,15:51:17,-1
75327686.84225899,135.9066206645256,16:20:10,-1
56493466.06990134,209.1209161777528,15:42:46,-1
30912357.0603416,200.3603579138457,16:22:56,-1
5700879.363726023,173.19738830483777,15:51:48,-1
40106374.63136609,166.48078837159184,16:09:24,-1
64349570.88408761,104.88751420498404,15:36:12,-1
19031325.286877897,192.15498768274296,15:35:32,-1
37397599.84891261,274.21300339328474,15:39:17,-1
21066413.21838136,83.06506991056922,16:15:28,-1
59410593.28821163,343.82770213464096,16:15:02,-1
47757712.03462608,334.21200192158216,16:14:43,-1
20241449.74248128,202.1828771401467,15:43:17,-1
5153755.10429751,148.3716638761664,15:42:55,-1
89816405.7913337,166.91945682711645,16:09:05,-1
87699704.52099785,277.8142177537827,15:38:33,-1
8314346.384899077,172.68235013771834,15:58:39,-1
45633635.156450994,2.752444901550444,16:12:04,-1
31480017.23544481,86.38726037243373,16:13:35,-1
86229573.40307775,291.96461300514216,15:57:27,-1
20931610.01268487,106.46846321470132,15:35:07,-1
50160922.14966212,37.876087700782925,15:37:35,-1
77487221.83156593,351.742812955037,16:07:38,-1
3242533.2548898524,30.97599707459249,16:09:06,-1
78511867.39536852,260.5641624846837,15:54:20,-1
38291484.4104587,87.35694459947834,15:46:32,-1
53461498.69532464,11.478806559810996,16:00:29,-1
85845230.33440004,10.37355374215698,15:44:06,-1
54956026.18410418,169.4214154593694,16:15:28,-1
71444822.59880555,87.47662568900769,15:57:11,-1
86892355.42505288,304.99721481214544,15:37:31,-1
32663802.018358715,237.40987924862503,16:16:15,-1
6312021.898571211,69.29199655049423,16:04:02,-1
63194161.72298546,227.75297600227,15:58:26,-1
382175.45977888815,79.14581179509206,15:27:11,-1
88080327.38413098,217.2139020093123,15:32:37,-1
18962678.759460047,87.83949538369338,16:01:01,-1
28430017.027347185,262.6460045229769,15:39:14,-1
80146260.18209621,184.6983442484072,15:40:04,-1
80877556.16015345,209.4900409724696,16:24:47,-1
61360697.07759458,190.78087002715,15:48:27,-1
84085621.7395293,217.44830861294363,16:23:27,-1
77805058.05520885,99.6559472753252,15:59:41,-1
81423296.61970858,26.255798949975,15:50:49,-1
47493060.49407853,257.90142250429807,15:28:58,-1
53917384.29674443,122.03401873665368,15:53:09,-1
41149764.56809536,219.95939525432115,16:17:40,-1
5072777.654631459,245.25638834021623,15:48:46,-1
38187874.87091037,228.51812805194544,16:03:19,-1
24043502.522231363,165.0884394889395,16:05:19,-1
75763047.60248992,216.2268636268622,15:39:30,-1
32695120.208135568,274.4549934651013,16:15:12,-1
2718426.9599520764,83.30095329088775,15:29:23,-1
17749289.51509527,231.36900894227816,16:08:50,-1
62640918.15322901,172.9436018294466,15:51:58,-1
4099086.10454888,56.1190178123704,15:47:07,-1
27923359.59345673,309.6885917610249,16:10:30,-1
64580134.52717429,100.33329873707528,15:40:50,-1
35225254.108277954,64.15499769079017,15:58:53,-1
66771594.36071648,175.1308511935567,16:14:20,-1
72029502.75106162,1.557717056854262,15:41:41,-1
63943537.622206844,274.7875993378085,15:36:45,-1
16915560.610987373,74.83932171548246,15:32:10,-1
80534670.3442309,83.0400952703698,15:27:14,-1
14310096.363179907,278.81407919112667,16:04:26,-1
27130373.69240766,286.7590192828728,15:43:55,-1
56000475.31087892,17.70244746623293,16:24:05,-1
83934576.67880152,304.7505560552654,15:42:31,-1
89180339.45706415,155.74508186699515,15:53:15,-1
42279522.28476891,61.09318173974205,15:54:11,-1
13182730.840713656,178.1758263044595,15:58:08,-1
82090024.22165346,151.85568414056246,15:25:43,-1
54830952.873539016,250.99105435933447,16:24:52,-1
27907298.663345437,331.8318531999241,15:29:10,-1
66648864.80657304,225.1659734794434,15:37:40,-1
62758629.22935658,254.9856061820539,15:59:52,-1
32179936.229679387,329.2785211352276,15:39:38,-1
31145522.923220653,66.8502885849689,15:41:18,-1
76073755.08875878,230.35956353679185,16:18:34,-1
83322585.12563664,213.55867231621107,16:08:21,-1
57107858.25015943,335.9850143629848,15:57:12,-1
22252623.75740598,338.3440448884742,16:10:24,-1
81358656.77491543,328.6049335640704,15:26:12,-1
54140603.20667692,102.03104247562246,15:31:35,-1
61293361.3123226,153.4688890380302,15:39:34,-1
57735369.42355868,330.35873784882983,15:38:40,-1
81426566.45406713,132.78439365072182,15:45:20,-1
11222068.225045208,12.253311632378878,16:02:55,-1
54320973.09232634,112.9301727336564,15:29:43,-1
84031696.56744793,252.39026600599416,15:46:01,-1
3827017.192817192,248.50482780341616,16:12:58,-1
71372425.37525755,98.9326122230813,16:15:11,-1
87126905.88526358,227.2344320815191,15:37:02,-1
61671299.022740684,333.3657143810296,15:46:15,-1
85226149.75641751,215.76136839363852,15:52:52,-1
69885036.73938878,213.6372185341712,15:55:50,-1
73313273.72914538,69.58948217203091,16:06:59,-1
27980323.11394804,140.17546202126692,16:07:00,-1
2290404.8682530457,339.3039384902134,16:23:28,-1
46715846.84332667,161.1996067846407,16:20:23,-1
16701611.595133549,61.66430630579131,15:59:32,-1
14509622.704982432,346.4438961500176,15:43:49,-1
35584097.43180646,286.1334234190531,16:14:32,-1
77811574.97015601,5.661614046822145,15:27:05,-1
16592398.362213992,307.55751043493865,16:09:40,-1
8461912.260717532,230.27913636265905,15:48:05,-1
2757225.832752144,96.54443484424812,15:52:34,-1
54144963.83675103,91.59370104491975,15:49:53,-1
88507123.52511995,245.72310038864555,16:07:13,-1
4293303.984769874,66.63949210508756,15:57:16,-1
84434474.88152958,43.881797296174746,16:17:47,-1
75027754.02999759,117.098631145169,15:58:23,-1
8422036.357693855,208.2032994348245,16:08:46,-1
87077662.68206279,68.83481350509048,15:33:20,-1
68780535.45153692,164.81615848807024,15:59:49,-1
69609605.80179502,150.673812202678,15:46:03,-1
33270658.903723314,201.6392331231507,16:10:58,-1
5097156.82831677,38.50310242497886,16:10:48,-1
64042724.16055715,140.22696064704752,16:02:38,-1
14094622.01540871,65.23632601009396,16:21:13,-1
9490467.345971731,91.8427974055454,16:15:42,-1
13682488.632136624,218.223703361716,15:37:57,-1
23659686.732601557,211.95085007289387,16:02:18,-1
70341859.94078039,45.4539999963437,15:47:43,-1
88523546.05632302,28.0612438969208,16:05:16,-1
27352081.44511272,267.61714233758005,16:09:57,-1
19428307.035444528,42.90179639017256,16:00:13,-1
21518989.22476396,73.64359113394416,15:54:16,-1
87747698.94049415,224.36885192861124,16:06:54,-1
15032621.185404751,23.044462987097223,16:01:26,-1
2017276.765337485,0.4456636344844433,16:00:03,-1
61990133.15606941,162.6678478992614,16:09:44,-1
81919737.49196985,188.7857567531684,15:39:19,-1
36756001.54942013,150.28439595135862,15:32:02,-1
19658521.333746094,358.5429153297854,15:41:46,-1
84229732.01618059,251.7445683682112,16:23:30,-1
67499087.5319991,79.31441244185356,15:41:21,-1
73322018.00178309,300.33738565091204,16:18:36,-1
32285117.638419498,69.83415442121931,16:16:27,-1
48119386.89778001,226.24104790136,16:05:02,-1
62934424.981393725,191.09140895147604,16:04:48,-1
51743848.698540606,177.27724215229705,16:03:48,-1
78495421.8634632,317.10132989683217,16:01:14,-1
76345393.21829246,299.4354775559321,15:59:21,-1
53290897.520982005,250.4080176494693,16:19:27,-1
67020040.278508045,262.93411481113105,16:15:51,-1
38895780.34572901,112.52758119498452,15:33:01,-1
58611983.17782348,143.03547132253132,15:43:24,-1
60790864.21463321,36.28702541809118,15:28:27,-1
35961068.565037265,270.03861803924826,16:08:12,-1
63983716.702821255,184.3644001387668,15:58:08,-1
44847898.66261348,248.1352760422563,16:08:32,-1
44618735.25225207,61.633916111531406,15:41:40,-1
54344440.531551294,138.92999583272044,15:47:25,-1
19521125.6802898,175.54973629222542,15:43:47,-1
37144320.60731647,34.38694034326067,16:24:55,-1
88787743.45414871,262.3937039877513,16:13:03,-1
47057237.766812295,166.049018506518,16:01:03,-1
55317035.309806325,146.77618320499366,15:32:25,-1
31364887.065181047,25.63037829687091,16:15:01,-1
28176697.818293825,303.0866194458228,16:14:34,-1
60792285.25809791,158.3480874080526,15:54:28,-1
54183107.66593479,126.44497753529755,15:52:49,-1
61598269.77705319,170.32750278061897,16:13:12,-1
41026033.4284223,46.28834667735335,16:07:02,-1
47715780.78721686,255.64619894393297,15:29:40,-1
50138885.96770439,309.0402354056392,15:49:22,-1
72351401.71237601,216.5036497925329,15:38:19,-1
38677803.10960633,315.3283516798072,16:17:03,-1
77890088.40139578,140.80220141350225,16:16:41,-1
50459250.26919475,211.07008741317787,15:57:59,-1
79539562.60481796,258.2743666133446,15:58:05,-1
28193649.62553518,291.31386165260847,16:06:07,-1
51291207.871993065,344.6824482020562,15:56:49,-1
37284506.0057656,113.78257764362512,15:43:55,-1
24736737.431972224,98.2651073634772,15:57:24,-1
48632229.95322028,86.9321727827306,16:10:14,-1
21640210.127810083,139.78603178832043,15:30:44,-1
23612866.165393297,85.73049566363362,15:45:21,-1
44470279.68021613,47.011995958250296,15:53:44,-1
48287719.47518577,197.1344451213896,16:08:37,-1
61155946.76661609,157.95930686368192,15:53:24,-1
19134255.389586683,159.96166709798038,15:40:53,-1
24977923.78377642,302.7728883172496,15:51:22,-1
26971931.846788995,138.9794687014525,15:40:52,-1
40700458.02165321,30.28226612628519,15:48:21,-1
16267775.94341173,90.08225765439796,16:04:59,-1
10206912.137481414,156.8377242509907,15:31:24,-1
72301288.28507414,40.50905297061213,15:59:03,-1
3220030.634078696,128.81778826207892,16:16:23,-1
23713223.387119688,302.3984281224812,15:33:46,-1
83115487.6275585,80.3360844099292,16:10:04,-1
10247207.49781989,236.5707782074041,15:40:14,-1
67039705.08290509,335.0959677975314,15:26:00,-1
38423166.7538976,218.64546211144545,16:11:24,-1
40333501.51520639,270.4988554846625,15:45:17,-1
26705929.860026736,49.45620336803059,16:06:16,-1
3829560.9630888286,191.5573482747688,16:22:46,-1
74714030.24901302,290.40109051582203,15:45:21,-1
8216389.467530718,239.6584163533328,15:49:12,-1
85049496.07061946,164.63447132488065,16:20:29,-1
21342353.756909277,340.09233969023404,15:34:43,-1
16628463.819870844,354.84465023928414,16:16:49,-1
81256031.57002859,269.6712543135336,15:25:43,-1
33566120.83206671,355.5571631122749,15:32:11,-1
43042352.704427965,192.44812389871527,15:36:55,-1
54649063.25581497,148.31811458391422,15:29:29,-1
19118828.5567669,232.07481866330704,15:45:56,-1
41575621.98052244,323.59641330283665,16:12:55,-1
76958331.0729641,164.11758942409406,15:46:21,-1
7955178.686943616,30.16542373151637,15:31:11,-1
49517779.46983647,298.95540215722275,16:22:59,-1
39192401.434926,324.5692815100969,15:29:59,-1
69613744.56318164,118.59758275015326,15:37:52,-1
79825303.5149644,92.45687407175832,16:01:26,-1
14532716.383374693,330.7797462907729,15:43:07,-1
71497088.81860596,325.8434232912889,15:43:02,-1
21753882.57714518,322.90244923105166,16:17:45,-1
63031237.55613381,193.90727940990232,16:05:50,-1
7557214.246540448,352.4050954695674,16:13:44,-1
23151111.72223141,354.0362235385262,15:45:15,-1
20179151.24401214,255.23450378663887,15:33:12,-1
10999891.904419364,222.09642210509887,15:55:49,-1
60927207.33828348,195.1170430233976,16:11:27,-1
18414705.40763735,116.03114759296156,15:55:25,-1
41365553.59673446,13.55806496349128,15:42:27,-1
73034110.5168218,194.27385283000484,16:02:08,-1
29245932.927877773,45.6953298638113,16:08:07,-1
70919256.51642594,51.63924683257419,16:13:44,-1
4520047.422029933,20.07801647123969,16:15:41,-1
30222342.596584365,186.1278864756732,16:00:35,-1
1720345.603303769,82.2737849583822,15:54:05,-1
53881073.44664009,278.5064816106321,15:50:46,-1
46592738.03808044,63.01774192430744,16:17:57,-1
18698690.809299976,195.96874306907276,16:14:57,-1
60305911.831108056,341.16139455376714,15:47:51,-1
53679077.69121014,165.22323511391866,15:31:37,-1
84732320.6194271,306.10995307759725,15:45:31,-1
27079390.930859808,347.983852669492,16:12:35,-1
8343735.350055715,65.53121574549176,16:23:16,-1
5201833.661851893,300.5564187943808,15:57:39,-1
22378606.85616207,302.8711049261548,15:45:39,-1
57221984.21690145,111.728179763687,15:32:49,-1
17549411.74331114,334.74304355101066,16:17:31,-1
34859771.55072482,109.04705221955447,16:23:44,-1
26984148.271914925,347.8323816337113,16:12:33,-1
87383853.21613152,95.15266919744352,15:43:23,-1
57940498.490845725,60.29846845076436,16:02:40,-1
2089610.7002223877,346.10816244260883,15:28:09,-1
4675955.288570428,283.253476983325,16:20:29,-1
48594929.07490409,0.7030007157009477,16:19:58,-1
80440179.96964629,222.47677450145716,15:58:59,-1
45512258.16703031,193.5185704597501,16:04:32,-1
27377774.854720768,130.46560628285812,15:35:10,-1
39955629.10919704,262.192418346511,15:41:17,-1
50875042.54091636,206.59631537024123,15:33:53,-1
63343708.05570179,210.0626879798114,15:35:05,-1
21476313.92039578,250.1565101778373,15:38:39,-1
32289856.88754037,185.22555042984555,15:37:02,-1
73876579.60908943,319.1233610690256,15:50:12,-1
24538534.457623404,128.3465291262267,16:19:41,-1
41818023.70739322,36.57775333833945,15:28:03,-1
60656370.74752048,0.4249518958161102,15:33:14,-1
22130850.83982678,105.03228976823128,15:25:32,-1
8811007.122690033,344.7083514919033,15:40:59,-1
7519947.695257523,16.249582399248123,16:24:47,-1
23800908.95915082,323.53588150655713,16:07:05,-1
35994358.88830923,213.47602044734003,16:17:12,-1
15897813.113406822,120.05299763819836,15:28:52,-1
73342958.4837654,294.75324479954025,15:41:47,-1
7634251.771292161,67.59827349159869,15:31:41,-1
89584426.11886176,195.84021089554244,16:12:01,-1
74805078.51281375,97.13726519925478,15:47:15,-1
52000836.66442206,305.2155366623527,15:45:42,-1
25260941.5003078,45.12781081185269,15:43:45,-1
33447191.17521714,300.35900662497744,15:30:38,-1
38181949.04392629,233.4368152315976,15:36:47,-1
69445394.1832298,29.33238331482492,16:06:50,-1
36748782.505556375,1.6341883165106983,15:37:43,-1
16292517.702752007,353.77053045170766,15:39:32,-1
71068604.17351557,311.19722008531045,15:44:54,-1
18974670.280076478,137.94457657895364,15:40:39,-1
52338585.73871722,280.8457398082612,16:03:32,-1
28097454.95748205,246.37895311415951,15:25:52,-1
54272449.59428643,154.6332818083709,15:26:51,-1
51555255.26625185,351.21404070300093,15:51:57,-1
78986492.58072762,171.08917993307458,16:22:46,-1
79747216.20793575,132.91276447570365,16:20:20,-1
28050435.63010954,336.17832618134366,15:30:24,-1
22143259.72419172,191.1386701141309,16:12:29,-1
12314133.34561586,82.99726921532576,16:09:04,-1
77607234.10643026,127.86922768243625,15:33:14,-1
21917831.790997077,271.6004033831305,15:55:41,-1
3731968.315659511,300.5250022056037,16:24:14,-1
61220071.14503118,163.96519487167313,15:43:11,-1
9032121.626774743,357.10667073466664,16:07:45,-1
56370664.355732806,147.33060921731789,15:27:09,-1
15837054.885013878,132.69331184415427,16:16:49,-1
86806210.45008321,314.7461272452532,15:42:08,-1
17141425.307521317,255.85350546864723,16:24:10,-1
42778533.33683631,55.71022014972343,16:20:41,-1
2341112.0942322887,168.55629970298645,15:54:18,-1
85208468.51517911,91.63620299188494,16:09:56,-1
45516633.85218015,17.03516992165995,15:54:13,-1
48774253.66144167,36.56631214730879,16:11:25,-1
59800526.98552665,348.1889839402157,15:45:43,-1
6380888.573495955,260.6292709619348,16:24:10,-1
35177747.13286798,177.29677927010263,15:37:32,-1
66553012.91910678,314.2525780868229,15:52:56,-1
31651079.396873504,156.949950136433,16:07:54,-1
46597854.19357415,216.2239111977511,15:55:44,-1
4360946.92327482,196.98008339878268,15:26:19,-1
18756351.11584624,126.69772684823772,16:20:49,-1
46030386.68504527,46.317487538350086,15:38:37,-1
50416085.794870175,138.11546174178235,15:43:55,-1
58493576.2098906,64.07313666033957,16:07:14,-1
21866085.31119321,174.91092490165374,15:57:35,-1
31207651.81879721,135.74922108381566,16:07:33,-1
86011437.74756289,212.2144865945324,16:04:48,-1
42381314.554503456,268.1800224415146,15:31:52,-1
83199808.88332435,225.56579633179345,15:31:04,-1
87267229.12145102,111.85241734050403,15:55:10,-1
20663877.51749534,61.87266736406068,16:04:06,-1
60147259.76456472,152.8501468688374,15:57:50,-1
7682426.10292145,34.87279028498677,16:18:00,-1
20214847.786083404,75.87668980677678,15:52:08,-1
85344864.6008459,195.06053018649305,16:15:11,-1
45253447.66819528,132.43828080000762,15:59:35,-1
57193438.36529584,234.49162942140143,15:52:36,-1
50785318.68858571,262.7778443783632,16:22:46,-1
19121828.122647382,227.7108351384585,16:13:15,-1
32577849.15815748,189.06729030732927,16:24:26,-1
41226945.920325816,136.0409631715242,15:35:49,-1
55303810.46112599,29.50337362071884,15:51:24,-1
31827314.99517049,102.47736434879522,15:39:05,-1
72439597.21979462,308.556448347767,16:00:27,-1
48797082.12214129,94.29933929464644,15:28:12,-1
62001334.27696008,44.91580477332482,16:00:25,-1
24126373.89739381,332.2844797445484,15:42:40,-1
84411556.57926556,92.66052210538533,15:25:41,-1
36730424.65333551,51.96666872061152,16:19:14,-1
68427050.69720013,20.658036550452827,15:33:35,-1
58544226.25713768,150.781593607076,15:38:29,-1
37989055.681603104,306.89312627526385,16:17:12,-1
43276547.58654783,65.76719507939808,15:54:03,-1
58349585.52575077,48.08293016687541,15:29:27,-1
18240161.275500134,230.9996955040723,15:48:01,-1
20566065.852813795,265.3984539853009,16:25:26,-1
82285463.25599231,214.0198605102931,16:14:28,-1
87300496.60417855,51.6039849321632,15:25:51,-1
38522819.27514223,206.2181992102601,15:54:21,-1
84073353.80750164,17.298441148604418,16:07:15,-1
15901024.148975406,41.25143202302749,15:46:53,-1
20517557.48782211,206.593514224346,15:35:49,-1
24540298.308017813,269.7819769048743,16:09:07,-1
28014994.26363595,68.0907249602003,15:38:47,-1
14866092.613075055,323.3857153287016,16:06:51,-1
48566636.645398535,28.027857147726557,15:57:40,-1
33868678.96270052,192.16613881160285,15:41:34,-1
44175884.244024366,183.66933016586685,15:43:02,-1
43952698.46243718,295.41339777713466,15:37:30,-1
24349456.384537738,103.49133635595818,15:31:54,-1
61685314.098812565,204.02417514838447,16:15:53,-1
56508912.28454909,347.4148261005647,15:49:36,-1
59633788.575368494,86.37244045382455,15:41:17,-1
84175034.70493643,258.66588353530886,15:56:59,-1
21206802.595680203,204.63664840263408,15:40:09,-1
54278527.88893053,312.030472878393,16:21:40,-1
2126535.7526344275,212.01152592413092,15:45:52,-1
21619510.17974973,84.86455910895522,16:12:03,-1
1696492.360294809,11.547909553788154,16:08:02,-1
49483601.348852046,199.86985492874143,15:42:44,-1
24843685.390193976,1.5115243524476485,15:27:26,-1
50317449.71544487,10.359801167281915,16:18:38,-1
50688936.58981577,40.0396903936992,16:13:40,-1
12604921.788375704,267.88628300208745,15:42:30,-1
3058030.782457521,136.01899093943314,15:43:40,-1
24406396.47769592,246.29089754488,15:46:54,-1
74531533.26330146,335.2812264205677,15:29:48,-1
6272497.087228167,81.01513355851685,15:54:34,-1
14421214.06704348,146.79010195546692,16:01:02,-1
25510769.569997214,345.70084831740775,15:30:08,-1
74803667.27097498,225.4233408066777,15:36:40,-1
85921599.88812503,20.50926858074723,16:04:21,-1
64964572.30149629,74.59452412782622,16:13:11,-1
47177241.75269142,220.1473014442863,15:42:49,-1
67089313.04142399,177.9544204662104,16:00:09,-1
83726112.82160029,219.0499480072688,15:45:40,-1
2463700.834429736,90.47919840799516,16:00:36,-1
62957545.69199387,97.43334676978516,15:35:28,-1
34893151.91482028,128.50825995957194,15:52:52,-1
42488542.58813725,231.42688775834668,15:51:59,-1
88577183.47259474,19.16830222769866,16:01:48,-1
6335477.972485204,349.0963197647964,16:05:43,-1
13580090.951800965,254.1554039026516,15:28:12,-1
26037262.009544645,198.0872694456461,15:52:28,-1
31150606.838104665,84.5193341964463,16:17:02,-1
87044050.92300132,281.6554094494442,16:23:44,-1
86631426.68986864,121.21583397071706,16:25:19,-1
56771923.7491258,129.3575395100031,16:22:41,-1
44457179.4087913,319.5844654539069,16:11:40,-1
10439305.600037666,68.47459670471163,16:14:33,-1
544544.1060164673,303.53229389134924,15:35:42,-1
39936065.95355617,167.46201273912183,15:35:07,-1
23204929.855304856,281.4199360938573,15:42:50,-1
22012367.02793337,110.4136707154864,16:05:44,-1
53137805.11159285,290.9895608699312,15:31:11,-1
82616010.35372075,145.02438110007347,16:03:25,-1
45674289.01385722,219.75595861401203,16:17:09,-1
35521986.438892536,5.869715565305729,16:17:36,-1
32978747.34617701,76.04149938513072,15:56:50,-1
57801098.89015368,283.7553728529219,15:44:11,-1
56635028.12722623,338.4614514836185,16:00:53,-1
18285016.87895698,63.61203913644691,15:26:11,-1
18209387.199001905,245.74220483867276,16:16:52,-1
74044492.65846138,59.518638263367706,15:53:42,-1
15329449.022297664,224.37177917844377,15:37:16,-1
56123945.60798801,307.5555249583657,16:07:13,-1
64714984.78767722,358.7809630700009,16:24:16,-1
4086652.373405903,13.337291068412256,16:17:26,-1
45452149.74672429,301.58006729628954,15:54:30,-1
82493394.17256917,356.4331565892576,15:46:04,-1
7085855.967499359,144.02535330790275,15:38:19,-1
3429236.983568497,39.74220480738937,15:56:35,-1
9249731.428748371,123.413781603799,15:55:35,-1
43928233.079331785,17.424172766213456,16:06:59,-1
53561943.35943423,218.76193066431324,15:45:45,-1
62507003.99115643,218.64249279176545,15:55:44,-1
27909818.370748643,132.08871598972758,15:33:39,-1
55811758.185964,347.1261511509089,16:23:50,-1
13333117.90650876,236.0114048173095,16:03:14,-1
60546002.68117583,105.11103582394776,15:42:12,-1
47862593.58850672,86.89309540470384,15:35:31,-1
44281089.22879986,187.4108419844364,15:48:04,-1
88033901.52283484,245.37227206607312,16:06:17,-1
57493183.68864216,341.07805087797544,15:51:51,-1
36213107.04765748,142.26832750186347,15:42:56,-1
16972950.128479514,122.43236930835758,15:38:57,-1
35285972.72296622,201.9156621931681,15:45:06,-1
419593.3087895364,0.1039139120396415,15:47:22,-1
30538206.691196952,281.61297940753406,15:53:56,-1
51021773.31821247,133.9318827220481,15:59:34,-1
34253800.5458517,86.06307301872926,15:54:18,-1
80431635.72634159,348.0481737008095,16:06:46,-1
36742067.99523802,227.9803750669723,15:51:30,-1
51479007.34373789,165.5739367875594,15:30:01,-1
333501.40909350134,73.97161530171525,15:32:39,-1
58246175.27669516,250.7927838587737,15:38:19,-1
89121646.91868798,357.3966368858013,15:30:25,-1
5102675.025186485,157.88279081080526,15:44:17,-1
62452045.00942762,274.6429203328254,16:24:01,-1
51280358.11955875,310.0442635499196,15:48:51,-1
78674390.54585376,48.81966157689007,16:03:40,-1
63076975.32857738,260.3576779534976,16:18:30,-1
67238559.45828104,325.2400632039468,15:39:02,-1
47592387.3868838,144.32006132969292,15:26:02,-1
54563586.48425453,52.784566655987206,16:05:17,-1
3176958.7185261804,359.8011673929432,15:39:04,-1
67265443.86187236,312.6236382644779,16:13:53,-1
70471140.60160972,2.2554440602926418,16:20:20,-1
21908660.19783649,42.39817290227104,16:04:05,-1
59784718.26331214,237.48417045451475,16:08:14,-1
77984402.3414822,187.76465959288325,16:12:27,-1
34452126.60861431,43.88630576615645,15:59:58,-1
34212515.56391103,312.8787875819719,16:05:55,-1
68154708.89434557,296.8352429892735,16:04:29,-1
57787452.47054246,280.64815413865347,15:30:05,-1
4167560.8868684354,174.6007415542417,16:19:32,-1
85632858.72158909,91.3410534473288,15:28:57,-1
5095636.132480965,320.0745930012477,16:00:24,-1
42237843.77206706,187.950329973452,15:36:10,-1
68171196.91637875,345.9211697999972,15:46:27,-1
59505231.905863024,323.2874694789371,15:33:37,-1
66756483.19683284,31.890530109417888,16:22:47,-1
15580477.134263683,309.83506799063287,15:39:19,-1
25057207.6220052,303.76873826832,15:43:22,-1
60510956.76407562,50.86449100762677,15:42:54,-1
2100667.664741488,234.994525787176,15:39:27,-1
15460292.87958651,231.3289806357945,15:41:54,-1
27471190.224659186,307.4348569464331,15:51:33,-1
81079667.77557684,327.140132502804,15:40:49,-1
42896576.01516385,190.377954345026,15:59:55,-1
22852913.379194457,56.66942359122385,16:05:28,-1
45397529.81099961,277.0115343480853,15:57:23,-1
3805158.470391935,4.525677449192771,16:24:43,-1
44321092.16527303,244.2109377649172,15:36:00,-1
69380391.46433097,313.8551374434437,16:03:44,-1
69276345.88917768,253.65398527273663,16:05:04,-1
60710781.91639584,45.35622892548063,15:50:32,-1
39177222.1674545,243.9107371417244,15:34:26,-1
6264570.346605195,195.00631477583755,16:25:26,-1
22831250.851955254,117.57343911153951,16:17:21,-1
35775761.811176784,67.14745013863953,15:26:06,-1
10817803.254840778,101.19528357606566,15:55:23,-1
57134604.0807544,171.50634579269175,15:58:36,-1
28405478.73629462,296.7194922838398,16:19:29,-1
53054276.36152937,325.8506075799099,16:20:21,-1
52531227.939105324,212.67828815772796,15:35:02,-1
82367782.47594613,135.2348165031117,16:17:58,-1
7864491.284474123,42.499495656529824,15:31:37,-1
47339956.843450606,236.82755907408344,15:46:37,-1
62253239.98812171,5.460580013260299,15:36:21,-1
51893335.848402254,352.64341313234576,15:31:50,-1
33067236.730879743,259.8803343168355,15:38:33,-1
52180681.973883286,63.87115548963789,16:12:33,-1
9153689.31483738,125.82058964305716,16:02:14,-1
59874403.75588628,0.5325167237023942,16:08:15,-1
47009711.82017169,112.97943854917452,15:59:03,-1
16685208.87204878,258.0305651736687,16:08:26,-1
77488508.35015948,62.879235825819976,15:59:46,-1
81474668.23207933,150.79329244799428,15:33:38,-1
8867179.06989882,192.1012492812127,16:16:23,-1
87660550.84767067,319.63083074498337,15:42:59,-1
42621211.75911439,124.384561261299,16:00:27,-1
6045187.400347264,13.317400182660082,16:00:53,-1
45720139.378364,100.29508393311824,16:20:16,-1
46880945.51616576,33.426535068901146,15:30:38,-1
87728027.38650264,237.81290222033536,16:13:24,-1
84649268.31301716,198.08181122587587,16:18:20,-1
17593348.58051034,124.54480064412124,15:41:25,-1
5470531.669134962,179.2449765132587,16:25:25,-1
78083067.63760492,119.1895067163345,16:23:20,-1
7878237.478374121,48.149435528180206,15:47:58,-1
27369758.66830029,244.51213659612435,16:07:51,-1
61734535.21412339,41.59507350721243,15:43:42,-1
12110285.482871994,136.2313664137343,16:23:56,-1
33378203.74269021,136.55368747227072,15:57:02,-1
58355147.42414289,145.6464301602682,16:18:19,-1
81139022.89946525,283.4841176085386,16:04:25,-1
53758104.73184994,63.77299894551742,15:28:29,-1
54333269.15846148,202.96748254117023,16:07:04,-1
34449823.26125061,20.05416914921128,16:07:37,-1
8609473.989501417,50.551770033389765,16:10:08,-1
38499633.649876565,60.31907472169443,16:21:36,-1
15224827.552592715,221.84024809105557,16:13:43,-1
74950233.73908885,192.3697047699845,15:48:39,-1
27533389.7877905,295.2067380449745,16:19:07,-1
78657623.27219409,157.4508936011338,15:30:06,-1
86350194.38988817,35.19666005606253,15:34:35,-1
848910.6737879016,335.20143280317933,15:53:23,-1
46604262.37288729,164.86861040300764,15:52:01,-1
78723923.76333533,258.02088731866183,15:53:03,-1
65707415.532631576,343.6504055313429,15:34:56,-1
41694068.680853374,334.828754604387,15:25:55,-1
52371325.8388871,213.66715431984755,15:39:47,-1
85374255.35300748,241.3918810949375,15:52:59,-1
77923259.38903648,95.50041211198588,15:56:20,-1
6748328.173157606,69.98763927448202,15:27:48,-1
68861874.3703882,109.98428766793602,15:57:03,-1
72986617.06129164,108.86248671150292,15:35:24,-1
65876707.60994162,233.01419132499447,16:13:21,-1
10683291.721098872,57.33373802623399,16:00:09,-1
27702198.8756187,99.93995799844814,15:39:58,-1
14090005.363340331,220.3812322952681,16:15:50,-1
61193740.850286864,57.90125816336139,15:30:54,-1
47964308.51834377,224.69172729851567,15:59:31,-1
49717990.6773273,14.335051423961076,16:14:16,-1
59387246.39844226,225.06659848369924,15:48:23,-1
71902489.33754554,212.2953439702036,15:53:26,-1
30954478.755192496,6.714676536503079,16:16:55,-1
82410863.04890487,76.34340009573656,15:28:11,-1
1932954.134729632,17.089788632338077,15:31:32,-1
81534821.41450033,94.11585774796936,16:18:19,-1
10196496.068075277,337.86409090524927,16:08:44,-1
18353311.90011594,115.010608501569,15:44:36,-1
27853738.69692261,61.454516678107495,16:06:16,-1
42726939.51278461,313.8500792112628,15:38:30,-1
6491417.436159379,325.4471319866521,15:57:00,-1
16371376.489385648,315.40407011896315,16:24:29,-1
56498052.66380692,3.292184747160154,15:38:22,-1
10321004.1658675,178.3092957664261,16:20:54,-1
44046533.863375306,113.18798157446264,15:47:08,-1
26527581.237756755,18.626642323154265,15:31:10,-1
27754543.77325706,44.55791025674532,16:25:29,-1
27751578.784430325,293.42777706608206,16:04:38,-1
54617405.48944445,200.27479793966967,16:15:41,-1
47958107.47881069,290.9050650490276,15:56:05,-1
2229309.113670457,288.3320706830249,15:44:02,-1
1216335.26204474,143.3823696196008,15:54:58,-1
47193260.65878069,290.5279417742929,15:39:39,-1
48878178.06642125,196.2904286939392,15:54:31,-1
58687819.22067901,153.80265861335332,15:52:22,-1
40792870.8140474,55.99619122620189,16:22:37,-1
28134072.70346286,201.76580527908007,15:36:30,-1
40742142.15930177,298.68149774636555,16:12:36,-1
40242483.83976505,279.7167051763181,15:30:21,-1
58840213.97718859,258.3000812965844,16:08:43,-1
42320533.68083767,324.4866238120792,15:47:31,-1
58871327.28339128,124.493963811697,15:47:38,-1
4105783.005711488,207.34278948874476,16:12:34,-1
42461231.97936867,296.5221893065985,15:29:54,-1
86430762.55970101,249.4313160875621,16:09:15,-1
38145849.25149529,356.29953277041966,15:38:33,-1
42299859.765935786,139.4568860378853,16:08:10,-1
67701646.96028014,197.74936038219477,15:57:05,-1
16341871.52333537,158.76854331083356,16:18:11,-1
11191352.479228904,305.9995126626966,15:51:01,-1
85446705.12979601,224.9288881358296,16:03:38,-1
77972000.19118708,234.5007483834616,16:15:57,-1
78646493.39050867,318.67552662569506,16:05:39,-1
89113961.63154235,114.73961495804456,16:18:48,-1
88029109.49261007,102.28408980772492,16:05:34,-1
77237775.18540533,209.778752874816,15:55:52,-1
12170728.13521078,316.7538501767386,15:33:12,-1
39220167.62752749,319.3122677415,16:22:50,-1
48318035.16093344,238.5492672653625,16:12:34,-1
35287913.02093606,210.7547616972854,16:01:50,-1
23988943.22701833,1.5305469331164678,15:43:29,-1
19030892.15491797,327.4260594939096,16:00:10,-1
54254780.69452966,145.12766622345893,16:13:55,-1
30227416.60314928,198.83891418016776,16:12:56,-1
49030868.49861348,114.45806862463267,16:23:12,-1
42075814.74350571,169.3637203558357,16:15:34,-1
82744440.14989154,197.88923070148724,16:05:30,-1
84167179.65753216,2.632480107950093,16:09:33,-1
10958587.902166354,167.9739880721154,15:39:54,-1
29300184.819238324,146.32731724748604,15:35:09,-1
58000860.48722975,115.94324028351336,15:31:08,-1
88098018.96948911,25.16475382397307,15:49:17,-1
30430570.79864631,340.1327741450935,15:40:54,-1
29493595.925943937,359.1418447772639,15:32:51,-1
17094988.854229353,298.06653912734424,16:15:51,-1
78672680.38378435,325.11660025742515,15:36:29,-1
12741406.757877182,21.4733905492799,15:48:29,-1
1287080.0653655347,183.36770742063916,16:12:16,-1
62529784.75725775,109.29092903818014,16:11:59,-1
26528694.256162856,187.7850774032681,15:39:35,-1
57127877.387630895,82.15048038183984,16:07:07,-1
30929234.84894836,59.48009679967365,15:44:31,-1
79831263.51776896,88.08104266728081,16:09:06,-1
2729767.2528845672,340.1218114467017,16:22:49,-1
54908420.040213786,316.52648316140863,15:46:11,-1
52048.11469720071,137.8377651638075,15:51:03,-1
78203069.03415571,327.2784005993301,15:42:27,-1
66189185.931602985,96.11473829822395,16:08:30,-1
42361523.86391533,168.78616259383563,16:03:53,-1
25644010.13036825,258.24624113614345,15:35:40,-1
13460355.122655513,56.125913533928006,16:18:28,-1
61898420.78351218,34.86643126533173,16:12:42,-1
31320060.622964416,156.1186487583156,16:14:50,-1
72686827.97731572,177.8710626672548,15:47:54,-1
86711727.51595277,47.24732458676168,15:51:45,-1
9177669.838499373,333.5071885657828,15:49:43,-1
41658361.83227556,78.11144177603309,15:41:50,-1
80362938.03070647,119.4605600751839,16:22:06,-1
18402880.887085184,165.1088030529503,15:46:21,-1
44922543.9491681,55.15444367708089,16:14:47,-1
6327803.227879942,256.0256397854331,15:34:41,-1
64653202.62617111,64.66186987111608,15:42:06,-1
57469215.93523799,319.75357287772584,16:09:21,-1
86471873.60114191,45.18218208414032,16:23:56,-1
85356123.3822092,241.9046832476365,16:00:27,-1
56634603.8508624,22.050733065524653,16:23:24,-1
71697043.95233403,320.26320605293864,15:39:31,-1
11066957.9113725,74.48593140132323,16:08:58,-1
42002921.48503112,161.4906792523082,15:31:50,-1
38322695.19872239,348.13664518057664,15:30:55,-1
76166068.52578409,109.8914317441421,15:56:53,-1
71608422.97979128,99.9452287754254,16:12:31,-1
52308242.35219485,286.1795317740439,15:55:09,-1
4226270.395938692,191.51990508453508,15:34:03,-1
51987289.26786878,99.06207395540578,16:00:25,-1
32345682.89230763,228.9608728941303,15:48:44,-1
13774968.545196762,210.93693202398916,16:24:03,-1
22911962.02417484,1.146162441517791,15:29:17,-1
35072828.61167218,248.401043206802,16:23:41,-1
3433299.5630144123,144.94541021704677,16:23:03,-1
20092790.750209663,65.62577311461168,15:51:18,-1
2788052.37550591,239.937648710263,15:48:56,-1
85157193.92909549,127.39332276933436,15:37:15,-1
27405981.790365618,357.3869525131543,16:13:11,-1
37033714.00051455,109.92984034163328,16:22:20,-1
4655241.878718937,335.9012663144643,15:56:50,-1
25603268.976197727,169.25499260145833,15:47:25,-1
24177105.76805791,264.94579643256515,15:45:17,-1
64268783.25349876,149.38817085766345,15:57:27,-1
47804377.31674106,8.553826614615595,16:07:06,-1
14859556.60889196,349.7102417306172,15:48:49,-1
27892844.291528117,319.9596339905963,15:40:42,-1
22494705.50889084,240.93035462517628,16:02:13,-1
77951288.23022592,173.38170916146734,15:47:31,-1
24457924.182246994,26.28152207346069,15:26:26,-1
69292236.41044313,33.00369519662493,16:08:49,-1
80973425.72152844,53.4043419347477,15:57:15,-1
84895794.64646177,207.21456767964096,15:46:05,-1
12618136.36157939,46.47386120666216,15:52:39,-1
55529839.46143135,155.7342877695547,16:04:41,-1
34063610.14927799,0.1683380741485374,16:11:27,-1
64845522.41443754,345.7470320574537,15:37:24,-1
56832568.38883488,333.7010603237799,15:27:27,-1
63819704.13333964,51.03473372744168,15:27:43,-1
88873294.43458693,245.05162944280585,15:40:12,-1
86156613.71044396,193.3686696591085,15:58:52,-1
39433733.60414968,209.2526372864096,15:43:58,-1
14616856.05290687,273.2808960946441,15:47:50,-1
30411809.49731104,101.68573617467064,16:17:05,-1
78804562.57968864,86.84059064300335,15:32:49,-1
4514464.013835123,19.88821131279222,15:44:09,-1
9628130.515876915,270.3812919647203,15:25:30,-1
22654735.36661846,158.58814630399218,15:48:50,-1
41175156.86304825,125.84740196780588,16:04:23,-1
58187350.20331919,147.3399745598974,15:39:12,-1
35501584.57622607,248.5355072155113,16:23:38,-1
75175625.1334612,345.6091203111732,15:33:15,-1
26090593.106563404,250.36992353063465,15:30:52,-1
24906111.794957083,276.7194563395324,15:54:08,-1
72363115.33738075,225.62023907415303,15:30:25,-1
53070274.374927245,69.20041009011398,15:42:35,-1
22535425.437453236,236.36933099662585,16:11:22,-1
75767490.07813588,355.7418905658887,16:03:18,-1
45454080.64794612,267.6563702832599,15:46:36,-1
27587196.37185685,123.22587760796658,15:39:14,-1
88861906.2859552,251.5419416491944,15:46:03,-1
7269914.201322111,215.00840342163627,15:34:36,-1
15161276.86088883,86.84464864671533,15:36:51,-1
79126277.82525043,350.5182834439399,15:48:47,-1
64702994.17482375,179.29026741465609,15:45:30,-1
83746834.7014522,327.4287265184274,16:00:31,-1
5900170.698568628,357.24205350289753,16:18:05,-1
87398052.72298415,187.7125521013785,15:34:06,-1
30676876.78896567,86.05782878139706,16:19:04,-1
71313285.6787428,247.60164337183477,16:08:29,-1
41554534.19285447,347.29964186224083,15:31:52,-1
73905126.2661825,263.89428320412685,15:31:41,-1
55354602.24958098,153.9759898556752,16:01:52,-1
8026289.133817609,103.41865993303864,16:20:46,-1
49345083.63817679,149.15760221646707,16:14:23,-1
36208412.40081424,225.04444612496744,16:23:34,-1
53912274.04586884,34.933167226372866,16:21:33,-1
41741789.808319405,74.78275659400455,15:34:38,-1
37213567.76324085,276.7552366308502,15:41:10,-1
88410083.55022791,317.93411558176206,16:16:03,-1
46968382.79685437,154.95381188569166,15:49:16,-1
49436673.18207269,240.4576806738776,15:54:09,-1
54876578.8419014,32.577051356809875,16:24:14,-1
22810742.911327302,115.64486347894832,15:31:55,-1
6474989.982120912,209.52146646230744,16:11:33,-1
64424410.5124348,83.47426431535949,16:22:31,-1
52933851.51052262,145.0210358622173,16:22:12,-1
40198870.71948321,338.0790035980829,15:35:58,-1
45672747.75288061,165.4167185891068,16:05:40,-1
87043862.34713085,178.46803000043187,15:30:47,-1
7231963.500664652,205.9979826594176,16:01:46,-1
89530441.0813861,312.9215147332391,16:18:22,-1
12014284.477342904,212.59938857026316,16:09:35,-1
73951861.87484805,98.9175178975461,15:34:21,-1
83512264.3618883,277.644785810118,15:45:51,-1
9122991.161997829,9.019349859457137,15:35:47,-1
33237860.239477977,262.3331619070222,16:21:58,-1
52237380.78073667,156.28514762705134,16:14:49,-1
4286967.870951645,283.7836660193413,16:21:04,-1
14509455.565912336,241.92109872895884,15:28:46,-1
33679648.10256874,92.3556698760308,15:26:06,-1
44593495.779760525,4.9676547924591,15:37:23,-1
32294274.89246495,93.09582742628538,16:14:22,-1
48622312.39866713,57.07983639169206,15:57:34,-1
34962898.28392167,187.3075057769197,15:40:08,-1
4938359.668421115,201.65874144720632,15:26:36,-1
51990586.45594083,343.96003800489734,15:30:43,-1
60193218.70651273,87.94369956052314,15:41:05,-1
71675353.30385788,28.080020181261208,15:40:39,-1
2342198.36536946,284.1814842206361,16:09:14,-1
63663067.92592974,103.11534744260211,15:51:42,-1
53452466.8045357,42.05000169851343,15:56:01,-1
14857066.947155643,14.298606014755002,15:53:54,-1
77373569.75587176,293.25973159286053,15:42:16,-1
89055397.39953712,146.9280469065141,16:01:21,-1
61303741.83941534,15.153362491589736,16:16:59,-1
45358147.134489805,182.292965263706,15:29:49,-1
34193149.16705349,238.32863888547735,15:26:37,-1
48749911.33566837,63.46892268718938,15:30:14,-1
67997712.42811906,304.5758815915225,16:06:30,-1
9948229.57358241,336.62223259746946,15:50:38,-1
33936083.416720055,287.85974457118726,15:38:11,-1
24623689.923765592,230.17430102428935,16:13:48,-1
18807208.72459689,301.3987989089125,15:31:03,-1
70845697.17141595,159.80584353338597,16:22:08,-1
32879994.26426844,267.876473262349,15:45:59,-1
33429615.001713816,325.40805181757645,15:43:01,-1
26039700.444886114,243.840777867547,16:10:27,-1
47882990.23516101,57.21094638215605,15:57:58,-1
7571967.435192522,209.1805851564988,15:59:48,-1
60748250.30075331,318.0227096477116,15:44:49,-1
4538365.221879693,96.88393722161749,15:41:34,-1
22984982.14038408,158.01673373605425,15:36:42,-1
10576632.838230409,355.44129811652243,16:08:43,-1
84544862.94148804,291.79778254125205,15:55:25,-1
84644988.89701548,19.180725585376656,15:55:48,-1
71202023.44729789,209.15964263077203,15:53:46,-1
23775162.966878727,161.48401766565198,16:19:24,-1
69364313.35169004,323.2216458586067,16:15:11,-1
75261145.84581132,346.6031137984562,15:48:52,-1
68082158.84913564,213.8573903788094,16:20:55,-1
76495719.90316404,69.93636151087333,15:56:59,-1
22398433.545948368,14.85807733928751,15:52:49,-1
61290180.79825083,35.6190375202811,16:22:45,-1
4038612.050576181,92.32130475906176,15:35:35,-1
53882681.261210345,96.8001628560739,15:55:48,-1
49547863.235424906,163.08061233933034,16:08:10,-1
61566155.0522295,5.416306780383526,16:21:22,-1
7549993.086340118,69.540024060916,15:33:52,-1
76947090.04294486,330.1430003977173,16:23:38,-1
61984063.96977183,61.08287728444121,16:18:01,-1
82410062.99234414,316.4881026125965,15:50:07,-1
10883689.11306644,71.5408850601397,16:19:24,-1
63150382.62826276,227.79919943377013,15:38:28,-1
61447204.86440854,232.48057907100508,15:55:31,-1
68477004.83958872,242.1185265586751,15:35:22,-1
23998743.04425523,259.67275094018703,15:30:10,-1
5351861.278920332,52.61207183373519,16:05:53,-1
42658401.615262166,112.59371055173666,15:28:20,-1
57093495.58576193,87.37162449650555,15:35:34,-1
34737113.42747848,259.7181818909108,15:34:06,-1
59733460.99287117,282.0233313289508,15:49:27,-1
55657487.36991113,306.9898107445765,16:11:22,-1
30063617.746597964,347.23948670942616,15:44:40,-1
84758284.2993256,343.43831532796713,15:38:17,-1
47155730.56915223,143.33065322101572,16:12:48,-1
37107523.41656531,188.776172096967,15:49:07,-1
72927037.3133104,266.70451590725946,16:02:12,-1
10954862.229752084,181.7013341245305,15:38:48,-1
45170267.94430892,209.37145379146543,15:27:02,-1
20556813.01152093,217.64531205552464,16:17:38,-1
63084856.825514935,299.2938801219528,16:19:37,-1
71173556.12617178,232.8918725114343,15:26:27,-1
46956280.70111841,26.46044652935497,16:16:30,-1
25224035.990056112,144.37027146134838,15:42:53,-1
85965925.65536322,75.04021088389311,15:31:33,-1
63921217.10229576,124.5473867823328,15:44:31,-1
34511150.29920676,307.43849160029004,16:05:35,-1
30642207.49742868,70.76824367670892,15:45:37,-1
49646456.14796759,124.17030428283212,15:53:33,-1
3219322.8421063945,274.7175680025748,15:48:17,-1
15213356.008033955,57.77796508038622,16:03:15,-1
77843703.77769287,336.9706642104336,15:40:53,-1
14269760.544336976,120.30136648970311,15:27:04,-1
49253650.81509646,56.05362722057039,15:58:54,-1
81166805.37948734,231.9367260097681,16:22:10,-1
9237105.331262128,337.36161231685327,15:54:31,-1
42789021.93460247,355.57612001563166,15:34:21,-1
77121514.58850503,300.95266631500675,15:48:59,-1
62339978.75990849,90.56462642436252,16:13:08,-1
25745297.72548137,346.0174157882883,15:58:06,-1
63946753.83861779,187.1950534026132,16:05:26,-1
5118282.7248342885,58.54391607438262,15:52:58,-1
83993536.4208659,280.78917713204567,15:27:06,-1
36325899.9784953,253.3291422265931,15:48:56,-1
48695109.83664376,267.9369875226726,16:15:47,-1
66161334.46741112,127.07557258169794,15:31:11,-1
56543326.534612186,289.72124312354555,15:36:21,-1
61531512.59835957,237.9373707971702,15:56:29,-1
17842066.368917387,116.37569912401824,15:37:21,-1
59350478.12832505,70.90439306657393,16:14:07,-1
47535376.75890341,25.284807854329685,16:03:07,-1
73809008.98549654,242.04579346514825,15:57:07,-1
80859505.88986176,141.8219229835082,15:47:51,-1
48680802.09252014,238.3778590412271,16:21:34,-1
46877199.68203671,106.75173245162738,16:08:34,-1
27618807.7096764,232.75704437441624,16:00:08,-1
29874520.36842981,125.53545707009756,15:55:44,-1
8381910.718030116,193.0174648229911,16:02:21,-1
49071836.104353726,232.14267538508304,15:43:13,-1
89057318.71411818,310.13966519207924,16:06:12,-1
83485853.56382449,234.13161248258257,15:44:12,-1
78436640.6279026,200.06205189618416,15:31:52,-1
88332354.91669431,282.4157892887741,15:46:25,-1
88476607.24346827,258.0009443590221,15:56:40,-1
28589930.91269649,17.935665422783504,15:50:38,-1
2567564.604245729,314.0991145869078,16:07:41,-1
29090328.079128824,137.22061456703594,16:24:46,-1
52449594.6761404,36.84373486688039,16:22:42,-1
56577431.988402925,52.09947337021633,15:48:59,-1
34244214.41624965,352.2070269909408,15:34:01,-1
55754964.664522536,56.0420026334658,15:49:50,-1
69698540.69366859,118.40984832673897,15:38:47,-1
58932150.319539934,269.94416996092764,15:28:57,-1
25439498.679201,349.1765863779753,15:31:37,-1
36708479.59081509,143.59544972925588,15:39:34,-1
42780798.918770194,28.49096887132636,16:20:11,-1
85606346.31102157,339.220964299203,15:26:22,-1
76144316.63273765,10.436884400080393,15:39:25,-1
12703048.280337876,177.71091127232071,16:23:38,-1
60505755.09252296,233.30759411699552,16:09:07,-1
61026790.91844657,234.72295674016144,15:46:52,-1
74090338.89208314,302.87242044905383,15:54:40,-1
81830487.15038922,3.4399274509149347,16:03:07,-1
35969143.43701233,217.68599182034413,15:54:56,-1
49818829.32634719,146.0391629807302,16:08:52,-1
85106315.60866483,65.48716875962347,16:25:19,-1
26597756.62966223,326.4228129051253,15:36:00,-1
7250559.156382306,147.96348622991457,15:37:18,-1
81915767.71112293,166.79893569653547,16:14:44,-1
67533397.1717647,3.832094049861903,15:45:45,-1
58006693.26613715,93.87212656816985,15:38:01,-1
58025836.41259013,274.2378148216694,16:19:01,-1
77316254.09743261,298.0442164560715,16:13:58,-1
51077027.43525489,15.010584442039097,16:08:05,-1
43262143.39059185,0.9250989726714032,16:02:30,-1
38432279.467928894,233.97316513991495,15:48:35,-1
38564349.61930685,252.48048110586888,16:21:15,-1
62607050.3154643,249.15293188940157,16:18:05,-1
13442403.628117513,295.2254782165995,15:39:20,-1
54131304.57682679,41.18774087323996,15:52:23,-1
58657085.97364744,73.62496834147751,15:57:43,-1
66287997.56867309,191.86022151659452,15:47:17,-1
81585954.57595979,201.7636923494485,15:59:20,-1
13210651.468957637,54.37204048988237,15:50:26,-1
74066989.03519732,5.998883359608866,15:57:20,-1
16488117.744733509,302.6680089077106,16:08:35,-1
50493321.80975661,265.1389759167778,15:42:03,-1
45567914.01118508,337.4149451050177,15:58:25,-1
65786510.38376358,45.006044767410216,15:58:28,-1
20020691.124288697,285.6840461435836,15:29:47,-1
42015413.3049677,27.10335425565395,15:27:06,-1
71850527.93235289,326.6553060256332,15:50:23,-1
51106499.0882374,295.2414445887949,15:33:00,-1
21889036.950837407,92.53860252166837,15:37:12,-1
24689015.842089325,115.03110535927378,16:02:16,-1
31040400.45966374,219.50903943187703,15:58:54,-1
47945594.71868031,278.54892226586674,15:55:28,-1
25198161.682157703,340.62265883664764,15:32:49,-1
54561599.92774006,278.3627966296268,15:31:03,-1
79178543.16345584,70.75261000572321,15:37:50,-1
55759878.924359806,167.60461292601204,15:30:53,-1
44141470.78486954,62.27598098270845,15:55:04,-1
30386687.975036696,317.82614685899205,15:46:26,-1
9289910.286208358,165.3963214431707,15:34:48,-1
88412445.88351919,335.8127847008648,15:53:29,-1
27174039.524769064,355.0880779037512,15:51:54,-1
77691854.03278878,270.0055190136044,15:54:22,-1
12020451.41919663,272.89914258064294,15:39:45,-1
56572146.590801045,280.8613786388714,15:34:12,-1
13499337.352361009,86.68389829427201,16:25:14,-1
16408681.338530287,192.8358062397253,16:23:56,-1
29870182.762047227,6.691699379559735,16:24:16,-1
44773084.06950211,32.18805595409476,16:13:54,-1
27350042.774686188,297.7387740664332,15:57:36,-1
1153049.167540651,325.5554820372416,16:25:24,-1
46174276.69150174,286.549086005352,16:21:24,-1
30765105.628796566,98.98613499141652,15:37:35,-1
79150143.98227231,338.5070459745054,15:58:30,-1
67075336.11292308,152.30367323086094,16:04:30,-1
8890348.23938313,147.98060501423,16:22:50,-1
3130973.367397692,19.66714312868345,15:57:04,-1
72972111.75572489,93.0055635641564,15:38:50,-1
44949966.43088993,307.8760056847396,15:36:16,-1
34302659.96380628,330.3857407536752,16:04:26,-1
75482682.54309203,0.7910436242930441,16:04:24,-1
43477361.060458325,343.40588469901195,16:13:58,-1
86976837.30147338,181.74936708603644,15:26:10,-1
80529928.6026659,266.388757254501,15:30:40,-1
81906728.57932845,207.67222297161288,16:13:08,-1
83073149.18413462,116.92495766913255,16:09:07,-1
79141027.86473659,292.81555944873514,16:16:06,-1
23033756.993427478,174.16471564941162,15:53:57,-1
38906377.290752806,30.02507242085741,16:16:32,-1
10811120.19229236,325.11497196213,15:38:17,-1
61499062.649131976,109.02015202336985,16:01:43,-1
152767.56181071032,199.1127134883339,16:14:30,-1
8441266.425804123,158.98492298586865,16:03:26,-1
32550741.83805454,99.96785629582804,15:54:25,-1
71507071.58191283,253.2996366617823,16:11:56,-1
26562009.38292097,319.331334388601,15:57:03,-1
48676133.44339153,130.6974545397281,16:19:21,-1
53964357.69744536,187.99671937363783,15:26:11,-1
70092780.30393165,289.9918030388722,15:53:39,-1
17004967.54730964,234.405418926811,15:53:44,-1
5390095.137925412,181.0679820429281,16:16:12,-1
771296.4801383868,189.1091998974153,15:46:03,-1
55779.903006981935,160.34248335578215,15:38:51,-1
79030879.28282742,60.321686385180506,16:05:46,-1
29246311.675924417,195.2688386728828,15:53:34,-1
56591069.16219685,299.8533063785636,15:54:49,-1
43404442.71064181,91.54365059323032,15:41:13,-1
53878492.97297425,210.61722359848275,16:22:08,-1
3418082.6263069184,331.2232480997755,16:05:14,-1
75963777.79316501,240.75124110894663,16:06:48,-1
6945247.985612646,341.39580669459485,15:59:50,-1
57138179.98447452,5.351764111228814,16:10:22,-1
19695082.55746353,253.4190418810078,16:17:05,-1
85212065.98238808,185.080544039499,15:58:01,-1
10758776.6000038,54.83292353773087,15:50:55,-1
78405186.84240311,285.4419604709497,16:08:29,-1
60717349.62977169,207.49386249121565,15:25:58,-1
51037269.13472969,62.75876337700512,15:53:31,-1
54569817.80783669,15.104682896981473,15:49:07,-1
72115824.23762871,62.67479561875716,16:06:22,-1
35532839.916233934,26.11617307509393,15:41:08,-1
74719509.03872098,326.1880017343122,15:37:09,-1
80082640.83305953,198.30092339293367,16:15:08,-1
58722713.26491621,22.07134715320037,16:07:52,-1
56758599.33154641,189.66958724952636,16:22:17,-1
61188017.21821199,53.86276568344187,15:39:14,-1
38156271.34734867,99.24764151495418,16:07:37,-1
32903049.563434426,58.39723031699655,15:26:35,-1
55115896.659132384,337.6894221281861,16:20:49,-1
53335858.893597215,337.2634827060581,15:57:40,-1
77415336.74952234,259.6595947069186,15:30:41,-1
52661361.58736203,229.0484127765703,15:35:28,-1
11369028.717284558,353.4579446129865,15:43:29,-1
26472952.534454912,7.6528835807704,16:12:51,-1
57871567.1453549,1.541528958154541,15:42:38,-1
61441676.53295408,319.7899603545105,15:46:48,-1
26897886.66507863,101.96084333525629,16:10:07,-1
35808324.2145957,239.0218896672924,15:27:56,-1
13670792.905875688,276.5514231507665,16:20:17,-1
60788231.3149254,358.44165047100006,15:55:35,-1
84287962.98175035,291.3385478497409,15:34:03,-1
69304825.49295278,191.90192207855657,15:49:04,-1
20985220.71190205,67.54765210575482,15:26:12,-1
11590932.323795583,357.3924935603188,15:43:52,-1
70894078.26689242,221.5996890719793,15:55:30,-1
39471684.12139102,210.28040888633973,16:16:30,-1
77132937.4699071,154.07407972137003,16:08:55,-1
82993270.15627667,271.1547566289788,15:48:24,-1
73989212.23440957,149.65824891552728,15:36:48,-1
73231406.63671051,29.112139123208625,16:00:10,-1
59577207.90087309,5.867263041892015,16:24:04,-1
50270605.97912495,282.56412718919967,15:46:03,-1
53939582.07019044,160.06581096247888,15:26:01,-1
40337903.80304016,311.343018573943,16:12:12,-1
71249346.74060255,261.5017456513629,15:54:44,-1
85400971.81372626,318.78838908975774,15:52:14,-1
41138369.12884692,106.68135560006824,16:20:45,-1
45879515.685191706,133.89267635177396,15:28:07,-1
7788462.856079503,352.72321835691906,15:39:36,-1
76421080.4247282,355.95674030524884,16:08:07,-1
30749550.70382512,198.69736979793305,15:38:24,-1
12175122.141678836,19.112287913553065,15:33:20,-1
44712976.67067395,128.6876783936301,15:29:36,-1
65984630.30225568,149.38764245850635,16:20:51,-1
65232350.27292237,290.97287091537345,15:30:26,-1
55757269.97814145,203.60986643749797,16:22:38,-1
27651209.942703854,46.79764858772635,15:47:20,-1
81923902.09586376,243.34708219695816,16:18:14,-1
2402080.3142610174,197.29103433092408,15:47:49,-1
82718056.89075245,187.26568280755384,16:21:12,-1
45910841.08194768,38.34007450389711,15:27:00,-1
72064185.86524913,206.42728531714283,15:55:52,-1
39526212.86696126,156.10310115725693,15:51:53,-1
6242059.896273993,321.7212055717668,16:24:31,-1
32703586.531136137,167.90745814027215,15:40:50,-1
3415617.0600509355,217.9023639023436,15:47:08,-1
37433630.67876393,226.17109688006013,15:35:41,-1
82114686.74384505,172.70135260445574,16:10:10,-1
37755644.38945407,160.864282149331,15:29:46,-1
29368976.72936253,315.9506728114381,15:27:08,-1
16847266.912143707,277.45757554778925,15:37:56,-1
29748.81629175513,327.05796668935767,16:15:45,-1
44270414.15652856,235.5464476022861,16:23:59,-1
31952667.376262788,124.8708143123682,15:44:10,-1
74833975.82489319,59.55233691349196,16:16:52,-1
10603795.463028876,300.0127680166806,15:59:49,-1
37909495.04011767,348.57543946694454,15:42:16,-1
32755757.401973896,209.2223630835416,16:00:59,-1
67650863.45232198,156.35565401596256,15:54:00,-1
65764039.05166578,38.52271649515298,15:46:59,-1
12961128.03240559,338.0461469631655,16:00:53,-1
75361756.87784804,165.57764289145618,15:35:32,-1
29671341.04598264,112.45235314392468,16:17:26,-1
51216399.720804505,350.16428587059016,15:32:34,-1
50301819.45143204,278.8105769070052,16:16:09,-1
38160827.8879327,30.201027947223785,15:40:52,-1
77675760.23320188,13.133954161366624,16:16:36,-1
81636240.8125368,158.90289710760703,16:01:33,-1
60168316.25651111,349.2378475641462,15:44:27,-1
10123196.449485382,260.06641429862896,15:42:52,-1
76581022.33336397,211.5899218782368,15:45:43,-1
46676421.44789564,183.9808483058618,15:40:14,-1
7660465.461387694,137.37167628262912,15:42:00,-1
23456702.96131641,53.3705306726491,15:53:50,-1
51397457.90623446,314.4394104591304,15:50:02,-1
60720719.3677461,179.9454982830565,15:57:29,-1
51407835.53419592,177.77764700431894,16:12:40,-1
58959610.427100606,234.0261444363641,15:54:26,-1
66429324.114970535,83.26617150735453,15:33:30,-1
14418269.749638258,169.64220127412798,15:34:04,-1
52615619.20924713,68.50725671516204,15:54:02,-1
71669287.1913407,280.07173432138313,15:32:58,-1
11920835.913800314,359.076834872718,15:49:15,-1
78536154.55195373,62.61049049728001,16:07:35,-1
88781784.52927698,293.22512834964635,16:01:44,-1
31781742.819997817,23.78503045443396,15:54:59,-1
83445550.2291017,349.9301935512156,15:31:11,-1
29610831.489224277,180.2766464474032,15:53:12,-1
73812627.12100652,8.771538713075376,15:48:23,-1
66631970.39578817,151.12166452025463,16:02:32,-1
71150150.82279374,118.06775156897032,15:29:21,-1
37696064.82113097,354.5426094155917,16:09:15,-1
81921113.06120367,200.791770764348,16:04:16,-1
64755084.05739648,168.72989643609762,15:26:36,-1
63339411.31554199,256.8461758873417,15:35:27,-1
64026696.291938506,117.15270022412165,15:29:21,-1
10139179.89871089,64.53928172522095,15:28:18,-1
68503969.79140566,136.5013102687711,15:40:27,-1
46408345.03529734,251.20943173250745,15:49:13,-1
65160436.56882902,141.9169173333884,15:25:50,-1
31116032.5557181,358.9340166097426,16:25:16,-1
51077248.02231436,301.4931107443555,16:15:05,-1
4974798.873727811,42.83996098513845,16:12:46,-1
23307861.269302934,100.55729534945677,16:25:27,-1
71579566.41895147,321.65910615518203,16:17:06,-1
311551.13849110395,326.0261553483708,15:56:42,-1
78531705.0088274,170.23047379344874,15:27:44,-1
78572508.09807561,266.1032122053173,15:46:46,-1
2587912.3013897897,82.27897027611574,16:06:37,-1
1581083.8125630831,284.9628768009062,15:52:23,-1
31728485.46979413,173.76938587404476,15:31:17,-1
75361052.84216614,29.946430551034723,15:52:34,-1
84145559.60148254,290.2831626661184,16:07:58,-1
46743206.37429591,84.800366436607,15:50:01,-1
56149937.29522995,55.47714089599357,15:56:47,-1
15016687.442168918,345.83319688371336,15:47:42,-1
55170040.93148748,64.16469409461371,15:52:52,-1
9722902.102611557,267.2193508249219,15:26:17,-1
51539354.91896873,18.046590761840164,15:33:41,-1
64303096.73507959,35.075609416261464,16:03:51,-1
69193126.99839033,292.2222211987045,16:08:45,-1
36800671.14155401,156.88091357549104,15:27:34,-1
61418012.5849322,182.07425591413747,16:09:37,-1
79841608.75327107,62.65365411176118,15:46:17,-1
38699969.238320485,170.27757646589112,16:17:35,-1
86158894.90400825,56.33017050102958,15:38:10,-1
80126061.36621037,348.2926448953622,15:49:08,-1
61610332.79096257,184.99314899531785,16:09:05,-1
89350203.8069015,169.28815524520215,15:57:43,-1
42908992.342311,131.66665522370994,15:34:24,-1
4918075.518453208,260.7713163823261,16:21:53,-1
715550.7259202901,281.7782664575591,15:46:09,-1
11228035.577763705,123.00667604866403,15:57:11,-1
6440230.264484796,325.74191170914673,15:26:36,-1
68033569.00124754,127.46597814251696,16:06:28,-1
82088272.235966,336.6177891511936,15:33:16,-1
42458546.863850445,1.2501779951567693,15:30:03,-1
33740969.3803033,344.4375306780828,16:02:19,-1
25928.56651726417,82.60695041029543,15:38:23,-1
16256195.95901469,197.09994764307325,15:42:15,-1
45756931.4080002,185.17491428998576,15:43:18,-1
65698483.90735167,2.5516222936938204,16:08:46,-1
43266803.47533544,331.0011005165236,16:12:39,-1
89847644.40429762,130.63483003811274,16:06:17,-1
59365593.06636991,69.90960865305715,15:36:25,-1
48345866.2748823,276.02338902909844,16:19:25,-1
31570641.27792658,62.93625706044341,16:24:11,-1
15045684.264634548,150.9963057791435,15:31:25,-1
50495261.13723358,163.15750854228932,16:14:44,-1
32666304.06859133,91.04859614034648,16:19:16,-1
37290192.99823511,139.9632341021741,16:14:07,-1
51628377.16734733,179.86236212636084,16:18:19,-1
55748903.79319138,178.53645252145566,15:52:54,-1
78184089.29994898,334.1102817567266,15:43:52,-1
32825738.396883424,206.8294231687532,15:54:53,-1
73808295.62226844,64.82253324388948,15:44:11,-1
16488462.720841292,51.06033620836168,16:13:09,-1
15356900.993140558,50.75575234040903,15:53:26,-1
8607205.326602073,103.37008179500116,15:50:17,-1
76268212.47137024,148.6970817405949,15:57:08,-1
19080744.014854677,173.32144698597168,15:49:38,-1
51236741.60931058,338.9812566736282,15:58:15,-1
35780117.86668649,260.48218268943907,16:03:47,-1
82726619.23665735,262.0799233181162,15:30:53,-1
85998076.64688098,330.92695481905963,15:27:10,-1
3484004.4589107847,290.2771642502459,15:59:51,-1
55546929.67059008,88.90085257033708,15:48:16,-1
76084812.24465163,238.91233495627625,15:32:29,-1
24726266.394741777,287.6204837811854,16:08:31,-1
1354829.788313071,52.06399030311066,15:55:29,-1
59898141.39624489,53.01637479620111,16:21:47,-1
39374478.8031377,65.12721728395175,15:31:52,-1
61327554.428089336,184.8652039655485,15:38:24,-1
22955605.773777023,273.67635357973626,15:49:36,-1
74499289.36539456,82.84230615868799,15:35:33,-1
61414831.86688193,71.1781037912971,15:35:55,-1
3733428.9260831582,293.02689783673065,15:40:22,-1
72866354.55242175,208.67162002502545,15:58:09,-1
58157741.34955524,7.926424546724622,16:17:43,-1
44946299.6096353,348.3139109950589,16:18:43,-1
24321246.6742692,258.1507230043262,15:59:50,-1
31102939.93519038,284.2309354892022,15:27:48,-1
52846771.288057685,19.01552584371744,16:22:11,-1
1323625.1440780854,58.9404258929055,15:26:26,-1
23772189.283727054,22.36709015162361,15:32:05,-1
86814789.0615249,229.8629135036741,15:37:25,-1
77478217.08976263,287.19051129229587,16:15:20,-1
44625867.11601461,243.01424562058423,16:16:23,-1
22259776.200133383,89.50631507147432,15:52:27,-1
59370943.73930397,357.95687314215047,15:52:49,-1
46244689.91348613,246.58415707000788,15:38:38,-1
53407222.72863614,300.0962722488303,15:40:24,-1
16022228.606903523,307.95502169300454,15:31:37,-1
2581034.5585584734,12.189312555366104,15:39:31,-1
81488911.99661621,274.4883421799898,15:42:40,-1
46081926.87263776,65.71812395493667,16:07:22,-1
48004928.55139631,175.8180081899166,15:36:07,-1
21776554.80220588,153.06378012978905,16:22:59,-1
89130168.23568936,170.6922053286674,15:35:47,-1
18780226.47222765,313.46069580631024,16:19:28,-1
59751556.31663994,131.05078647477902,15:47:02,-1
11334447.085720792,343.38512612009214,16:02:13,-1
19862731.3382622,279.966794499567,16:24:56,-1
7816246.618458462,259.9352869500323,15:43:10,-1
25497803.05106921,25.50821255254924,15:47:14,-1
53367677.01535242,352.6740586672215,16:01:54,-1
23696624.808451507,86.78370773907481,16:07:51,-1
73309523.6392419,258.4400972349338,16:07:18,-1
77675921.75038344,239.0045650590944,16:18:56,-1
51878739.39503738,223.78536550206823,16:15:48,-1
45930554.63366554,58.28996934811962,15:39:34,-1
28700550.809930317,173.90863849635392,16:03:24,-1
86973612.1830509,79.3283240606324,16:01:17,-1
32747073.07805665,77.27156206543226,16:09:54,-1
80830298.00494577,129.78487248251153,16:19:39,-1
65157904.40192092,87.1158878627325,16:04:21,-1
79595501.1758648,327.331198781847,15:28:54,-1
87615572.34139548,241.609808849711,16:09:08,-1
7556045.812475729,9.681900337075287,16:24:38,-1
54100891.21842934,279.4049651919953,15:49:06,-1
67988134.15745227,97.1450228926772,16:03:15,-1
75706454.2288884,76.60412459719525,15:55:12,-1
70036051.58808936,29.025669932787025,15:36:55,-1
76784377.58540408,106.68282859751416,15:49:21,-1
66988605.26559932,309.70326907448555,15:37:14,-1
28913099.91077322,7.978913128672582,16:07:02,-1
11454402.28485504,50.83348750952028,15:53:10,-1
19057864.28551252,308.9623367754351,16:15:22,-1
73137250.7430085,246.7940659914698,16:22:45,-1
83751115.92332144,65.30752651862376,15:44:40,-1
12972502.695689604,1.5548713003331116,16:07:34,-1
43572174.02965591,44.3845451053499,16:05:14,-1
30615661.92167464,252.3011332637101,16:21:17,-1
61741207.7170793,63.842204968178805,15:28:32,-1
67581539.46044031,32.31537415032004,16:16:13,-1
74504498.66584237,159.47322544223834,15:56:57,-1
32768724.62028808,186.6066216664125,15:29:59,-1
25848737.467949368,176.8255362181648,15:47:00,-1
11203813.4923558,233.95564938045135,16:25:21,-1
38915017.46071012,312.0816934587961,16:06:19,-1
71093277.52566506,209.9810989720556,16:25:04,-1
25479698.51909701,294.9464104297652,15:55:41,-1
39905836.00157336,10.20313501851854,16:06:32,-1
30698639.969390888,12.02208126662569,15:26:58,-1
14544224.157135887,334.50094149950183,15:54:48,-1
15350784.53536593,161.3654072975412,15:50:04,-1
42189786.333298616,91.33308116854556,15:47:45,-1
69216760.28505594,249.02402018161027,15:34:44,-1
57245418.12347216,143.71340659250083,16:14:30,-1
29599607.494614035,48.02576799044811,15:49:44,-1
5523467.198542402,325.8698325004846,15:38:16,-1
68044213.71442729,102.5690139695425,16:23:31,-1
9736877.943439834,258.3864774647183,16:20:13,-1
61779781.37653059,113.8617429361952,15:48:32,-1
13427881.365636814,48.45247736293705,15:49:28,-1
12282274.589407912,321.253351640626,15:45:38,-1
36138558.563626766,334.0073466180432,15:48:45,-1
14786029.555981606,209.3030985179223,15:45:06,-1
71036076.29246749,256.1876989594965,16:16:41,-1
87346649.60313764,354.1225335756412,15:37:58,-1
271094.81444202864,184.2265998561364,15:56:25,-1
5663050.344972692,67.7445027372868,15:54:49,-1
67885069.19641547,316.84821193954514,15:51:00,-1
14246117.876992848,68.45554084055156,16:02:52,-1
83790387.78871682,340.68341644668,15:35:55,-1
73641581.48867528,135.8251825847321,16:11:00,-1
78619373.07235032,128.83580060812182,16:06:45,-1
26585294.725597117,228.129995996932,16:17:58,-1
39575043.776970096,256.0467456350718,15:52:18,-1
8602540.040355073,103.25582252130744,16:24:57,-1
80104495.1764056,42.534628494440526,16:15:32,-1
4938107.902785954,87.02462757321325,15:42:38,-1
9544806.682638347,290.22327187128144,15:30:17,-1
43363799.425665244,75.57509897089302,16:19:18,-1
60957778.49661634,246.12564151679084,16:09:36,-1
55924014.74310368,137.56679232475602,15:25:53,-1
19461100.523272336,241.4673198973951,16:22:03,-1
46041971.29724184,295.9317630258443,15:45:17,-1
48710425.24556383,353.18554245560546,16:15:50,-1
38613304.43041774,143.40219270634674,16:04:21,-1
3837758.2774438015,44.66988395995463,15:58:21,-1
81167525.07217647,186.59440500568883,15:33:19,-1
70232706.93601966,159.07772708073983,15:56:55,-1
52375710.18570882,52.44927687158638,16:02:25,-1
16534178.030721212,47.55243806840864,16:07:34,-1
37339599.60575815,87.65010657507999,15:40:50,-1
69509709.34267187,2.4442349229093896,16:10:50,-1
19170931.371138982,198.31879248243916,15:39:44,-1
79195909.72078364,21.092906948546517,15:47:22,-1
14006427.04886392,288.2969456823689,15:31:12,-1
50908274.13781859,54.69593159773108,15:48:11,-1
65358202.03222048,296.0186502335604,15:29:49,-1
89139083.74717498,321.0080842640401,15:31:43,-1
29994614.48439758,263.9480910478746,15:36:10,-1
77407712.03096272,20.33199965137078,15:42:21,-1
75933820.77242322,148.989582383978,15:37:28,-1
54712826.18968716,336.49710003554253,16:07:10,-1
77248060.49015087,83.34008430375475,16:14:02,-1
23574044.54184317,250.49057311113108,15:43:40,-1
13478087.07523472,187.5913069457565,16:10:28,-1
75546210.89160351,198.47469174307065,16:13:19,-1
16586994.0703366,95.7071910509936,15:25:38,-1
85031825.27689539,24.479288465910653,15:55:42,-1
42493943.80469613,40.33359516948058,16:09:13,-1
89580459.39779492,322.1257108473084,16:01:12,-1
5284536.416021533,81.75332350093828,16:18:01,-1
59982497.99728988,346.4067685056947,15:48:55,-1
59272965.68726333,220.46062258141396,16:25:00,-1
56369686.63390143,172.6695416775831,15:27:39,-1
87730880.32225561,264.2695102749609,16:21:00,-1
35796785.83723713,193.17999169835036,15:41:01,-1
412443.876389768,169.53110453802728,15:26:27,-1
51388089.87844055,133.27553742152588,15:50:20,-1
57216335.9129184,176.9513570765684,16:13:12,-1
42704678.1272027,123.6405516111944,15:42:52,-1
24843149.64869657,287.7089043336664,16:24:08,-1
11256559.980466316,68.8682571735939,16:03:36,-1
36210608.22756559,248.6547654908815,15:40:57,-1
40411650.40694376,181.6874743999284,15:53:03,-1
59590196.68857152,359.2713206214676,15:56:46,-1
36986075.53019929,352.86178968556004,16:05:32,-1
76155669.59243809,99.86280108469076,15:49:49,-1
22898490.121928457,321.2929092235645,15:44:31,-1
62550858.30007428,96.21468612803068,15:30:11,-1
83622693.76969598,262.9767366423628,16:13:17,-1
88042773.50612731,43.81207824251808,15:31:48,-1
18570975.65793639,262.82711831574983,15:36:30,-1
59395408.8381865,59.45890751903215,16:13:21,-1
4676966.123143843,106.96904710979577,15:34:23,-1
31371803.91206907,317.0976656251048,16:05:03,-1
28865538.511549182,336.8869761414317,16:13:27,-1
20297480.31684483,236.656215392298,16:12:48,-1
59983180.14797653,270.3954990113255,15:36:51,-1
61459393.96734516,118.7818306397126,16:01:34,-1
49934755.97303242,195.1398822504515,15:30:43,-1
84790696.77698171,158.30783067646527,15:48:50,-1
42467536.35330645,205.5907275814722,16:04:11,-1
60273334.55475359,310.70208643748526,16:07:50,-1
85168238.20438105,49.23698162212648,16:10:55,-1
20461604.37665845,165.8852147967576,15:33:03,-1
3507502.94458686,27.708611881045897,15:31:35,-1
41410315.47022679,191.5826417396324,15:37:59,-1
11142976.03194748,109.66259756622262,16:10:03,-1
29414855.18471079,213.12993988239256,15:33:13,-1
17867067.683239136,278.5445174053799,16:20:17,-1
48153614.407875285,82.20676828012489,16:11:30,-1
58430854.62119254,23.63083134209797,15:34:06,-1
29909212.61147965,303.19953862266175,16:23:11,-1
29038088.48904931,85.10866086990497,15:51:59,-1
22077577.48773691,57.46327895647171,16:02:41,-1
83703312.67372932,47.9354511270502,16:09:53,-1
33145762.33882122,177.47740587719488,15:54:09,-1
13620082.63286405,294.97036793736606,15:46:10,-1
61750470.55596757,151.06882972727593,16:09:51,-1
42530143.00236586,110.83241027919031,16:14:02,-1
77912534.96509291,14.943294984730375,15:54:52,-1
7829821.426410762,148.00256551228185,16:07:23,-1
7891923.106643701,274.73847291467285,15:54:16,-1
18554676.21698712,208.6276485408337,16:01:48,-1
6802886.153633719,318.4883711940285,16:14:36,-1
60029157.44525986,23.159265954223084,16:06:46,-1
41479250.83897452,167.48462413582237,16:22:15,-1
15605313.56904218,215.15609265889736,15:30:22,-1
21694939.830108088,241.8416589871598,15:54:16,-1
56050784.97518374,177.9616809479109,16:02:13,-1
13291563.157641709,122.75827890776,15:54:55,-1
58499935.459858574,212.8527853558079,15:44:15,-1
67580492.53034525,101.00582437886708,16:10:32,-1
18017024.14321488,4.859689391602142,16:14:36,-1
18581670.205708645,204.4540353709521,16:11:57,-1
88471802.4014163,80.62893557842348,16:10:27,-1
1173397.5343194122,101.55820786588804,16:19:08,-1
63906416.26486063,330.04229505548034,16:24:21,-1
57040551.30686095,346.97813737761857,16:09:43,-1
85291805.88167036,277.8806998128629,16:15:13,-1
45168247.35079669,204.14702603873175,16:06:48,-1
73047784.56494567,243.6830486877239,15:52:17,-1
29738744.947316814,319.8634377174952,16:12:34,-1
47051976.32848093,329.49251720018435,15:41:20,-1
309495.3525794111,25.18916911426738,16:21:57,-1
34178671.13490671,92.27764886012336,15:50:44,-1
61764207.28320223,15.30262149266234,15:40:27,-1
7912197.729697136,59.764547004426994,16:12:01,-1
33396634.94461475,29.559097080075063,15:47:14,-1
33317657.383119877,319.1417106239241,16:09:44,-1
63045016.63931099,315.13138488137145,15:34:50,-1
81012087.55378495,261.9097851220768,16:18:35,-1
82216075.75778121,81.92202101448379,15:55:04,-1
74637819.4406293,281.02795490785223,16:10:48,-1
59719329.17896818,105.21839782534803,15:26:36,-1
76021761.88841479,211.4604656915245,15:35:58,-1
53933463.03864808,276.51589143001166,16:17:41,-1
35535268.24856798,31.820825232669307,15:29:27,-1
44955743.5109952,253.75365043925729,15:49:53,-1
44125692.0646515,240.84458118235816,16:08:49,-1
86077930.463964,97.83444630949332,15:49:28,-1
60116586.89020611,193.2794036168396,16:16:46,-1
54497350.03091506,123.62909839139564,16:07:04,-1
50311009.39306562,343.7396096583525,16:03:47,-1
22827707.120043408,129.49814973248797,16:09:38,-1
27644687.621435363,63.17479657419177,15:37:08,-1
27079309.11676279,239.9584675982087,16:15:56,-1
55392276.86849956,172.97551399356166,15:51:41,-1
14412487.767841414,210.7575805113836,15:36:23,-1
8577146.522087933,92.52788335334836,15:55:17,-1
45308660.28057694,1.3715714717425165,15:26:52,-1
769308.0278276801,213.2856164475012,15:37:59,-1
43072208.90545786,49.82777437442339,16:09:28,-1
5676885.673941924,221.60985644355776,16:09:56,-1
62365190.65421407,268.94295702062567,16:15:17,-1
80409176.69199002,110.53495672222444,15:49:31,-1
50943027.08817325,316.3957289634063,15:38:55,-1
11996568.765594106,209.20287333325493,15:58:33,-1
75573008.67351583,106.69980165463592,15:45:28,-1
37091308.876366735,186.0553282528369,15:26:04,-1
58859895.21333346,80.16540439720276,16:05:42,-1
44115491.691289775,327.6178619974052,15:32:13,-1
1863644.924781012,68.14029621533746,15:50:46,-1
32521575.946361743,114.81626061622586,15:29:46,-1
72350553.22226311,343.4197894522042,16:04:22,-1
21165582.19573364,116.39858181349106,16:14:53,-1
13868820.616111152,245.3892216524105,16:10:45,-1
22315535.72565457,150.02149055191742,16:25:00,-1
41282602.644808896,37.39786239558229,15:34:57,-1
4866511.548319591,139.73121709366563,15:35:16,-1
38202887.46732393,181.05288782408056,16:02:11,-1
68372002.03546979,336.19518468048426,15:58:59,-1
18329001.915764213,307.3482611110803,15:28:31,-1
81262865.1680434,68.09294199732271,16:17:31,-1
79813296.25353652,219.7100601442854,15:47:28,-1
56879859.21780408,248.2705136239927,16:13:14,-1
16763205.714076923,48.172448886428825,16:05:34,-1
2164273.550676207,118.96320133811028,15:34:30,-1
86958774.82902552,228.3635145775692,16:06:21,-1
44251240.609356135,17.379590841924852,15:40:47,-1
33913510.676496215,219.95245415166343,15:50:16,-1
65067188.018972255,239.80865031660716,15:41:11,-1
50383886.33320501,105.48315812106677,15:28:12,-1
67637166.48335646,263.378375967758,15:42:38,-1
47890232.82099502,175.57482074736316,15:45:00,-1
54879199.07452416,250.2385310329536,15:47:52,-1
76911661.9183371,142.44016780588515,15:43:04,-1
32447718.209360108,333.6517588808157,16:03:16,-1
88401705.15811314,4.051197127925783,16:25:05,-1
57245881.992989264,126.56429153691488,16:22:57,-1
23457537.34418926,29.74299694777685,16:19:21,-1
54157083.41099013,348.97835801952283,15:25:55,-1
59394577.68974973,77.14948494761785,16:13:29,-1
88132667.3022216,89.70109069369519,15:46:06,-1
30995866.22486909,29.05374616199368,16:24:51,-1
53627262.037308015,252.44453065418344,15:35:10,-1
26143481.802868187,285.40369525838275,16:18:45,-1
88401716.3431126,352.2060896834392,16:14:51,-1
22321190.92763315,176.51011479951646,16:06:22,-1
5152994.888082695,229.7309607385129,15:50:58,-1
46649933.04666924,53.39515474441568,15:25:46,-1
42301360.66999175,85.1437436442803,15:27:59,-1
61416701.46522207,43.072441142775226,15:50:17,-1
78725067.21587011,359.25396682123244,15:53:12,-1
18824055.915429536,48.92823713602661,15:51:02,-1
79637237.64288303,209.7374582557292,15:40:47,-1
8570692.934858771,262.30519480127924,16:04:02,-1
39666010.9950314,55.421359098774005,15:26:03,-1
25390623.73195209,260.32025736493205,16:17:22,-1
16344740.811698588,225.59959665685213,16:11:07,-1
60233643.68009213,152.02557386418388,16:05:49,-1
29460412.47835428,222.27911131497515,15:54:30,-1
75934635.49434076,2.456124620363811,15:48:16,-1
89160805.33865477,124.03284144481935,15:26:26,-1
43316640.91078461,5.290507016936639,16:06:16,-1
7132304.607151849,70.77665916848463,15:45:54,-1
31099271.06774179,154.24238790822585,16:17:10,-1
42590745.70093565,27.848978251156783,15:33:30,-1
31611699.62713244,355.57821392082604,15:29:27,-1
25062096.38448154,48.48153897897432,16:18:43,-1
39332239.68981461,28.749808101880983,16:17:04,-1
13027014.619052457,248.0917981799807,16:23:42,-1
72783523.1309121,359.1664376933316,16:06:12,-1
8286730.018990791,7.118002995278134,15:55:12,-1
7650975.55279376,5.0543718391918135,15:49:21,-1
69187716.97288364,219.0371386591515,15:27:48,-1
54082641.259390056,275.08733536725003,16:16:48,-1
51146919.57582822,231.204622101294,15:37:45,-1
41375224.251865305,108.49251628364624,15:52:27,-1
86068214.47977766,92.64844263340868,15:32:18,-1
22481613.44661041,96.51232007014612,15:40:10,-1
49675234.40749256,253.65270013209084,16:02:07,-1
86220914.35371943,50.83916558699456,16:03:50,-1
51607945.27929822,219.00464463220104,16:10:51,-1
37357379.9042842,233.1797048665199,16:19:26,-1
37318489.16866099,2.7197777131128165,16:24:32,-1
76316982.16963974,356.10223368980434,15:40:05,-1
50597067.15354827,176.87306147099738,16:11:23,-1
21532193.903125927,198.04632065363268,15:56:09,-1
74673229.66033256,80.45457046806536,15:25:57,-1
15125737.745634826,74.8003819265917,15:31:44,-1
16877183.516384505,213.40922999899007,15:57:20,-1
17799509.119073268,52.98065225490181,16:19:40,-1
51463306.2536244,342.16691614256234,16:04:17,-1
82441066.50124402,60.218837210873126,16:15:31,-1
81037313.70627119,0.071213726224304,16:23:29,-1
87429474.96766171,227.0667179823398,16:11:36,-1
53518415.02124473,25.933896393114164,15:41:22,-1
27369435.58668751,35.66628597693497,15:58:13,-1
52153274.74827715,26.02989145720739,15:58:52,-1
75521137.6075763,83.48647034752457,16:02:09,-1
64787531.69657115,224.2861290884792,16:09:29,-1
2778694.6926752743,295.3839357008736,16:05:18,-1
16008120.435345763,316.0339618196118,16:24:57,-1
70784528.23026676,77.29986643422338,15:28:57,-1
45895911.63914494,185.64418652717703,15:28:57,-1
36756245.33675328,215.15648827949423,15:55:33,-1
45616420.84301602,134.57932710923214,16:19:41,-1
70525063.08183965,349.6329743218829,16:04:49,-1
13113173.525752451,202.4684608693101,15:50:59,-1
35701919.301523045,31.50192220798339,16:00:11,-1
71806289.2410578,263.1591965878564,15:44:01,-1
51898664.45090485,96.97565905177449,16:20:30,-1
65845808.98621688,305.91610549458085,16:07:18,-1
59327710.66725786,344.312040850859,15:34:09,-1
30849078.729481373,98.65934718161104,16:16:50,-1
25849625.957894918,213.4964043357573,16:05:07,-1
57283116.44684266,342.31855751945733,16:08:59,-1
291310.1080708304,41.00396350166976,16:12:58,-1
42786266.66683972,350.7811712153072,16:17:57,-1
78231578.59877802,198.98017691453876,16:16:59,-1
62335069.56862314,165.06295905047506,16:22:40,-1
3124321.299551515,87.87034577438317,15:46:27,-1
5711500.337245128,332.4046243278364,16:00:51,-1
15745783.294141913,171.98677547445746,15:53:51,-1
76415457.0546395,175.19299893136838,15:26:33,-1
32873178.895049658,68.10708222093912,16:13:58,-1
35659071.27750666,122.29127882335072,16:13:31,-1
10168131.16225458,309.35349330457603,15:33:58,-1
73770642.0901028,5.593848985466798,16:13:21,-1
52380717.6574041,3.666596028842037,15:33:31,-1
76023814.72446638,189.4145849368738,15:44:42,-1
46241865.609014034,264.12771213483114,16:21:31,-1
32485735.43391865,123.8092095795358,16:00:24,-1
12999256.442197692,353.3815718661807,15:30:24,-1
17379613.73449399,344.2504867432445,15:43:27,-1
76845449.5466986,75.9472688164783,15:41:01,-1
50729622.88886219,278.0909979289992,16:05:24,-1
40081240.02394938,186.1535030925595,15:43:46,-1
89014856.13176516,282.66099063085875,15:32:49,-1
66702519.58046647,295.8703127733208,16:23:42,-1
38882665.916664176,328.842172089116,16:03:28,-1
27892797.990082197,300.81679092697146,16:16:25,-1
11053075.941088649,73.59883222169698,15:42:49,-1
18165029.002970837,73.60301823654157,16:04:18,-1
27560638.50176476,285.4726162699956,16:12:04,-1
52017201.785057545,244.39219710772323,15:53:36,-1
41457368.87961862,143.6791578605413,16:04:59,-1
45750571.20564943,238.31652089301423,15:43:42,-1
13103197.540715007,105.71637113240268,15:34:30,-1
11135253.061638732,343.1828807316571,16:09:49,-1
82422944.15850282,4.573598063428284,15:54:28,-1
27753929.91666712,118.54283610322008,16:17:57,-1
77185842.29012275,55.07188034542491,16:21:34,-1
71610163.47393516,280.7457414794819,16:07:39,-1
29443458.829966158,21.55597645857764,15:55:32,-1
9016353.26918988,45.92595105287544,15:58:21,-1
62901668.027711324,224.87720375374016,16:21:34,-1
21029804.724506494,166.99529153621847,15:35:16,-1
4577143.761903144,103.4243278868447,16:18:11,-1
29776770.38304106,12.79411239636454,16:06:36,-1
46425496.86771,25.714107911152887,15:53:18,-1
67166520.4472704,293.1641655360165,15:35:14,-1
70581972.11081046,201.0261165156265,15:38:41,-1
3798427.7966455338,63.57760434013397,16:23:18,-1
44291259.61550744,273.1687158604556,15:57:52,-1
13456906.75858183,183.0633151197328,15:36:35,-1
46522421.58622752,299.22550617229666,16:14:11,-1
45398804.99209627,69.89694872948807,16:22:57,-1
1300677.2747995446,248.85547198054408,16:25:15,-1
65427778.36260256,115.7812221527539,15:41:55,-1
85794532.69382703,300.555392291117,16:21:23,-1
49984528.32447608,50.555985391053575,16:06:41,-1
1462289.1061982815,18.69613616467092,16:03:47,-1
84184384.87435278,123.99776913012022,15:41:25,-1
15074744.020164046,99.9602901714092,16:12:58,-1
47802609.0351136,131.86342533273583,15:31:20,-1
83314366.1627739,356.59030885784205,15:43:29,-1
61826208.70250291,159.0677639571093,15:38:30,-1
64709778.26222646,106.94617946427672,15:47:31,-1
31806865.778494976,185.4276722253849,16:15:51,-1
77087922.4982038,294.6794358789121,16:13:31,-1
51000826.23917085,88.3341942901974,16:11:58,-1
59310903.2772553,329.769712384538,15:54:46,-1
76115084.96372247,146.10053741616326,15:58:23,-1
18938466.20674809,117.55260983975438,15:46:32,-1
45411058.15729562,348.96154174624525,15:35:44,-1
31109811.75240016,202.34424502997737,15:26:31,-1
46338476.54504887,278.8812675269345,16:13:12,-1
83756750.56684509,305.7205656325727,15:38:33,-1
25878504.620703507,282.7995591980418,15:27:45,-1
36091569.20838928,296.5601699390742,16:16:59,-1
56138812.35433763,29.02953282344557,15:59:25,-1
24873807.08546733,147.56082451231975,16:05:25,-1
58078713.17743504,45.83872470426469,15:39:47,-1
53599129.28874495,52.27893529452131,16:13:08,-1
51327756.60038237,60.648516640786944,16:01:54,-1
48756977.13036587,339.67658509908364,16:05:33,-1
41359477.45344664,55.80299889217344,16:24:07,-1
3571348.5726124025,80.65008943607128,16:14:52,-1
13789265.124834614,89.06918068277972,16:11:03,-1
20527619.52831096,167.82736526356737,16:14:52,-1
33170896.79484644,326.93609625818846,15:57:59,-1
70695524.52855867,197.5383580961121,16:17:22,-1
13924075.842288077,233.81962042062523,15:48:11,-1
88001072.43265903,347.71619149712683,15:30:14,-1
23897498.955211844,230.19465779983236,15:49:15,-1
25853475.26406628,234.2250565641443,15:36:40,-1
17598363.935597163,137.20950762451355,16:04:30,-1
74823650.93941109,343.4811725068214,15:40:20,-1
74673160.50945571,74.53956464596362,15:40:13,-1
66444365.34465429,99.67793344098392,15:37:05,-1
48358832.02866989,198.73393691127367,16:23:46,-1
2303842.036605658,169.1209199329774,16:19:22,-1
9463842.315209834,194.3514956607488,16:20:41,-1
72074221.63389948,329.3217484195621,15:33:47,-1
23995798.342845798,279.6070665897959,15:58:03,-1
69933651.65048961,341.87071119613114,15:52:55,-1
43770323.01696251,184.9895073429888,15:27:34,-1
88926638.29181002,271.11641209272216,15:29:20,-1
66092748.92963996,226.87036145089235,15:58:27,-1
12032965.001037773,33.03051703856696,16:16:44,-1
2978314.1951127592,81.37679368589251,15:35:59,-1
68342381.33027902,337.05635510681566,16:16:26,-1
49452032.03450108,132.00197935855863,15:40:59,-1
1026437.8123272996,29.14177231689574,15:35:11,-1
66080756.6111383,113.54247155975143,15:49:38,-1
84485097.5246869,95.51014948424556,16:20:46,-1
15551664.053824984,178.7054718355421,15:51:28,-1
3354353.5453765146,85.81335889303048,15:35:53,-1
45756181.50902179,249.3445855371057,15:57:07,-1
82881043.0717534,281.06546901189034,15:56:36,-1
38483979.960284,35.45452453906552,15:53:32,-1
59790951.28161581,121.31984898045012,15:51:51,-1
54058262.72038973,13.434791129600669,16:01:09,-1
35228250.2939378,65.18129739193071,16:05:16,-1
30221447.47674092,301.4377162991387,15:52:45,-1
81168475.27318487,182.52154668718512,15:52:33,-1
69149225.9001745,338.1304814198744,16:08:28,-1
44267574.53511446,69.37357857961726,15:59:31,-1
4349639.897730833,153.4874280746271,15:29:53,-1
77012099.51740177,197.67262670351943,16:05:05,-1
74784530.28077394,30.995140434050366,16:17:53,-1
22418458.67368978,10.471645480651102,15:35:29,-1
66386437.93050358,3.280586829382073,16:14:41,-1
22599743.64415615,109.0009821031294,15:33:51,-1
17697661.57776892,201.2494717343332,16:06:13,-1
66063379.24517095,316.27476333250286,16:08:56,-1
64786711.98009822,62.69868877096234,15:46:25,-1
20247361.60794506,347.02397577330447,15:57:22,-1
84139846.6918371,227.4941022465306,15:59:49,-1
20643672.312992003,170.62241832118224,15:33:27,-1
5708549.996121957,279.6307510874266,16:01:52,-1
14901229.225094665,326.474141827385,15:26:36,-1
50318474.06955451,90.36076388146157,15:47:47,-1
54486056.26784211,135.5445174846746,16:04:44,-1
16301438.212458557,190.53564664949425,15:42:42,-1
87039645.67702466,99.56044588874668,16:08:01,-1
16179065.66360596,171.22201360284274,15:42:01,-1
52264176.70318237,9.934862550339885,15:27:53,-1
31063302.21397388,175.9987853936705,16:08:25,-1
89999524.6788099,48.11825655981364,16:08:27,-1
5515424.7057707,269.00220036552946,15:52:20,-1
6150618.888495855,17.345088410722383,15:28:03,-1
52536287.06366128,209.5103910049477,15:39:00,-1
4389406.6573956935,273.5562121851545,15:32:09,-1
1517973.9529340377,209.819463858696,15:52:52,-1
21420324.05160385,43.03751574852194,15:51:29,-1
61144759.8238087,90.73630781432242,16:23:02,-1
29662520.727326658,266.3996151115258,16:02:52,-1
82845284.09982336,313.56752716636726,15:34:27,-1
35596764.89854097,130.75375296093551,15:58:58,-1
28211084.810783908,75.94608766487366,15:56:40,-1
50454924.27146509,232.21677536961732,15:39:36,-1
83469536.49212025,113.3911006478913,16:17:56,-1
69702411.06741786,111.21154071074552,15:48:27,-1
86728024.89757895,234.1618962204978,16:01:40,-1
88707878.72435287,178.1578321701791,15:27:05,-1
47437334.61874512,10.755459540302963,16:14:13,-1
65542366.06755169,92.48569021265732,16:08:18,-1
66330744.31076909,299.37539315466915,16:15:30,-1
46906026.258775465,94.16807613333567,15:55:10,-1
17389396.566930816,329.79752538277154,15:52:01,-1
80964546.65833215,46.59039450095857,15:59:46,-1
55907787.24515774,261.7437043356151,15:35:08,-1
30132823.035933536,312.0382771856765,15:45:52,-1
63293175.31888624,109.16486402243432,15:47:35,-1
39008756.24192672,125.73442055014984,16:06:44,-1
49916456.86993712,141.7075486879216,16:07:07,-1
22957128.64564989,331.2902526636712,15:29:08,-1
41245138.51509296,240.8026174551325,15:38:36,-1
47278454.164758645,30.236595334050698,16:20:41,-1
8907602.280746013,346.19323189355083,15:45:33,-1
55287504.13418295,155.15216758199222,16:09:17,-1
2223885.043171484,24.162592338952063,16:09:58,-1
42638545.58146928,229.6160937679305,15:40:32,-1
13431256.253982114,6.781427112781322,16:18:36,-1
53371482.39861362,60.155510402655466,16:05:55,-1
75794924.18402378,292.0163386656046,15:51:01,-1
85205922.43419684,284.46634829314127,15:28:03,-1
14814750.529417677,280.2281056410969,15:39:06,-1
79384254.19644341,228.67472278287667,16:09:06,-1
72055219.37487477,214.90141530670212,16:14:07,-1
65720678.31968764,338.9744619146718,15:28:51,-1
88873130.3845714,342.37590165302083,15:33:58,-1
50014151.35271924,327.2109596947548,15:52:06,-1
23794101.03300617,5.421761138419914,16:13:40,-1
24857835.785151534,122.23408418857656,16:06:24,-1
40113903.118885614,272.96030464015047,15:51:03,-1
70440050.51214287,265.00922164833486,15:54:37,-1
33409714.5774268,38.82426504386444,16:17:08,-1
1694590.4447984644,273.4398859282254,15:31:14,-1
63602683.23103152,178.4523724809043,15:49:48,-1
28320926.47995738,279.7353914359838,15:34:43,-1
89043980.23102295,54.67132468958387,16:17:49,-1
53846038.127057165,8.45498428829314,15:43:13,-1
28062473.855991803,214.88136309176312,15:28:42,-1
6993867.4220547415,32.81435642888207,16:22:22,-1
30163415.615057036,16.25588452193563,16:12:55,-1
43051979.24849795,300.59571538728,15:56:04,-1
87810232.35972923,26.44991298912959,15:37:45,-1
64007213.62355915,120.8416590172969,15:42:28,-1
13385030.35255347,341.2356875747576,15:33:46,-1
10624105.569309274,354.3995521807388,16:06:41,-1
31229007.461222596,244.5458467992646,15:38:03,-1
55900596.35786787,258.25152431961124,15:43:31,-1
29401206.098922357,81.49289249255851,16:05:15,-1
4622362.344683984,231.8233778057908,15:39:31,-1
79441077.2822805,191.77554855789296,16:03:59,-1
61019706.98293853,15.555787168826228,15:30:39,-1
39339826.17581557,128.35774751371596,15:33:58,-1
77929242.97193767,38.88082192410409,15:51:22,-1
52141091.35668533,294.487069441231,15:43:29,-1
83107352.9307066,275.94941791766195,16:17:34,-1
4780058.0800839085,153.64654765248926,15:54:39,-1
25298512.473954827,276.4032589222471,15:46:46,-1
33311010.887577847,145.25802065951888,15:52:58,-1
16584816.20837002,269.199022044737,15:29:23,-1
77483987.36640833,263.4557418844958,16:21:35,-1
19982025.52711818,43.54016022027339,15:38:34,-1
56310831.441846326,332.04902768408806,16:03:22,-1
82912889.75080532,189.75348092069856,15:41:27,-1
81313141.27550858,62.767093822025394,15:36:24,-1
37895014.27869796,184.92902886790745,16:16:56,-1
84896618.43971819,252.96047119414047,16:05:01,-1
70876886.91107644,251.71889113351187,16:05:01,-1
21170709.44503784,5.228688729169213,16:17:42,-1
72020770.47219181,22.695040727408603,15:30:23,-1
17331842.440785114,115.49969972496264,15:49:16,-1
17779672.156691022,157.98896348371642,15:31:31,-1
68960938.45158881,158.07572440571695,16:22:53,-1
13918251.743734062,13.415209278395809,16:05:37,-1
20448546.48767252,213.22464984099076,15:44:12,-1
63333735.38095543,258.9748915975224,16:21:44,-1
35901862.51834818,186.85827039293824,15:27:33,-1
15263344.096846491,240.60051534751332,15:36:00,-1
79750993.13334092,238.99317928753905,16:17:17,-1
22027998.846531674,112.92792206913168,15:43:53,-1
20166104.073085792,152.20137554894947,16:07:53,-1
88108308.95464152,78.94018116242307,15:52:59,-1
77232156.57254113,187.7140085702541,16:01:19,-1
89497609.17043309,86.93674368858498,16:05:21,-1
47910918.95295352,172.90227512293035,15:28:08,-1
21413472.63084941,162.7827142801804,16:15:00,-1
7979146.710958129,7.290637914094105,15:41:34,-1
14528898.593287328,29.464099544461053,16:05:28,-1
84460356.34306364,200.6574996958988,16:07:07,-1
52876450.70767171,130.39479837319573,15:34:15,-1
318917.9180617065,107.20147679028685,15:29:02,-1
50988409.01925173,198.9159661946017,16:19:45,-1
44806747.223562256,167.62262133630324,15:39:46,-1
70355625.78719343,98.6562070061022,15:34:02,-1
31460966.93693282,37.37841381054186,16:08:49,-1
68896140.5282361,274.5373136153849,15:40:56,-1
2091434.9719718136,45.5772137652482,16:17:42,-1
53619494.773433134,322.7827785201522,16:03:41,-1
76998015.01802765,339.41086467777967,15:49:41,-1
87476383.31698109,172.5694636424553,15:28:09,-1
83871424.53535335,85.93000694819965,15:34:37,-1
25226096.26532241,149.40550707481034,15:33:51,-1
71317581.25295906,163.17778488728175,16:07:01,-1
41909333.76711236,99.94201104203444,16:17:24,-1
77881978.78807268,167.33059706795638,16:25:09,-1
38299139.04976425,341.79302101409263,15:48:01,-1
19191442.194561128,212.6156836876202,15:44:07,-1
73896430.86394943,182.03562854924616,16:16:43,-1
73695353.5052556,54.09684632591071,16:01:40,-1
34009061.72569317,202.63230282112144,16:21:27,-1
50917065.83142433,354.54097593537875,16:13:22,-1
23344035.39854668,91.23825951916837,15:46:58,-1
21375798.857091837,288.9908590635108,15:35:55,-1
82620932.58550356,65.47282047538465,15:58:20,-1
19890290.05735732,225.73316308429472,16:18:51,-1
68940122.28327267,109.31079979766012,15:53:38,-1
70426268.51846974,182.67319944533563,15:28:24,-1
25964246.811584577,5.832981896987275,15:57:03,-1
37747625.97110921,306.0832175476486,15:55:43,-1
50529564.72498831,347.6126136239544,15:59:26,-1
29978781.928557828,236.6143101647936,15:44:04,-1
58036918.9737872,163.2736042071759,16:04:46,-1
58872345.0478072,302.292536843673,16:12:12,-1
36706368.91341327,282.73249907167684,15:37:59,-1
53664113.88832889,11.77462319362506,16:06:14,-1
59877180.53694233,219.61617454545495,16:17:47,-1
34888423.2366841,331.4460788332536,15:59:53,-1
68521607.06721957,116.91231123831108,16:08:41,-1
29884777.450851414,32.81797569559388,15:45:53,-1
65346076.16320369,0.8257343681612506,15:50:59,-1
59783946.210296586,145.85281946016565,16:16:13,-1
38877373.77436436,219.0915502657793,15:54:34,-1
7735403.448340299,25.45957326998616,15:57:59,-1
21044179.804188207,206.8038233259832,16:10:43,-1
37408961.34606131,230.5944076915708,15:54:31,-1
7791201.702492202,58.50890534703626,16:11:13,-1
4059787.709082996,115.20509287623548,16:04:25,-1
72212932.0759934,30.56114752887881,15:34:44,-1
5657725.462891755,279.651305658406,16:07:40,-1
610470.2894968642,252.73584549490863,16:06:50,-1
37476098.15746386,324.2620889868163,16:02:57,-1
8464400.676132835,239.89466854498968,15:51:56,-1
81053073.10808271,339.1025311096176,16:04:02,-1
75216480.72444558,316.86673177047965,16:05:09,-1
77002974.31127968,226.1007698234676,16:00:07,-1
77138028.23532222,92.4598746341942,15:52:41,-1
30855398.402262133,0.3551909483124493,15:47:54,-1
50223793.88875685,193.6607646266741,16:08:12,-1
41369824.64769764,238.50153882704373,15:41:27,-1
38544727.439388566,323.9774598716312,16:23:35,-1
78058272.55251709,273.5387693023186,15:57:12,-1
49538996.48811155,80.6550911856002,15:38:55,-1
54233700.70336911,117.53636735938755,15:28:09,-1
28097974.84478941,105.31429669537764,15:49:30,-1
37790297.09338232,214.65257828534368,16:04:52,-1
31361753.17396445,349.9658600070203,15:28:30,-1
14366014.736991083,280.9767305798684,16:06:41,-1
45475093.02730817,149.50807697705562,15:27:11,-1
72320344.45181026,3.9144459695610623,15:59:41,-1
40717723.49697465,214.1134774488821,15:29:26,-1
74378720.89845295,187.63459108314748,15:43:29,-1
78690746.6866895,307.8951361737474,16:06:33,-1
40666076.67663732,89.26591812126779,16:23:58,-1
4629553.967035686,327.6909569756361,15:28:51,-1
45444444.157010056,342.75174618143353,16:02:33,-1
57418583.57564461,248.8373772047768,16:07:09,-1
7879495.467811542,37.610836712837845,15:35:04,-1
21392051.829103395,325.16897136750526,16:16:45,-1
21742548.69208459,69.8111554383198,16:12:47,-1
50543178.60830997,105.71029124479251,16:20:47,-1
64596575.06670356,145.70011453561378,15:49:05,-1
65304032.97050726,87.25013125294385,16:25:04,-1
53958645.56153464,258.33971974793513,16:08:19,-1
70557987.3229142,39.15282234833545,16:06:07,-1
40679893.611908965,277.22565639932617,16:16:38,-1
27665040.121942747,22.890324496899023,15:29:19,-1
74796898.11132765,126.17898811015472,15:42:31,-1
73770805.83051126,128.76471187706633,16:12:37,-1
20658035.079934545,164.98779178376844,15:31:25,-1
65608469.12005757,42.27018019094387,15:54:33,-1
624168.0585391063,355.0299767621197,16:21:09,-1
78007281.97770044,306.5376652037236,16:20:50,-1
23453247.875411656,66.64297037743138,15:35:02,-1
27314165.245153982,250.21316828539105,16:06:23,-1
20311964.485868417,48.16661316307423,15:37:38,-1
89599411.78296551,274.3404996867431,15:57:33,-1
75674223.79305081,231.15410865167576,15:42:30,-1
12882800.01070122,96.93755192735328,16:15:16,-1
3758502.6024066648,338.20605768227057,15:30:08,-1
55687515.02282316,334.82043058089187,15:33:17,-1
58836332.6129888,33.47295279249104,16:19:31,-1
85894062.61890376,91.89870485026344,16:12:07,-1
84087813.5692858,200.29087326553167,15:44:56,-1
16559691.394619238,174.42674531892106,16:09:30,-1
85064048.63529956,73.56886128190666,16:02:32,-1
26518352.04127425,254.28533711280755,15:47:31,-1
21622417.75195943,293.989019450292,15:52:04,-1
39708543.86998557,190.8625244938804,15:51:24,-1
15838865.20571959,126.85942334049196,15:41:51,-1
85000554.35842459,116.87373717596108,16:02:51,-1
67996660.70862614,330.1097962177206,16:11:16,-1
42603116.92263411,198.8106545799459,16:15:38,-1
16265458.494085092,99.53981873018702,15:59:26,-1
80311426.09493788,114.92600284318624,15:27:39,-1
62610640.02827231,275.07511629038066,16:08:43,-1
58837189.23470632,25.868918941312806,16:17:43,-1
23426670.64653085,349.2144435388211,15:55:30,-1
82172727.71536261,192.6496439294619,16:18:38,-1
12344754.958103009,293.1801068908174,15:47:24,-1
49481143.75841935,2.725005402114702,15:47:04,-1
76381774.60118848,348.2582170240301,16:00:44,-1
67447388.34250453,260.07659930162936,16:16:13,-1
50115007.69602416,136.02683428121293,15:49:10,-1
52126551.76510861,90.11084357231852,15:38:17,-1
53465418.605866455,205.4082173100284,15:34:44,-1
10551588.81070414,151.80349984778968,16:05:27,-1
85902705.49833885,353.2733793204432,16:21:49,-1
36393696.96934577,36.48172447798986,16:15:02,-1
69037339.49101497,323.38593187332333,15:45:27,-1
12181473.036798194,183.86840225235903,16:10:09,-1
31868180.0990423,102.71863275472025,15:40:10,-1
73476452.43001741,261.91523323359826,15:36:33,-1
29202715.459260352,253.65119509006752,15:38:28,-1
46530385.17877147,99.8783339331856,16:10:58,-1
23796033.232035827,246.97286773740623,16:07:32,-1
64246809.344365165,336.1893844585347,15:46:25,-1
16029341.513137668,225.35518398508165,15:59:45,-1
28827294.184123676,193.7089850544165,15:26:23,-1
79451161.65271798,90.5604268065694,16:04:04,-1
35797258.86482093,48.79489915704669,16:01:37,-1
25542926.213711902,121.8789510251812,15:28:02,-1
54726995.45095172,311.2623783559583,15:35:35,-1
70880195.05715823,39.78627324168126,15:38:57,-1
22286831.94994173,33.103330750279405,16:01:52,-1
76353350.06268069,220.4990499904372,15:28:56,-1
1462837.638331687,41.94780508526452,16:03:49,-1
27053756.880294774,238.3584737488657,16:00:30,-1
88272862.44895367,216.215748962884,15:29:22,-1
39858709.84114993,143.79501209492204,15:50:27,-1
4082668.108498671,56.143885907842105,15:51:32,-1
45741221.326137416,32.97379352056592,16:19:32,-1
8702296.123606792,104.1874368592577,15:39:53,-1
52236812.407792985,100.38368680902548,15:26:14,-1
63050399.33425011,180.17208643891587,16:24:44,-1
6704546.536503404,199.3505415354076,16:16:52,-1
22623581.09467539,346.17151520317896,16:08:47,-1
79831446.46892396,105.16257851560364,16:14:52,-1
23185716.660162613,242.3710910705324,16:09:24,-1
54933470.89990335,56.92960477935517,16:19:35,-1
61342189.08905309,204.09848886994791,16:05:19,-1
11919490.21868309,304.6418359977867,16:18:43,-1
75550653.59585409,139.34918180571083,15:45:56,-1
78954745.34034649,281.42143516157955,15:40:43,-1
86338500.50642116,242.31756219052264,15:39:21,-1
86546356.5942657,179.34531659697362,16:14:07,-1
50851905.60869487,285.1046750981312,16:07:02,-1
85150552.7105324,93.54767216722418,15:43:36,-1
31789086.262433425,284.58182122011294,15:56:43,-1
72260802.69375281,248.89745556831087,15:49:44,-1
26716316.153172527,336.50432520334743,15:50:07,-1
25705769.759785336,15.945389305919845,15:36:28,-1
55905520.52038096,146.6587522929498,15:53:50,-1
73964597.89030889,286.93002539880706,15:49:51,-1
73578311.2009013,167.54182562556758,16:07:07,-1
31437815.088239778,330.08097352293544,15:57:17,-1
78898445.47138453,210.63574081620732,16:07:41,-1
77272662.75042589,338.7086319781829,15:45:23,-1
58808595.33946774,357.34848843541766,15:31:58,-1
89198545.32819284,160.09778161408514,16:14:13,-1
72837325.75302644,78.81941137279296,16:16:52,-1
53053397.79952952,130.98979528227733,16:22:11,-1
48956173.99012874,142.99650347579552,15:51:19,-1
82988755.31116341,221.9132008228035,15:51:00,-1
18491486.250799205,135.18640102142274,15:32:08,-1
9017174.106168542,1.2957631498487254,16:07:48,-1
22485230.5180682,15.157142413126028,15:48:42,-1
75456566.44768228,340.05386574015546,16:12:14,-1
69373226.0736253,28.92539891533573,15:51:29,-1
32324129.469511654,344.6743017531737,15:35:36,-1
8410666.656654282,251.89433983153015,15:43:13,-1
39223564.18769055,344.5179333553475,16:05:30,-1
66029527.77827024,60.551813740462414,16:14:11,-1
70287527.0220484,338.1759696287052,16:07:20,-1
77100622.41932006,305.21031438976934,16:20:21,-1
46786883.60523279,67.82081320008601,16:15:44,-1
68663537.7342125,161.00573750793535,16:22:02,-1
15521386.144070895,52.4306892223589,15:38:49,-1
13588494.065835858,72.47673315917663,15:25:47,-1
85566673.80571571,116.12702991573092,16:12:55,-1
74532459.74737465,164.19644108656195,15:57:46,-1
22655187.85065005,344.2705411672796,15:52:30,-1
40779124.42100572,98.9788032889591,16:09:54,-1
54097056.36064924,185.39576902582547,15:42:50,-1
89344678.45687713,83.30942402280864,15:48:51,-1
50512896.87861145,337.82477835568415,15:49:16,-1
73394203.62395018,36.28710161610796,15:26:13,-1
58301129.95372613,156.08049735079945,16:20:58,-1
9416872.87369142,305.2298069757198,15:58:13,-1
79536290.28256096,160.52224259122983,15:28:05,-1
51875801.85050988,207.19553943985125,16:09:47,-1
13906347.52958371,325.32008585272905,16:07:24,-1
60934807.652619466,176.1768537378011,16:09:07,-1
70662439.22718835,227.9949661807806,15:35:48,-1
13548195.010377754,61.428582210689925,16:12:03,-1
11052045.906047393,15.11693506626944,15:41:15,-1
70429613.45240805,134.40047326407336,16:14:59,-1
81329908.48422673,36.48722583779921,16:12:02,-1
79094090.21044512,152.2204654122607,15:28:13,-1
38521527.8544668,183.32291171213535,16:10:44,-1
36705775.40046538,171.89953015804474,15:54:07,-1
42797887.09669785,113.93085570446476,16:09:27,-1
53406603.99087367,35.182431856008265,15:48:07,-1
6714364.22626717,232.66692593187312,16:22:34,-1
71000532.67083415,234.34615498165704,15:47:43,-1
58978738.62288873,144.58809779014274,16:14:22,-1
27279873.467698306,209.91345588047,15:49:43,-1
28396534.691239875,238.40905179090507,15:48:31,-1
17364487.46386929,75.9999494848984,15:31:06,-1
65790198.2619637,243.09696870301204,15:38:54,-1
2680506.651067658,188.7193058146129,16:20:05,-1
20893257.56170285,196.816161278142,15:46:30,-1
41787235.36984562,320.94329956256985,16:16:10,-1
61634969.99250457,27.79889851160853,15:30:04,-1
55146596.52037407,191.3001329938245,16:01:02,-1
11649023.738286356,234.8321828800088,15:45:51,-1
23518511.590685457,178.88791764185171,15:54:59,-1
15468801.07590377,82.63897125265979,15:54:15,-1
7958036.134121604,258.49520454214394,15:26:39,-1
29556786.52083486,313.6493891855948,15:58:33,-1
42143527.0657795,314.28651074769715,16:24:49,-1
64186299.0973419,29.957895719788432,16:03:00,-1
66781189.47909318,291.870828377086,16:12:00,-1
3671148.805975747,159.46178099366807,15:42:15,-1
61249752.36850722,304.6281381691642,16:16:53,-1
62993913.60787386,262.80581346250705,16:05:35,-1
1879704.4550874892,327.74006133159503,15:52:23,-1
37295868.19844496,204.14263564788425,15:38:06,-1
67655890.02385248,353.55953926680536,16:18:15,-1
26353869.003364984,58.75386406208066,15:51:15,-1
58328410.06074703,221.18305592557763,16:13:18,-1
73398019.91481552,209.2917862203973,15:26:02,-1
72852776.53248668,300.33467716344035,16:11:03,-1
84738364.8209326,223.2809663326459,16:07:53,-1
73771641.54808724,23.13373921417966,15:45:07,-1
2710153.533284947,219.5495467661092,16:22:51,-1
14342942.137673162,30.23350830550155,16:11:38,-1
5412189.614970312,325.9945704145779,15:36:27,-1
85768705.61817665,333.83975265642295,16:18:25,-1
76010312.05463305,65.50160090910256,15:31:44,-1
52026831.56494321,77.64492394539143,15:28:10,-1
77788946.05018903,165.50733491188376,15:45:26,-1
81649386.00623207,11.5350830668087,15:45:30,-1
79773377.30746523,282.38008862608547,15:25:35,-1
76221973.83156365,199.05516735894372,15:48:21,-1
12247501.121652229,32.72602278153842,15:39:18,-1
18456209.929351967,2.145171472839471,16:02:30,-1
74106539.88308658,209.5452429004669,15:42:19,-1
20564514.68994872,214.5639104064616,16:25:21,-1
39497818.29340146,279.7790762864117,15:52:04,-1
82660998.41839801,173.20327930400668,15:36:09,-1
3227316.0078394306,289.39428378768514,15:28:09,-1
30950569.801094547,80.72657233554251,15:44:48,-1
76451281.80655038,21.23769646698133,15:41:54,-1
35111163.109187536,87.84763091405193,16:20:57,-1
41302585.45770675,155.73265090833877,16:00:46,-1
57460853.224333234,7.209800383020446,15:55:44,-1
73519811.87281905,306.134618804712,16:22:53,-1
47417622.82428719,252.94918346790016,16:18:37,-1
59557088.17038007,101.51008032562446,15:33:11,-1
45548697.01769915,46.25356145108948,15:58:05,-1
24933389.35579029,33.270205946768215,15:50:05,-1
19577363.51064245,17.37894188692815,15:39:35,-1
2591142.6771156136,195.01417388437855,15:46:33,-1
17407654.929865927,299.76719691579177,16:12:12,-1
34071780.586627975,146.7564059258689,16:18:41,-1
7648090.034443867,205.2960627979425,15:59:11,-1
74269069.62073599,101.32586473924069,16:17:37,-1
57679285.61347114,99.99631329208134,16:03:56,-1
60165422.685522944,266.78802776912585,15:55:50,-1
83889009.92717627,198.0521260601953,16:08:15,-1
5959961.259070965,194.19092240257476,16:04:25,-1
55175192.38983653,97.7911674984591,16:01:22,-1
67143605.53693698,42.27861848290756,15:38:15,-1
20509589.856499866,214.7044483092321,16:00:11,-1
64333456.21355099,256.4482608781128,16:06:23,-1
84820735.59719525,174.05379848285156,15:26:35,-1
64186947.29563321,160.2688003808577,16:23:44,-1
38290871.15618768,70.45682622958309,15:36:56,-1
9302694.463098278,229.9352403429623,16:04:29,-1
87388190.85962541,61.27865271628415,15:30:48,-1
6124302.040785579,285.1588180880135,16:16:22,-1
23668008.71465724,314.9166587006225,16:08:24,-1
29235862.53531655,200.82975639472383,16:03:58,-1
52659418.96254288,348.3860611607196,15:48:49,-1
8528625.723146077,104.9951328546143,16:11:15,-1
22417400.814775165,70.3490511427814,15:32:03,-1
11139924.165508823,278.6679966205282,16:15:12,-1
71714524.43494293,28.5752306938899,15:54:23,-1
37306139.34410223,357.8256208800776,16:19:51,-1
14010985.368480118,151.36870663245838,16:11:44,-1
82457357.55299018,253.50327357146983,15:28:24,-1
75626001.511756,347.2025278646937,15:46:16,-1
51732741.61583711,339.81598639696193,15:57:24,-1
40139440.282304674,91.57799345703997,15:33:47,-1
45123468.87777533,89.8802145246768,16:15:51,-1
75066884.62912884,112.58051735344596,15:47:25,-1
4988804.250661541,275.44787909422854,16:05:39,-1
30990376.576123424,54.07509401637075,15:39:45,-1
12553629.622578394,313.6969208348865,15:51:04,-1
58459333.93346799,211.299254594531,15:47:07,-1
64733458.46059535,256.7044941751185,16:24:31,-1
46087558.0224685,105.63443041028349,16:07:13,-1
30900880.19645922,213.3198970499961,16:17:07,-1
52422338.3043853,348.02897304552306,16:07:05,-1
21829397.95081453,212.2800504946659,16:10:42,-1
15093695.58292648,205.4901766489357,15:54:10,-1
61448037.91449997,57.168753122418245,15:35:56,-1
41117668.24518883,44.7622309426558,16:15:46,-1
55843189.52972584,84.123492709728,16:21:10,-1
84150840.82687762,170.95303914353147,15:38:50,-1
55694002.19560751,135.90914024645124,15:54:09,-1
24205777.08179175,184.90649253445864,15:38:01,-1
58359051.9588823,70.85627454609553,16:09:28,-1
16023204.13841302,254.87937613619823,15:28:38,-1
60532380.4702992,102.09028848004036,16:07:46,-1
48305699.32975642,269.7414456744881,16:19:21,-1
1866706.29880768,294.15509274649537,15:44:38,-1
74547503.62117189,65.75014662439519,15:29:43,-1
7461190.103372691,350.1538946842023,15:35:04,-1
50562026.04161407,327.90797766523536,15:48:22,-1
82887761.82750957,174.5558692952873,15:29:36,-1
5298884.383618402,138.33832276594094,15:29:52,-1
63498924.47954989,215.30992981467392,15:45:59,-1
39400782.22636603,28.725647271247773,16:25:04,-1
56915823.132939,328.7126476840846,16:06:14,-1
82759569.24450792,332.2991815363651,16:04:34,-1
14558100.383017171,230.57686353705716,16:00:56,-1
18864826.98048728,257.707497176615,15:45:19,-1
57716107.29898113,68.97450652665916,15:38:58,-1
21294991.758899637,101.15362851183922,15:57:36,-1
52746545.29332036,59.45802627069138,15:38:15,-1
42609209.5825727,192.3623803967122,16:08:27,-1
5384448.38702033,44.80002746822486,16:19:15,-1
73205195.26208428,114.48477263939928,15:39:36,-1
12702922.692208815,328.3663597924416,16:21:36,-1
50300117.729161866,224.82300015725053,15:35:22,-1
41468856.031878576,66.47424304210703,15:40:52,-1
87503970.63562235,169.96908540519664,15:55:10,-1
14160307.28908429,129.91991097268863,15:27:55,-1
87798034.90575947,301.1678643364807,15:44:07,-1
69191326.64514524,334.3360908717266,15:30:36,-1
26287795.82352591,101.5881868719008,15:40:35,-1
380291.7916278053,236.903870504966,16:19:17,-1
29586379.32934125,299.4059577095696,16:24:54,-1
39377659.92852563,350.2118757993986,15:50:07,-1
22152786.61062991,21.54731471496536,15:40:52,-1
47723354.93825904,83.19349698975928,16:08:31,-1
47593955.15687517,27.594989007414924,15:48:29,-1
26224821.34773245,138.41140701302194,15:53:46,-1
51909290.73844334,142.26713066372312,16:13:43,-1
40594228.08987188,200.1182496225408,15:44:11,-1
63257690.69523462,193.48555457800063,15:58:32,-1
16868078.56392345,113.3095094028696,16:17:05,-1
88991800.01290159,184.78368553579912,15:57:36,-1
32586775.13022219,45.234620876677766,16:02:38,-1
5169485.30777871,347.8890596988629,16:06:53,-1
32509415.26461189,11.509259392468284,15:49:34,-1
31731951.459050383,301.47009231122644,15:37:07,-1
48783895.54994102,93.38225446921643,15:43:03,-1
18459183.46895251,172.73780012646347,15:58:45,-1
8205115.559679031,294.2420934273695,15:42:36,-1
65794377.62487906,149.76319587649198,15:36:25,-1
1271045.227856849,310.80361078784586,15:39:18,-1
17698485.47202659,3.545367329104896,15:49:52,-1
24952390.77058397,31.253114623146843,15:57:31,-1
34811301.01974509,344.4710443160078,15:38:24,-1
38641112.13645494,349.1712555861986,15:29:29,-1
80486382.70039244,180.54627425633103,15:58:24,-1
27671875.0205062,282.3165420356651,16:04:19,-1
8149669.14754019,79.63368602091506,15:29:37,-1
9104877.176368453,67.59415442009697,15:44:50,-1
28298496.625558488,234.74997270626383,16:06:26,-1
10392524.918296594,257.9085992722685,15:33:43,-1
61631498.62629144,131.32622091097647,15:33:16,-1
77091328.60256077,250.1252376977117,16:03:07,-1
82949722.61765721,353.0688475269147,15:51:12,-1
84204661.24146955,51.82211582146115,15:47:37,-1
8158745.410995741,265.68197202727777,15:28:39,-1
66819013.1031773,338.7288432361781,15:29:48,-1
43593147.60066613,177.11349261741225,16:20:01,-1
77118444.50038593,31.35360023213004,15:29:39,-1
41927383.96192671,90.53563559867068,16:22:14,-1
86198357.35611917,41.12161311071628,15:36:57,-1
38893962.38055618,88.32080454866363,15:31:21,-1
59871004.01712104,302.9981063487569,15:31:02,-1
84074384.32239942,109.59046118843015,15:42:43,-1
52866428.13230712,102.72360333852453,15:39:21,-1
23915964.35876995,194.4575140762482,16:08:22,-1
29835880.933801524,242.19214815863364,15:55:17,-1
60645215.26845449,230.31631941490505,16:23:25,-1
48804792.5203277,337.26880693064675,15:43:14,-1
85248951.97175308,317.50247051965056,15:59:07,-1
18044559.20484244,291.59995058423993,15:43:42,-1
68728280.92509118,66.02487568094244,16:02:25,-1
63974391.68423528,92.84700207889324,15:46:26,-1
46960768.36778671,91.9104163374812,16:19:50,-1
47036957.0839523,222.5674108194771,15:39:39,-1
73897452.58415672,269.5379780826279,16:02:15,-1
73679163.58891852,113.99248057764208,15:50:43,-1
28999211.070070088,174.22774786645812,15:38:19,-1
38715134.15964983,163.2386330669062,15:53:07,-1
35423197.42682695,147.59080748329157,15:49:36,-1
28647762.462872837,17.513276126956324,15:39:53,-1
79377630.4252523,234.7462385637994,15:26:07,-1
29934652.211088058,312.4060211429884,15:31:49,-1
46078898.037759215,122.79944645834944,15:35:27,-1
27570061.345229145,357.33193173547664,15:29:40,-1
73752064.36931165,59.73761497198308,15:27:04,-1
68256246.46055791,42.02108142034026,16:24:17,-1
88846251.78336674,243.2332315554117,16:21:51,-1
23479560.84762049,227.5190012370022,16:08:04,-1
56031420.521781415,347.8479951537376,15:40:36,-1
6432180.918094938,103.85578504859,15:28:15,-1
62193822.88188716,149.85715856771867,16:22:23,-1
19354318.08482406,323.75043537177345,16:05:41,-1
68245551.64705314,311.0779988324248,16:21:29,-1
6301240.625883658,358.5164383043702,15:50:30,-1
31055049.854162715,200.04694246336183,16:11:40,-1
89456581.0240308,27.53901569877496,15:29:09,-1
48124035.641289085,266.04875668392515,16:08:51,-1
82580941.89480975,240.64039717487265,15:52:01,-1
38214971.29522765,25.839834590129374,15:50:24,-1
38399738.10615832,184.48478923581183,15:29:48,-1
38008518.50377628,22.421618759469105,16:10:09,-1
43648199.98176494,172.67192190744166,15:32:32,-1
79875403.65826158,283.0030921199816,15:48:00,-1
48052032.77609696,211.2180606230885,15:51:56,-1
22406318.87901137,284.3255537806599,15:47:19,-1
72090621.94457537,164.92779177228056,16:08:04,-1
10191496.829892475,153.51236324419506,15:39:16,-1
60657248.42398994,106.43901723142858,15:26:33,-1
21657153.02754923,72.31128843881918,16:18:06,-1
24442743.036825247,283.4999633142472,16:07:10,-1
4152594.466080185,337.8346312261802,16:09:55,-1
66173408.46120329,222.2306532391609,16:19:25,-1
19837580.803760663,342.4511313608783,16:23:48,-1
10661191.20415284,227.88882890397468,15:26:55,-1
4693006.406952159,266.90328260607345,16:05:14,-1
49271754.164293736,269.3459675361837,15:49:52,-1
62012338.332317896,49.78137796502906,16:07:07,-1
33317601.9271124,288.28505563625777,15:45:20,-1
80760623.87257268,32.605678933126335,16:16:05,-1
34739318.900386274,344.8929110158308,15:35:54,-1
6599872.172606298,88.56808511571576,15:27:26,-1
66437482.96395936,306.0948528261725,15:50:30,-1
17358635.87606571,328.0712559329853,15:49:37,-1
18203491.870699316,13.054519193257097,16:15:04,-1
57387166.91776044,310.2530403550155,15:54:07,-1
73503529.86515383,184.2200681346312,16:18:01,-1
82576965.79244235,19.40599415496734,16:11:10,-1
4587702.432596465,68.59298335408876,16:02:20,-1
65240263.62702772,285.6204018150832,15:58:29,-1
7542144.48292492,348.081022514149,16:14:50,-1
25247466.85794619,181.1595914330876,15:28:06,-1
6276626.507859066,145.76653299105814,15:44:44,-1
22949807.44404197,278.7761190755728,16:10:26,-1
76413810.24143773,260.1398756760548,16:16:53,-1
24389303.55283673,219.1784989887809,16:24:46,-1
35950719.93430287,339.7431488151347,16:21:08,-1
33431301.690406285,56.60604204965429,16:06:41,-1
84986912.8302335,321.6172104093246,16:06:43,-1
82860916.38800813,148.94500906362018,15:48:54,-1
69577735.62282565,167.663644127209,16:13:59,-1
35199022.31265359,164.98831009915338,15:48:29,-1
36269752.63835969,326.39689921976884,16:23:51,-1
72207945.97372949,41.26550831217642,16:12:53,-1
39177666.92651766,175.43214913466383,15:37:36,-1
40906215.43697067,307.2273228920102,16:04:07,-1
84221351.38666534,176.20684481204444,15:33:20,-1
25526854.28772467,109.9186393522898,15:59:07,-1
49419824.35339878,40.58301391827133,16:00:25,-1
36845726.73525914,107.66892430244958,16:09:05,-1
84328977.98709081,284.0890547294389,15:59:13,-1
47766447.17436494,164.39897688774568,15:31:44,-1
49995571.1225279,289.6807724837738,15:33:54,-1
70249654.84193316,22.658372357684723,15:30:36,-1
85621268.29458527,305.0983532190363,15:31:07,-1
54828155.98253589,233.2861618239393,15:44:35,-1
40698386.03260945,97.88231791297578,15:42:15,-1
44821264.07428846,19.577021264830773,15:37:38,-1
86649788.35804282,89.24149590198945,15:57:23,-1
42762041.04789934,143.88096802849194,16:15:13,-1
80667976.32342815,214.94568914527537,16:18:09,-1
42369879.032023504,249.59309425615365,15:45:24,-1
52130971.52126008,102.94767015042096,16:19:41,-1
73096565.16048634,335.06755278742924,15:54:27,-1
12329650.844488198,256.5806225308425,16:09:56,-1
47468534.76089292,282.81336348894365,16:21:44,-1
80249349.31765364,314.3042391065893,15:38:21,-1
41150336.218210906,135.8897252210099,15:41:17,-1
46881427.90338896,179.8054915567141,16:10:23,-1
38899546.85961702,143.63978553665146,16:00:43,-1
64982118.5208386,317.2781677796798,15:34:44,-1
51162030.83364259,33.43909291785118,15:46:51,-1
86906109.82178858,212.27895143729177,15:39:44,-1
37116226.01218863,123.08881514932952,15:51:48,-1
83811835.20562866,233.4999075113068,16:14:09,-1
38747783.09184132,350.7753223535503,15:32:12,-1
51211181.46537143,287.678764035598,15:46:27,-1
78633709.43350118,93.1288086037107,16:08:53,-1
41089987.72862569,296.24222481217095,16:09:17,-1
69787784.52481867,264.48423225163634,16:05:13,-1
33070531.92527965,4.683329604917024,16:00:56,-1
51132498.62252377,45.87624623152763,15:55:57,-1
44939013.35751166,51.150674636642194,16:00:39,-1
2839411.051038081,155.5743041834579,16:11:27,-1
37992803.97553112,134.9448454604327,15:34:59,-1
55747822.08547996,113.6582497959982,15:48:21,-1
62429725.79306163,37.60372905379048,16:16:47,-1
10074844.286507294,34.98735589861373,15:54:54,-1
10239637.39299865,124.78843278014573,16:10:06,-1
75050531.97155721,236.7440071570486,15:42:46,-1
73074035.18157026,70.74954837328268,15:30:34,-1
61455535.74247836,261.1602589177783,16:23:55,-1
4420043.125184635,344.58300371606623,16:02:54,-1
10311145.33252578,302.7285939868987,15:32:19,-1
69711616.09729698,111.46615643262984,15:31:50,-1
41261080.705372274,103.1240706338784,15:58:48,-1
87764898.27090299,305.5483245640585,16:05:33,-1
41630381.42804109,357.79098699823805,15:27:31,-1
1032512.6952555244,186.5410162213429,16:13:52,-1
26218358.382742666,249.34907253558683,15:30:24,-1
788176.4313946575,266.10469257847217,15:46:58,-1
1518624.4382441507,343.32588908931854,15:33:29,-1
43461601.99570687,160.0396149846407,16:23:48,-1
74806103.55515014,337.1203345655831,16:03:27,-1
78150200.6252398,272.0409658228221,15:59:41,-1
62393623.1248,95.57300169784727,15:53:18,-1
47752428.03287479,280.0683492874378,16:17:38,-1
34062446.15059698,310.9502298374612,16:03:26,-1
71310859.78703238,118.60381895378308,16:21:33,-1
88427089.23363736,355.94748613179775,16:09:00,-1
58744265.36854947,150.79860500820516,15:42:47,-1
55240126.99651176,155.6271895478477,16:07:50,-1
79940654.41492347,91.33283429869974,15:26:09,-1
30557820.192077123,303.9779368422065,16:12:01,-1
54652095.21191471,328.92554461478227,16:13:41,-1
5712695.897690797,345.7596790296439,15:56:40,-1
52665538.08523962,291.7929625229835,16:04:36,-1
19638514.808146056,354.469528942036,15:56:41,-1
41232578.606011465,163.83186638892894,16:00:22,-1
16854709.035887893,97.25368746772874,15:31:08,-1
71043220.7249615,185.00565438646336,16:24:47,-1
80608736.18702304,72.82973675164759,15:33:59,-1
32945157.035088465,224.2222082465184,16:06:54,-1
61652298.81850004,53.483044816152926,15:45:33,-1
67593387.01230873,257.9501686092257,16:08:23,-1
27012870.4741068,134.36667445893983,15:39:54,-1
72229417.4145576,241.35119297464752,15:47:37,-1
9925171.09249359,47.58649970863694,15:50:55,-1
34082327.99385461,129.39234442152792,15:36:51,-1
11420781.54294639,328.69492151832134,15:54:37,-1
35888241.88224573,266.9384239779167,16:04:22,-1
54134593.341421895,268.29091169195146,15:56:12,-1
6070031.845918659,240.84559240210055,15:25:49,-1
9553809.067665096,73.51492000268706,15:36:11,-1
25455528.87819766,261.80904692314226,15:44:11,-1
48450684.47611719,108.7654734045806,16:00:32,-1
83786883.1238949,278.54321112898674,15:52:09,-1
26282163.868785422,255.02142457800812,15:59:24,-1
41667128.76746414,294.0325426150381,16:08:35,-1
13601248.914592104,59.01808267984735,15:45:03,-1
84906996.89397167,82.54604088599012,16:16:04,-1
84709452.17782825,325.3383190296332,15:26:55,-1
988963.3979353212,181.68877109189344,15:51:08,-1
43855478.43994137,188.0121778015347,16:04:24,-1
88222443.41136286,340.6219403070764,15:54:37,-1
25405448.48361485,65.54811777075311,15:55:07,-1
58916148.37088048,207.86199875262284,15:34:06,-1
29475001.06331426,296.13661962556483,15:40:23,-1
71548453.79914747,73.01062836280735,16:09:17,-1
84320536.02473895,38.16123276118877,16:03:57,-1
6076711.345653151,146.219460321157,15:33:41,-1
29566270.458034266,123.13055854633048,16:04:39,-1
51616474.44969695,222.3530919538233,15:41:16,-1
74826428.6140382,17.484462289235843,15:31:27,-1
21649242.00188862,200.96368943583155,16:25:27,-1
32267477.92996571,347.84604197824467,16:00:47,-1
18871832.468452714,62.55536753194893,16:21:09,-1
55701782.970631294,193.6662028699777,16:03:17,-1
7214604.42787742,111.99564321350044,16:02:33,-1
18890604.200291235,285.1236651448632,15:30:23,-1
73504027.75438185,46.772957490796905,16:24:33,-1
4865654.770767184,300.83094788812207,15:39:16,-1
71427723.98935097,190.83779328636996,15:57:11,-1
69306320.21080613,39.52627841509073,16:09:25,-1
84545411.65160525,234.6600685514568,15:28:47,-1
87423187.41037093,314.6144463847231,15:34:58,-1
85882007.01266573,302.85498768247714,15:49:12,-1
27857658.01345885,110.56839106300268,16:06:31,-1
59928434.93448161,152.37530426878493,16:03:53,-1
45208499.910696216,316.8989344468417,15:54:58,-1
32753712.35557853,166.14766215936467,15:34:40,-1
71449720.35179341,160.61768080933666,16:15:41,-1
21316202.58636556,20.2545466346742,16:25:15,-1
11363429.16584185,352.9143034568207,16:10:01,-1
19057327.87554588,222.12523314684475,15:28:15,-1
47126188.4975588,112.2570930274999,16:15:38,-1
28954996.518362533,85.84729994139558,16:10:29,-1
66767645.98191864,125.9125999419672,16:12:55,-1
35030616.2405619,83.1533968631632,16:18:38,-1
8716051.577406254,77.83901828916812,15:56:49,-1
79266094.43690333,0.5942502696536955,16:10:39,-1
18540644.98608284,195.8867266191572,15:44:35,-1
31882724.084946707,163.30826964961992,16:18:48,-1
62443399.57031425,335.16192915773746,16:04:05,-1
47634495.837811925,342.79756878028337,15:59:22,-1
27519716.962821186,169.04963311805497,15:49:10,-1
19371602.378152907,184.53275241581707,15:53:30,-1
3900200.060628551,84.50271266126232,15:28:10,-1
113495.12307598216,103.8400284825607,15:39:09,-1
64210878.07314402,186.71105430029056,15:26:31,-1
50591258.98318344,35.58520201650927,15:26:34,-1
61272595.68397676,308.8757893467689,15:48:01,-1
33724179.060391426,282.5794586990815,15:39:08,-1
60645016.83170386,28.329670669808348,16:06:19,-1
61433434.57601554,232.44379559799617,16:24:10,-1
57915827.67326028,52.63884071151896,15:26:40,-1
56181556.73287692,218.29601562771268,15:31:36,-1
73293544.56598169,308.3564279202797,15:26:08,-1
53267515.29182216,140.78753459060917,16:19:52,-1
62256543.453695625,270.0406463032288,15:59:07,-1
1077288.9046655386,21.978051210640945,15:53:06,-1
7250628.66196868,340.81121883199535,16:15:27,-1
15499285.29951142,111.55675731378795,15:39:58,-1
43735605.63940357,206.39988088854977,15:41:23,-1
4879302.077024167,340.9284451074764,15:52:42,-1
59212844.955377474,237.30129800761767,15:45:04,-1
82104571.53575741,350.6731654665692,15:36:11,-1
37416820.82639501,56.17710434369009,15:27:59,-1
46745934.16201908,248.96801485735816,16:15:57,-1
73232715.49465932,248.4270662812261,15:38:34,-1
25787991.927776694,17.626342712873203,15:31:35,-1
65123342.662884034,250.468089742948,16:12:06,-1
38032406.839516826,332.2379477902035,16:17:00,-1
72996645.66006295,32.464863800151775,15:41:15,-1
3949361.709636983,135.6610513463345,15:56:23,-1
39531483.34053724,254.93788735803847,15:28:45,-1
22143463.19962682,142.7498924311834,16:24:11,-1
22565246.569091976,345.1969060908761,16:23:36,-1
74114824.34268789,163.06158195187203,16:03:54,-1
55546817.93576055,17.393549439396978,15:37:28,-1
38238679.49056545,149.41983280104367,15:32:11,-1
88334020.56386866,130.34100840941187,16:05:47,-1
51596514.69287737,305.7164945975864,15:27:47,-1
13496265.833333286,131.47399806913234,15:34:09,-1
19777961.60977345,28.37420136673292,15:35:49,-1
29321482.87395316,306.5529195692698,15:53:19,-1
9557893.42969299,217.64069173643824,15:26:31,-1
49256450.15538571,227.09557720306927,16:03:29,-1
47450311.162175685,73.78866946953883,15:31:38,-1
44069770.75995039,290.8323364983388,15:34:47,-1
10203636.046957482,117.55913511675568,16:10:03,-1
54130709.60189081,0.1597841116851839,16:03:16,-1
67053157.59924076,55.85027007580821,15:37:20,-1
41013145.681508586,346.79229621457097,15:48:41,-1
3257349.3723508,120.13567392846667,16:14:16,-1
36192021.09662256,301.1528648518032,15:51:45,-1
4239588.832833739,105.14903022999644,16:15:06,-1
42114480.90724138,112.49440470662336,15:55:21,-1
57445651.80405066,104.47714991945648,15:59:14,-1
84054651.98862882,133.17220645890995,16:21:15,-1
5395689.449009991,197.6965801781033,16:06:27,-1
86503844.48312446,70.07481125943835,16:20:39,-1
61599806.87224159,250.8751293597969,16:21:03,-1
611148.5012856418,131.78217747009126,15:37:05,-1
68841681.40146954,118.91136667189151,16:24:53,-1
56430939.10697068,60.58677461963423,16:22:46,-1
77891811.34193942,276.96493540633844,16:20:39,-1
37037203.31938921,303.12192721547206,16:08:27,-1
7782411.828114907,18.771750341019107,16:17:34,-1
52108178.41757084,257.3435505202394,16:10:35,-1
27077859.738983814,4.640213427754372,15:39:08,-1
49394069.37134789,109.92049257235784,16:03:05,-1
68608896.37461883,334.247903215945,15:33:21,-1
54288742.23277752,143.4508810260955,16:22:06,-1
31314163.90225199,36.09077606792707,15:39:56,-1
23195139.7580788,73.19797233463196,16:23:32,-1
11920665.322433,217.6713757386217,15:48:38,-1
87169895.1719632,170.6156762366938,15:29:04,-1
10225398.217364112,44.99220580096078,16:12:07,-1
15520059.619396793,215.6231464706425,16:14:56,-1
33851840.23461367,336.88769761270504,16:20:38,-1
47727500.47105447,66.41325267179388,15:53:30,-1
70670927.54068206,327.62609809600656,16:03:49,-1
6935763.629437565,271.4416826672892,15:50:39,-1
42344050.85541647,249.40853856471804,16:03:11,-1
52490771.11957616,252.3502195722357,15:52:07,-1
79059772.9036789,298.94626750920713,16:09:29,-1
59967367.5875614,346.29975795063336,16:04:13,-1
6299349.131634893,328.4919037557536,15:28:58,-1
64876223.66093165,82.7410089831539,16:22:14,-1
78986669.34508942,136.49082684605983,15:27:16,-1
60961002.22102396,261.3971315877506,16:22:16,-1
21245055.23370584,192.55677429081155,15:38:46,-1
65754038.685661,52.18974162491202,16:00:15,-1
74868291.25516863,357.80636567973096,15:56:31,-1
2749634.802297383,243.82707605136824,15:45:47,-1
38659941.87205263,138.8260454021101,16:18:35,-1
49374159.13751289,277.281729125378,16:09:29,-1
7320870.631104327,328.7211918688167,15:28:59,-1
65422181.88084637,218.06872050879065,16:16:36,-1
71035398.10849033,75.29450457637566,16:23:53,-1
51419916.6766833,243.88430323257825,15:53:19,-1
83293339.74663234,3.1572304759351555,16:06:21,-1
40041862.45532943,14.777522565242842,16:16:49,-1
22719741.30668045,35.44540147695456,16:08:25,-1
60323145.14343824,155.5712069870691,15:40:17,-1
54234931.45502781,153.42528970378532,15:53:11,-1
51645283.72411528,297.589495246365,16:09:46,-1
62968670.48316317,313.1637704493722,15:56:23,-1
66165667.86293858,107.56372848020683,15:28:23,-1
9093478.191131208,357.90783346277846,15:55:03,-1
68762881.91200268,90.28461305643371,16:11:49,-1
25274636.05626117,174.74119021230558,15:38:50,-1
86348479.40476038,228.9325246586913,15:38:52,-1
30579567.645537198,55.59501986285139,15:43:36,-1
57833796.41508496,59.04568476808616,16:13:29,-1
83821838.02119927,241.70582334196743,16:09:07,-1
19255797.506695963,30.152798779213185,15:47:04,-1
55224261.59941432,247.22900827610889,15:31:24,-1
6190047.83223314,141.92984413296725,16:21:47,-1
22535187.122606445,211.8094513802328,16:11:10,-1
41935046.9641537,155.906946920938,16:21:48,-1
12391953.325539598,233.15043496891835,15:56:14,-1
53533623.93100022,182.48365905847515,16:11:49,-1
27161780.12463071,268.37443720620604,15:39:05,-1
77973168.471977,229.2059183127104,16:03:39,-1
25586899.078873724,40.16813664823281,15:56:29,-1
12623559.484852469,352.1471358352341,15:29:52,-1
38274435.883014135,1.2149549072186572,15:26:59,-1
18383612.756225385,9.264488978879124,15:26:25,-1
23231665.52582056,46.89550393800023,15:54:10,-1
40503387.64948191,307.5583649320629,15:55:46,-1
65088174.451307416,53.91276330866823,16:17:43,-1
15191397.253777817,175.35227870796425,16:24:45,-1
87733985.00294654,341.72603738074247,15:47:38,-1
24234378.741853416,0.9505053543695796,15:27:13,-1
63649316.46283707,353.41957881193804,15:34:16,-1
17640491.0864045,313.84542556393006,16:07:42,-1
79931928.4909583,267.32431227283814,15:46:46,-1
66366141.55233106,19.277732903130893,15:56:38,-1
81310833.06118172,169.53545863912674,15:26:40,-1
84362694.62866597,10.03160479604849,15:58:57,-1
51430370.80756198,261.65034686586387,15:39:57,-1
58704451.61415036,227.26317490288815,15:43:40,-1
73393793.91089818,233.52740719771225,15:48:08,-1
73479269.77345395,191.1343100353227,15:25:47,-1
37498183.54095691,49.77059192002627,15:58:04,-1
74729004.7917992,28.314057414632007,16:03:20,-1
59772144.087974966,46.874964668240175,16:17:06,-1
12258609.4455188,39.19071193560282,16:09:58,-1
49310882.4878455,229.4719855326431,16:17:06,-1
41780015.06775515,333.3385989726647,15:29:21,-1
30893752.995533504,59.06940855065647,15:35:59,-1
66030883.24329015,355.57304646056485,16:21:46,-1
61588447.92293624,153.30950557283592,16:16:47,-1
32350858.7418679,131.2744910669237,15:28:25,-1
82212092.84586784,350.42370042069683,16:02:21,-1
88295138.80705862,241.5473447384417,15:34:04,-1
64690149.13724762,243.9968775952662,15:54:52,-1
17867481.4257357,286.612397878316,15:36:14,-1
84390939.87220074,333.0118004024469,16:03:34,-1
27904833.93649125,306.4536813972085,15:33:12,-1
56561707.92193447,359.2937654646083,15:57:17,-1
46765271.19312606,264.4733897222324,16:03:33,-1
24926352.462402537,264.2120154499906,16:24:16,-1
84299420.8251002,212.0038868373768,15:43:27,-1
54435131.12333471,83.4391904386374,15:37:09,-1
43765664.43776968,352.95272500158075,15:55:23,-1
1103527.2864436854,347.107974435118,15:45:40,-1
2160700.6990702366,343.1122700710865,16:17:32,-1
65287208.40231439,250.4187610736592,15:51:00,-1
37050484.51168389,297.45861279938185,15:32:47,-1
43716010.30704855,121.3845922889413,16:00:12,-1
36797008.99061608,116.3677385703244,15:42:29,-1
82318883.22876655,86.79542083259432,16:04:29,-1
81211870.7793639,133.50262877211998,15:35:34,-1
16851877.887532722,160.9605124091458,15:33:05,-1
54022929.3219899,102.38413163510026,16:01:30,-1
50092761.85146544,142.692114030312,15:56:15,-1
7280035.500274351,289.8508875960417,16:24:36,-1
4160948.494880457,348.45442377437564,15:51:54,-1
28058944.70154351,319.32601354766143,16:01:10,-1
34457449.41168262,226.7020244596864,16:05:15,-1
39353293.02432493,215.5292397508363,15:40:48,-1
61846205.15747959,1.966496724800062,16:07:43,-1
8945371.289264817,351.48856510319854,15:51:50,-1
39216074.76727359,133.06838137259842,16:01:36,-1
44397161.83367505,346.4287734918452,15:31:18,-1
17239713.677954976,303.5255008161177,16:24:21,-1
26131615.4955746,217.28898792824356,15:26:43,-1
45236369.55129119,35.3247731446543,16:11:36,-1
14270268.255534152,234.8462817137604,15:59:48,-1
3067473.853928565,226.9194392646997,15:31:29,-1
22199967.20444459,351.1106550814173,15:39:47,-1
57076276.69773731,246.0712187917848,15:49:00,-1
55964565.84704533,291.0085998359709,15:55:32,-1
75157324.41028276,129.63732052253775,15:39:27,-1
43346341.80689945,124.06885208591008,16:21:37,-1
24427500.55703717,118.15546883468808,16:15:29,-1
64924218.48479749,85.37255625812665,15:51:01,-1
4258510.640269869,60.2844493399455,16:16:08,-1
21646932.461961124,103.3445464218047,16:21:59,-1
24178621.639561493,68.40185692666597,15:31:49,-1
53745578.15959883,2.813582962698957,16:02:55,-1
56349273.3359259,308.4325719004367,15:45:42,-1
16953539.243459184,326.6987963872168,16:06:01,-1
20329033.046128515,74.36026591222574,16:17:31,-1
59958321.02937816,193.37615162110828,16:15:46,-1
28156278.978472464,242.9396330642417,16:18:54,-1
82425749.98259918,319.75135418956154,16:20:30,-1
14654024.035157455,322.40532556767954,15:31:55,-1
36914469.51430648,72.18056550864536,15:26:38,-1
57830683.41065019,187.03085263336425,15:56:08,-1
62511839.00589801,239.52907354289871,15:46:59,-1
19664199.94103007,128.62203682927156,16:15:52,-1
75885720.79112363,77.37189716741959,16:22:41,-1
32126941.257948603,30.73351644831285,16:14:19,-1
2506716.00852363,341.88380164160185,15:36:34,-1
31377657.01588132,307.95913774294564,15:46:57,-1
65832709.97546476,41.87573524025227,15:29:39,-1
54195593.60395245,352.458977629847,15:46:46,-1
38482427.34743859,359.6517944969359,16:20:30,-1
83425054.43602593,287.34140911324886,15:50:13,-1
25401779.395090148,170.67258720758116,15:46:34,-1
54365671.20746194,152.7454844819225,15:26:51,-1
6512952.556108978,192.1108211088628,16:10:19,-1
61320434.13831529,238.8884692203143,15:40:56,-1
66241998.22619681,319.81539222873283,16:08:22,-1
55689041.02515532,200.31706281961533,16:24:13,-1
29688632.324166305,206.7920247755111,15:29:57,-1
59901318.48794445,306.67829750911693,16:24:59,-1
79426777.39511873,232.89911311608208,15:58:12,-1
8038295.554186843,352.03508166956595,16:17:16,-1
64343566.680771954,178.06201445440044,15:43:38,-1
747644.6516355011,170.24580549859914,15:26:41,-1
24640844.02430358,52.96711043649203,15:32:24,-1
22407071.40924467,276.16464393475667,16:05:35,-1
59845753.33381832,93.68999134392634,16:09:30,-1
76493107.42891306,68.45174257074517,15:31:58,-1
71071469.75445655,290.77382309909206,15:49:59,-1
38931979.06566561,185.76946450392515,16:05:50,-1
60945220.227891386,354.5669487401541,15:49:39,-1
34481525.09918902,37.07594423708768,15:34:55,-1
57079182.85682095,246.2673632312292,15:27:19,-1
61336603.65693896,174.58848848265643,15:42:51,-1
60977425.35187631,33.84440032003921,16:16:25,-1
50489060.35952918,160.6319565220596,16:10:06,-1
61854682.14512223,189.73155432540125,16:25:21,-1
11924964.619306022,27.795456292882918,15:37:52,-1
89458318.17155296,240.5505733019025,16:23:05,-1
32504952.551457584,215.10528976782905,15:53:01,-1
64017777.30225485,278.98698116440363,15:34:57,-1
11094109.580106406,232.45047572253964,16:15:47,-1
81015997.7430735,338.0634887852321,16:21:19,-1
68804281.43682125,145.43555121972832,15:39:54,-1
55608561.105950266,289.90815430217646,15:38:44,-1
22659919.5495848,296.97422211298294,15:52:30,-1
58923254.2873572,355.1223766745043,15:40:52,-1
26808090.934887197,45.82738200507228,16:16:53,-1
67209090.81926481,46.34943415761307,16:09:27,-1
51666411.16533068,278.92994656762494,15:59:11,-1
67251014.1389902,121.27869654646928,15:28:44,-1
37004378.01166632,114.14313099328707,16:03:43,-1
48176968.67762316,265.2585981126231,15:46:08,-1
53939119.03965337,15.546198397398715,16:16:26,-1
72616480.70709887,125.62315683712448,15:46:35,-1
7391705.716532297,251.77505539461296,15:52:45,-1
81892642.84734978,214.12978887898143,16:21:08,-1
5700085.920770108,296.3943555671281,16:06:23,-1
25476532.82341365,260.9940636724483,15:47:22,-1
32655981.809556574,291.052520683837,15:29:50,-1
81686701.18293202,22.63036383392272,15:42:49,-1
21378104.763696253,16.256651735995554,15:46:22,-1
43914107.68994012,338.5864963070441,15:52:32,-1
36400028.69153797,61.09835707592601,15:58:44,-1
14576085.72307726,52.1299675656724,15:57:27,-1
88544080.30092005,240.06078616434647,16:00:32,-1
55945931.47034795,297.9688143305081,16:06:31,-1
87668429.01798612,355.1556872459216,16:00:54,-1
6612609.749254002,62.44120684202738,16:06:15,-1
66813108.79754555,65.86046629777088,15:36:36,-1
50119120.36733004,205.62833215332256,15:46:22,-1
43926825.10601334,238.63805738888385,16:12:55,-1
77810039.92669697,112.37351799534262,15:45:00,-1
44305612.81782576,177.63342642116197,15:45:28,-1
50158915.85122999,332.99258458792724,15:57:34,-1
47475969.35379755,85.85227456268463,16:03:26,-1
81327416.52619667,224.76120832808945,16:14:07,-1
30426956.29409203,352.3347349832782,16:19:50,-1
20361175.72165454,309.8063664379338,15:31:02,-1
66145876.93110947,7.078364802714603,15:29:24,-1
18162886.1766203,265.9729297734836,16:14:08,-1
51340064.5000476,219.5162468551382,16:17:25,-1
46454288.23227599,275.61294422766707,15:44:37,-1
80732875.80518626,320.60568522570924,15:29:03,-1
31681871.4724167,312.21002937503584,16:10:48,-1
40740126.22053926,202.17650324821005,15:40:36,-1
14141974.509111024,218.384688629604,16:04:08,-1
83649076.19660734,90.73483257506822,15:55:39,-1
73592832.89156285,152.36708820475138,15:39:53,-1
34954200.37041517,4.403525168770139,15:36:46,-1
47529618.70836869,210.17459295694533,16:11:32,-1
24316591.66853259,166.15065435554257,15:45:41,-1
2045145.1426265116,159.84913657137326,16:11:36,-1
84248199.05628017,220.8617394345885,15:52:21,-1
51745600.24455236,132.90295912462278,16:25:20,-1
71412846.64793044,265.3863731548551,16:11:13,-1
56375973.78268307,281.88316213610807,16:23:05,-1
76133751.65331762,186.60861623537863,15:51:07,-1
80148876.63064209,250.94286732682676,16:13:22,-1
32254773.55618788,176.14213140066758,15:37:13,-1
77298318.74599218,282.5792867941059,15:36:12,-1
78845945.23518422,247.3533671176105,15:54:05,-1
42386431.04489513,141.83356468558043,16:12:42,-1
85014239.89735551,284.2017571100756,15:47:11,-1
75447561.67920578,96.33210721121266,16:18:56,-1
15175941.480116922,264.75954284295483,16:21:16,-1
656539.9285848276,66.93385958072213,16:16:40,-1
28416391.681993183,321.53415921461647,15:33:41,-1
27729161.165454865,327.13513019076987,16:12:02,-1
8005518.239809542,226.7387683679192,15:57:10,-1
13520562.270404676,309.1107494546867,16:12:10,-1
56610430.04450193,110.25292893599804,16:05:23,-1
42644492.287270986,347.12400679577087,15:32:54,-1
39550259.32137896,32.99866346087559,16:22:52,-1
7465691.0278247455,331.0755625734714,15:28:22,-1
7719180.681096858,345.0352470010452,16:19:12,-1
10423758.13651471,168.834355920642,15:50:13,-1
34820983.53785071,27.04332140215548,15:56:36,-1
13396196.11970875,270.8184699888591,16:25:02,-1
16626558.84488812,212.84040824321067,15:53:24,-1
46650984.453454114,267.0012103010055,15:57:33,-1
62514268.08825747,294.35158827881264,15:54:56,-1
40582932.07350477,186.0893693973273,16:21:47,-1
42036814.14448727,290.03403732595024,16:25:15,-1
10670012.985510036,48.40042953608639,15:45:30,-1
62823807.90664224,191.80268925839223,15:57:15,-1
53202685.26467197,128.51582279331845,16:23:47,-1
87992858.20306174,307.1361165184241,16:09:04,-1
53921322.50091912,138.59627997084593,15:42:34,-1
15630385.418018583,213.5138561096602,15:30:38,-1
63571878.68014615,201.053851106082,15:28:07,-1
21803375.6770731,327.70837683109073,15:27:55,-1
44799280.44451669,186.33644603701,15:26:47,-1
84628013.2325185,41.20758402495797,16:05:43,-1
15096251.956253946,201.87941215573665,15:57:20,-1
82181564.44464092,169.27662354712663,15:56:53,-1
89875830.3465699,91.11981332950032,16:03:40,-1
56195623.52447155,212.24202845103204,16:10:36,-1
9573427.549319016,270.1348223337924,15:56:42,-1
66901603.75625769,174.0850036734916,15:43:16,-1
40403057.33874639,333.585039898282,15:36:40,-1
32040675.243242096,121.95120943002053,15:53:29,-1
36300651.10139381,81.86878997015893,16:24:33,-1
53404264.97747991,309.6107611962344,16:10:04,-1
14820937.13282123,70.82220145137073,15:33:52,-1
63879854.96763028,18.69471495419297,15:58:53,-1
55776046.0038622,15.674343684613454,15:37:46,-1
72822382.45232747,29.798490132391,16:14:48,-1
15949664.810902355,39.535337446528246,15:31:25,-1
54759724.302791215,157.90421429229855,15:39:10,-1
49650843.30391844,46.64858605544774,15:26:16,-1
66871521.73168838,4.926004811990783,15:53:00,-1
17245854.509160046,254.60829154967337,15:40:19,-1
14568285.007890882,138.34839464316818,15:52:16,-1
2154247.0024225214,356.8456783166602,16:03:59,-1
68237763.55872229,313.1582841363586,15:25:31,-1
34050454.82624273,287.5825694514072,15:58:04,-1
28852787.34300508,258.6631241399409,16:20:54,-1
67802539.17568219,197.45457470247072,16:17:31,-1
54175566.55709084,153.05968234279308,16:21:38,-1
44101980.20114331,145.44173767039973,15:54:26,-1
85933478.94711687,138.7308821330292,15:59:54,-1
51057484.433964334,158.96765833687732,15:55:03,-1
56996523.80395077,27.175639216920008,16:09:07,-1
37803700.04697291,107.938167714327,15:32:40,-1
87460911.50817451,131.72136948437256,15:48:37,-1
10538717.68888385,250.4856842595621,15:42:56,-1
26457528.829494808,189.525623758323,16:11:29,-1
2975241.985708706,6.7110062639218215,15:47:07,-1
45654942.39398809,292.67105295421794,15:52:43,-1
30951107.04122301,105.11735365535328,15:52:18,-1
68414873.16661541,252.8131277491136,16:13:20,-1
86370433.66583583,157.07707285686524,15:35:31,-1
14544965.843410946,274.8703019815946,15:45:57,-1
57201437.0196332,288.674083859842,16:12:39,-1
54690654.09322599,348.09395995474944,16:05:23,-1
61879269.15253462,281.23819065621086,15:57:30,-1
53831412.73344198,155.874974518076,15:34:03,-1
60240465.74222194,274.9821383106883,15:32:32,-1
28052957.540712453,12.469521103113532,16:16:48,-1
37255093.64517255,149.2918489155394,16:19:11,-1
40850024.97477646,341.9379283429005,15:54:12,-1
89522720.17971328,135.08730578200326,15:47:15,-1
35480198.47143408,48.78737696412502,15:53:12,-1
64295746.92395932,7.246650849645926,15:41:26,-1
29606295.3051513,353.467047696518,16:00:09,-1
75666511.16028814,45.38289802520866,15:30:11,-1
80934519.12193446,13.559170614699628,16:19:57,-1
1863217.2874608224,6.810547161904834,16:06:18,-1
50132810.81837017,146.4838713704758,15:44:15,-1
58985983.25532751,219.28347003407097,15:40:56,-1
62156337.80548077,163.7290344098261,16:06:58,-1
86482547.04269531,263.2301119535295,15:26:24,-1
82487848.15885992,20.9626069179112,15:52:53,-1
30657750.13594365,342.34200092272334,15:37:43,-1
54596679.13853062,223.3128291013988,16:05:26,-1
16351794.897983722,288.5718223459893,16:12:26,-1
22051460.07976728,332.44538138432495,16:17:04,-1
15048489.536562994,119.18567133918252,15:28:22,-1
29750589.326513477,86.12375053406471,16:12:01,-1
39695727.905918,304.78123296683424,15:29:27,-1
1654739.056541661,243.60082310393108,16:22:02,-1
48938605.68427794,113.9935891980107,16:13:14,-1
64514136.77777294,223.55314341268885,15:31:36,-1
4301489.574475377,284.2299990585218,15:42:19,-1
50719045.10876905,258.3956861146048,15:44:51,-1
71999642.43680343,180.54403025679315,16:08:09,-1
1162629.4615450958,78.27990420016842,16:19:25,-1
5755748.601501889,148.8305622174316,16:06:28,-1
74346927.56692928,196.60461893989165,16:17:50,-1
28116454.767107297,210.99696119996165,16:16:49,-1
85097773.15155396,334.0489118171173,15:45:15,-1
27309082.75951646,254.86645694685973,15:29:11,-1
4069054.13047511,89.93816271331357,16:11:43,-1
86019685.30094783,238.36356278696672,15:48:56,-1
89842851.33251266,42.42174183456831,16:03:23,-1
51246476.92783342,107.56540127197684,16:09:42,-1
1199626.0245603996,309.22802732435616,16:24:33,-1
6139476.077472344,37.41129124932782,16:16:47,-1
13309095.13792399,1.3391611562518024,16:04:44,-1
65239928.46115288,35.13133499929616,15:42:05,-1
52965325.706494495,141.04397593699528,16:14:48,-1
80577718.09176664,73.97433968610916,15:55:09,-1
88151552.78989846,9.631306075895134,16:25:14,-1
17925261.47695489,172.19949849987216,15:40:38,-1
38610059.868314326,309.9794896924281,16:13:27,-1
78351620.10412636,345.54593134308925,16:23:04,-1
3425156.0936857183,152.852768819953,15:49:10,-1
76904863.14167336,104.81088586507484,15:54:50,-1
81119571.97997597,17.578068809082403,15:41:54,-1
8740947.722363057,155.00853924320376,16:17:05,-1
67299068.93720576,136.3933305215418,16:03:20,-1
88146877.42048872,264.2153140857054,15:55:13,-1
63929289.97725843,335.27415696029885,16:07:39,-1
51804252.57830233,124.97394999672116,15:47:09,-1
84900649.88542743,234.73616317140983,15:44:58,-1
67605102.94837716,320.920714599432,15:52:24,-1
21388500.14668613,210.09684277258452,16:05:26,-1
45203200.64567287,95.44968665321018,15:47:49,-1
27344505.617502835,115.23832242571577,16:02:21,-1
80615342.57537003,252.66815723378923,16:12:48,-1
81996365.36563149,352.68182739786727,15:59:21,-1
19914623.032631945,134.6790979843121,15:58:58,-1
82052771.306573,219.56324590421215,15:47:40,-1
55765136.92840988,92.81127471104288,15:43:00,-1
11077129.216450237,160.14293477940618,16:13:05,-1
86973339.0260244,92.1999469472956,15:28:09,-1
72853912.50061186,223.82119861892,15:37:01,-1
53263324.69281932,354.95407761500627,16:25:23,-1
938924.2653672226,342.54682579885826,16:03:04,-1
73847313.4670579,298.21784392714085,15:46:10,-1
59254255.25117,341.3232079257499,16:06:50,-1
23452955.402415965,255.696571084487,16:01:00,-1
45010939.75847061,280.5249282629607,16:06:32,-1
47370863.461495966,157.74427364355898,15:25:34,-1
15222193.882696671,103.30580990665923,16:13:34,-1
81683441.01159598,350.0084923647016,15:50:10,-1
1159960.3929294518,69.39871199582055,16:15:09,-1
36392206.64371719,137.1406412407626,16:09:19,-1
47232003.54808122,0.5334393553579897,16:05:11,-1
48095939.0835273,5.617107566578592,15:41:51,-1
79161597.09776562,63.52881143063508,16:00:06,-1
8813587.506296797,12.957336857454283,15:58:48,-1
36805397.69692225,344.6955138128481,15:37:00,-1
33726477.337349944,337.4774249495695,16:21:21,-1
54948284.6470397,187.3392404252308,15:42:04,-1
67595086.86659507,54.16202418294667,15:58:59,-1
74010104.56037508,11.1928817194908,15:37:37,-1
46253091.06340805,144.53652968197713,15:27:04,-1
88817633.65522222,140.2876226561523,15:53:33,-1
55006515.80401873,345.6714943789934,15:28:01,-1
56142854.51507701,142.91182009737423,15:45:16,-1
16500951.060470434,214.69145653083916,16:00:15,-1
75033732.34821638,33.68251450028409,15:36:52,-1
39869325.28013604,167.69704415396006,16:09:58,-1
82267673.82105386,174.11251112754704,15:41:01,-1
45301763.62094224,120.02807111617116,16:09:02,-1
7111563.5719257565,76.75794529978899,16:10:14,-1
4524523.081820674,296.5876082712591,15:58:06,-1
51268663.55861013,326.150543669002,15:56:59,-1
51122235.39190226,91.42963053759496,15:40:19,-1
55092258.03725005,115.88030737624914,15:43:09,-1
21674832.83056385,323.83770102921187,15:35:37,-1
1707379.3056987035,36.9530108049124,16:11:38,-1
77077439.82621436,42.650166128665056,15:46:01,-1
7385664.857529791,47.33336597411152,16:12:36,-1
81173759.67610413,151.45639117992636,15:43:18,-1
84288557.17478132,170.3851309377643,15:49:32,-1
17895774.459551126,220.529240904112,15:35:24,-1
15545375.034602994,75.58820321883299,15:46:34,-1
9497767.690003471,45.63768666391962,16:09:11,-1
82262596.21239549,304.8255001762468,15:40:47,-1
79340319.78471678,157.84723366379868,16:00:01,-1
24281228.336350445,20.792593317836506,15:32:39,-1
26971734.35870661,304.01802225482214,15:37:09,-1
42127717.85589415,172.81497458035878,15:42:26,-1
46648894.91008684,69.61894797030226,15:35:27,-1
36632831.89666885,330.2850664527937,15:59:31,-1
19320588.5619588,13.63993492322642,16:16:53,-1
71262209.83124359,116.50288451734448,15:58:15,-1
43259839.40030845,173.38715268456127,16:12:09,-1
51309486.18646705,249.4304389237958,16:06:19,-1
70040520.4274506,351.3078185750476,15:27:17,-1
16310481.43861404,68.13748589145473,15:39:45,-1
32583610.648591004,135.66969281292526,16:07:19,-1
8141470.957136263,43.88995471503507,16:08:36,-1
11041732.993183486,342.57874092345867,15:39:47,-1
15906876.384624291,271.957027163704,16:04:33,-1
29085597.83825189,122.4693360127424,16:10:38,-1
56141535.23869232,97.3280134339355,15:47:46,-1
44478176.71172211,17.519511068235154,16:25:16,-1
12056166.061855152,314.9425704195482,16:07:30,-1
79538877.96358114,213.2290092000069,16:12:59,-1
26519028.5788348,154.3924574144505,15:33:39,-1
62075185.86628772,57.98146832679917,16:08:11,-1
77201593.82691552,29.27204366129642,16:16:43,-1
45957579.4018248,59.217651092439176,16:24:27,-1
54164148.62728892,100.7213401683983,15:42:47,-1
55392424.49505774,172.6884020654546,15:59:53,-1
47401881.32110654,30.14437603186792,15:38:26,-1
46628135.45803326,44.80708187554828,15:51:40,-1
18039530.24295865,271.3620724733486,16:12:13,-1
45941887.31079119,287.66332579731665,16:10:44,-1
60447489.9371079,328.1238813323585,16:11:31,-1
49340856.13430555,212.6690511183272,15:32:31,-1
31474853.810351577,211.54484988604835,15:28:32,-1
87044156.51288798,21.17418606537425,16:09:43,-1
46391683.010565534,267.0634411342268,16:09:47,-1
28358530.77137056,194.05201114131373,16:17:22,-1
43784839.0582646,218.8391064848584,16:11:59,-1
71481057.75406872,88.1892849354512,15:46:09,-1
9883074.200935217,221.10396913040276,15:35:16,-1
14448339.47721566,308.5131872851474,15:38:15,-1
67611893.30194162,126.38496448628032,15:49:01,-1
25530233.96364955,226.58597705284623,16:09:32,-1
85350293.65313144,328.023290452164,16:06:34,-1
65597053.24560896,155.12110158543535,16:04:59,-1
14060106.881633507,112.65892170450276,15:26:41,-1
28755542.64633056,329.4343060717673,15:44:43,-1
22235458.04081638,149.82448683836165,16:06:49,-1
758320.9075372337,304.7345704854003,15:31:20,-1
9060449.455580153,337.3646584337052,15:47:17,-1
22176805.090725765,216.15683686110032,16:08:42,-1
13773052.229728162,144.8808010000738,15:42:52,-1
74672148.37766798,247.9835679997302,16:23:24,-1
72360754.97516246,96.15690157949102,16:06:33,-1
77777552.88838077,7.93377982779695,16:12:29,-1
9415431.912986578,322.4086418565417,16:21:28,-1
4684441.116216701,18.59228119804131,16:25:00,-1
20146874.16760759,251.9128655756063,15:40:10,-1
57037699.76467125,324.1179503417673,16:10:57,-1
87387490.19310293,310.3166432001557,15:43:52,-1
38533191.178524,153.5388318272502,16:20:09,-1
89709487.32449555,258.9219491226561,15:40:10,-1
59633101.299395084,53.6327373835156,15:37:29,-1
78892935.33870412,209.4314620907214,15:27:34,-1
17009292.878094032,45.28692431512688,15:46:55,-1
63709805.30638517,235.4289716389925,15:32:49,-1
49369561.65877452,93.0099049523062,15:31:58,-1
16094142.398663215,278.6027838435754,16:00:09,-1
42238295.98832569,234.37870207622976,16:10:40,-1
22109526.73528825,142.45528770092182,16:24:04,-1
71119056.7366286,161.10208416424308,16:02:40,-1
30487486.837442584,152.5458301731968,15:57:39,-1
39789812.384881616,75.29726440280473,15:43:44,-1
14779997.18933935,150.4933735716423,15:48:00,-1
3702298.5795839694,198.38246504782364,15:42:20,-1
54875928.36651784,73.95769192008868,15:45:57,-1
49739746.20867732,251.04516128774372,15:51:12,-1
4595288.621231354,258.24525375974576,16:00:51,-1
2754133.95842448,197.4221376123851,15:48:10,-1
51266254.04130309,74.86301706155217,15:37:35,-1
62241922.96136933,17.978207114923922,16:01:01,-1
71102292.87451766,211.7284571207665,16:06:47,-1
47833869.7948177,95.14191861365096,16:24:10,-1
27340060.389786724,62.41382527953236,16:08:10,-1
12687867.449595308,295.623288489213,16:16:52,-1
9321561.608391264,87.96210206850105,16:17:54,-1
88795202.98912501,334.4016988763934,15:45:56,-1
50777056.74198232,344.950031383951,16:16:15,-1
28301992.851340275,257.4297701768369,15:52:05,-1
7078323.578566064,264.93257039421667,15:37:10,-1
58562593.125694536,200.40867790392485,15:52:18,-1
35809406.60328072,2.056648441807729,15:32:20,-1
37062314.12029058,323.8026180254457,16:12:09,-1
89077143.70323405,232.19008638999048,15:36:46,-1
84328355.83067247,58.132706984751,16:09:13,-1
24225518.99941076,56.4185559362212,16:20:45,-1
38807055.20295767,136.79109636554196,15:33:55,-1
70694684.31599802,81.3261910060597,16:12:59,-1
40473342.02061653,345.1921519190915,16:18:25,-1
15285889.615807343,246.6835311675522,15:41:05,-1
77332892.29514597,177.82569242217937,16:01:31,-1
7667607.60961278,60.05915054445056,16:02:31,-1
41089286.60870549,271.11971652285206,15:30:51,-1
19343982.24384849,265.8868282615712,15:32:50,-1
64080780.756234415,221.0227570017896,15:31:50,-1
56234697.23350587,355.54836027173553,15:45:18,-1
22192692.700174164,213.61636487120197,16:16:56,-1
69868050.76273112,219.9553286310535,15:31:56,-1
56064391.742767565,58.21045107889201,15:39:20,-1
85926496.796362,321.74265016707915,15:28:13,-1
75325139.84475015,278.89570290970534,16:13:27,-1
63744870.48566961,291.5644916927356,15:53:37,-1
35563230.85047642,101.2007152955764,15:39:07,-1
63305074.8612988,76.89424060363989,16:02:24,-1
61341994.96521382,346.51901888002305,15:39:43,-1
2485332.068918413,175.58072086284017,16:11:39,-1
87730612.61458522,350.93134459077606,16:21:34,-1
73086235.4597105,194.9693333849728,15:35:26,-1
80832609.95969029,220.7515547259288,15:43:52,-1
43374096.84269023,167.4835212583535,15:35:49,-1
25857202.49440724,147.18429192507855,15:56:34,-1
18694520.258278843,250.7764748781593,16:16:45,-1
478301.3707639757,104.55158118067165,16:08:26,-1
83174409.13601062,99.11695394147092,16:18:38,-1
43347830.77214025,5.889061110444795,15:27:14,-1
89269239.3237559,157.21796845605942,16:22:37,-1
65651242.88820917,55.84877780852448,15:55:26,-1
50163453.16938154,299.4364129546359,15:52:11,-1
40167253.12761808,155.93010513701597,16:10:09,-1
57166404.64665223,247.93355366940415,15:27:43,-1
342817.0656139324,164.4133198151664,15:35:52,-1
26573412.619197503,18.50578711644183,16:04:31,-1
12760933.793870484,33.95213749991454,16:08:34,-1
77950486.141948,21.044719044665666,15:50:54,-1
35933914.510133654,182.4098894063324,15:34:55,-1
53658284.05648408,163.40790459220247,16:21:42,-1
69871704.16611962,315.4022037684192,16:15:59,-1
13120064.556262068,217.7060497816184,15:32:19,-1
43659297.93698749,182.0024319341008,15:40:12,-1
12006933.935423208,303.2959284062858,16:00:50,-1
64435089.18798194,338.11425021019704,16:08:50,-1
25197021.87145728,275.2631734680831,16:25:19,-1
17522598.692346804,331.61098363560706,15:43:36,-1
45453757.078702524,88.93180453711872,15:54:41,-1
66251477.11802583,342.8363456209477,16:05:53,-1
24785213.21696976,83.9719391986138,16:14:33,-1
28241349.915347707,188.2436441777189,16:02:57,-1
21714062.906632345,73.87141373236258,16:00:48,-1
35442711.287897915,17.6289712119478,16:07:13,-1
61687375.234949335,111.89669973409472,15:58:13,-1
50431761.125412256,19.100385723005203,16:04:02,-1
87393443.72381242,42.54339232458987,15:52:28,-1
65349220.62926514,207.51717124845143,15:36:09,-1
17901286.33385574,269.55365954824174,16:22:43,-1
60266219.63117188,64.63747092113768,15:58:08,-1
29748452.350114148,98.99357458641408,15:32:43,-1
15280165.62983488,194.08768181063104,15:57:14,-1
59507866.238539286,292.22457178532323,15:25:45,-1
2929556.9513344327,322.26029230057816,15:35:40,-1
49490580.22308866,357.9128831181474,15:37:45,-1
68146435.42198366,133.77181624258995,15:52:03,-1
55185273.93977427,99.5973457062438,15:32:00,-1
47352422.91403284,208.40597229232733,15:30:12,-1
49815643.00070221,115.27838661387504,15:42:39,-1
32929619.076971523,243.09610317698755,16:10:47,-1
77150773.92324607,139.200838923804,15:26:00,-1
71292187.8537104,177.82306166892042,16:07:23,-1
26787513.56957956,183.14393974337725,16:20:41,-1
31469324.111960653,24.441329425323023,16:09:55,-1
63084490.10097568,313.4787821451109,16:16:05,-1
4396537.820501078,4.467675922654135,15:52:59,-1
87069078.52749865,238.15393743707472,16:07:00,-1
80548208.41542768,74.52504912077171,16:04:31,-1
41029927.20401976,23.21290393839832,16:02:02,-1
1319834.79481341,318.4163404649714,15:32:58,-1
88826183.21944398,281.79361792453466,15:37:19,-1
42342428.25214523,343.8575690780032,15:53:22,-1
34187929.12993854,293.87000350414786,15:46:22,-1
19036974.531998724,132.97970931800523,15:54:26,-1
60647653.79397412,49.49648468616216,15:56:11,-1
62585712.438678406,266.8417075475169,16:05:59,-1
68078264.85820873,327.14465117657505,16:07:24,-1
3484596.980488908,343.25588000141505,15:29:23,-1
18669186.74121458,307.05609771152393,15:52:00,-1
63344803.72769112,56.89430520362072,16:19:44,-1
70933041.370141,111.39682011278488,16:23:47,-1
82252263.20547302,320.9673823970209,15:49:05,-1
18439939.461061265,156.5097905859467,16:17:35,-1
46870636.09289917,73.31105795096441,16:02:12,-1
74138404.1712645,44.107814641832455,15:41:13,-1
75569952.29041545,355.289971895781,15:37:30,-1
67465725.0883482,327.7421597709041,15:26:42,-1
86040877.08775195,308.2770607749397,15:38:30,-1
84147485.00954959,293.1807583610584,16:11:09,-1
76491362.43080351,44.71730333221081,15:58:37,-1
7962164.572481209,109.500822645318,15:28:57,-1
33282059.2108198,346.3174395706536,15:28:00,-1
389152.5397979658,314.464485485744,15:27:44,-1
55787925.64265634,11.055135389688742,16:09:45,-1
82401982.92243533,279.31937124772577,15:26:02,-1
42008051.26091921,340.4145525421311,15:51:45,-1
38694542.53142495,204.1415766865813,16:14:00,-1
13682933.399684988,143.89422100210885,15:43:45,-1
70937006.30366583,88.66514307333007,16:21:36,-1
42952275.64725719,45.45010513688087,16:05:16,-1
15736938.838373376,309.398709712809,16:07:10,-1
14727251.578119775,192.540748158078,16:07:48,-1
18874669.50706984,290.8451094288107,15:25:37,-1
88853577.22796677,175.14219136480176,15:36:10,-1
58755094.03635849,35.23580188445737,15:35:45,-1
72300472.33523028,274.80925313199424,15:54:13,-1
8592392.41928552,19.887851134101307,15:50:23,-1
4621747.989043745,213.6241270116708,16:05:26,-1
24292668.65437443,31.22235495653571,16:06:19,-1
78074758.43829416,282.35850748856114,15:30:02,-1
21216823.66107634,69.35285311230066,15:51:25,-1
23288197.72175313,232.46673788405508,16:14:46,-1
37166076.84734501,137.01418933788193,15:46:55,-1
4510786.738239389,56.21588176022001,15:58:36,-1
84667701.20911294,75.82563745345297,15:30:21,-1
19598855.26035768,278.73445486576685,16:24:22,-1
3146572.225100548,304.4239521362075,15:41:03,-1
36995378.86510355,19.589659975531735,16:12:31,-1
49601990.95248313,154.44941674584368,16:06:25,-1
43083855.84468252,315.8994630513859,16:13:05,-1
37119690.30336849,298.75342275952534,16:14:17,-1
73132199.09251048,12.618288665262344,16:06:37,-1
2676033.99815322,129.56179618093688,15:33:04,-1
55654340.53087863,42.442599466712096,16:10:56,-1
37073181.24809261,111.92159574737472,15:53:00,-1
56289201.60653999,267.4567310859192,16:09:52,-1
80904960.89910112,100.34092554245188,15:53:23,-1
47514158.84390362,352.7871918553509,15:29:31,-1
36877327.5866364,103.10346354972188,15:40:35,-1
47873086.037820034,323.31162191738133,15:43:16,-1
14997520.361389618,305.25747174837244,15:43:58,-1
78824761.44709916,41.95798488419393,16:19:09,-1
15484670.898938123,179.86557336467874,15:50:26,-1
24463695.46869296,332.00311694756215,16:23:36,-1
61431627.999948345,59.73385055914164,15:44:33,-1
40345533.59558089,47.69811371474059,16:24:23,-1
15162998.19644441,33.99777452958944,15:48:01,-1
68788449.65895429,139.16246888692007,15:46:36,-1
238594.9005067599,314.4685529969814,16:00:59,-1
2292960.281011008,354.35449852610793,15:32:06,-1
9777384.315328475,120.26683367149788,16:17:01,-1
74700358.5287244,327.8805529771189,15:58:45,-1
16604901.229167048,7.347781671478755,15:31:45,-1
39802155.640044704,24.00127688827391,16:14:40,-1
72415723.53562067,70.43887353555228,16:13:29,-1
66445717.5057943,351.12182484106347,15:35:56,-1
24491794.99350608,184.21855408777316,16:11:27,-1
33675557.795158714,307.72630247861656,15:53:11,-1
71776482.4921194,108.98249732316982,15:49:31,-1
34269828.2986166,89.32057363900799,15:32:34,-1
33809008.802821115,65.06225611764566,15:50:35,-1
24959560.102507506,248.40198874242097,16:14:14,-1
77024163.73172492,176.6649549088713,16:21:32,-1
59259034.03115313,43.69254915793008,15:46:03,-1
46125958.61219007,244.5066906716765,15:49:34,-1
36626174.14683531,358.0448627919753,16:07:50,-1
30645336.506949987,199.19118516730592,15:52:57,-1
86652718.69319016,34.46671460569188,16:19:23,-1
36450612.265772745,216.35510123270555,16:20:41,-1
54224074.32182246,69.50458776623262,15:36:29,-1
32224074.14623091,87.30397248407354,15:31:10,-1
59577063.85184858,55.042572423396045,15:59:27,-1
57385700.35222054,161.30854821206808,16:23:45,-1
47001672.739984766,161.55754744336153,15:32:54,-1
2853842.984113676,266.7214655492479,16:01:08,-1
75768717.79698588,165.6179490277728,16:08:20,-1
48508859.91084611,113.53716965153592,15:44:51,-1
69112173.4748754,176.44039514198988,15:39:23,-1
23540379.24618134,109.08121437798056,16:16:53,-1
7815952.253017343,136.951166822091,15:33:34,-1
67676476.04241237,42.60056789750265,15:36:17,-1
12137117.33537994,3.4772949042492973,16:00:31,-1
48344436.84195041,25.909165265488205,15:48:08,-1
34823353.19397949,250.87633065133937,16:03:46,-1
41793951.54242389,176.16650798712055,16:20:35,-1
31814557.779653613,43.54133140835583,16:24:14,-1
37256975.91457313,31.82842132162171,15:41:04,-1
84720291.79689491,82.8191973939664,16:25:24,-1
6052333.189500857,142.47366876520778,15:37:23,-1
60893897.46671708,87.26932225892952,15:59:32,-1
48323796.0103412,127.69865166750876,15:28:43,-1
61026050.82084439,98.35601537720136,16:14:52,-1
1862485.2347742836,178.3563725487242,16:00:27,-1
12193454.940676022,186.93107332564972,15:26:09,-1
34226169.5527144,258.7773776984806,15:57:54,-1
4582507.502100075,118.27207545334066,16:06:29,-1
3321367.9617636018,18.96816915429733,15:40:32,-1
15811874.388297528,20.538010754400226,15:51:38,-1
29427060.88122636,177.54027564876586,16:17:21,-1
19211230.339581627,79.12139484543187,15:39:56,-1
79570552.53220385,218.7774433954894,16:10:38,-1
30063096.074665315,303.2150124615232,15:51:40,-1
25461384.30093643,342.48934082312616,16:15:07,-1
48478013.71317992,250.1007322621827,15:47:45,-1
39735335.27247849,82.32008608520648,16:10:16,-1
41436396.54520069,248.9448166106626,16:20:15,-1
89497547.07883412,285.5567315187062,15:40:32,-1
15046455.15177242,238.27859998531537,16:03:28,-1
52621769.49962276,112.94427119616785,16:02:53,-1
78084670.63434215,299.857104501374,15:54:36,-1
46440136.03432149,291.9550356530657,16:09:15,-1
69639674.11157034,277.95286655186726,15:40:24,-1
11391489.989481391,298.1818516464388,16:17:48,-1
60121876.74736729,151.23637684136787,16:20:27,-1
14724645.778028658,159.653335044312,16:16:29,-1
6037761.459592447,300.364061401193,16:08:27,-1
35803095.89842451,3.9984806210769896,15:59:56,-1
3553214.258036906,14.426317863766531,15:43:39,-1
6784005.119746982,143.60917616713527,15:52:51,-1
87840051.18516229,109.52635254015732,16:08:39,-1
39108986.35992732,123.04417616318044,16:08:10,-1
26250922.05939264,224.55090929973505,15:32:23,-1
38220143.33243439,179.04570748857995,15:47:50,-1
77892003.34070636,357.71437830247334,16:13:24,-1
50493119.82277074,111.5496190253527,16:11:16,-1
1163782.4158581663,219.21158453112696,16:23:05,-1
69161362.51054111,304.4690711641152,15:29:20,-1
58718062.8590852,321.2551554869004,15:35:35,-1
10280257.88637845,133.22926498432756,15:57:00,-1
69039112.44359489,272.6717740891661,16:12:39,-1
57127865.79005222,226.1730129225816,15:58:56,-1
22193832.973165143,255.8063733890013,15:57:00,-1
54956920.11395984,275.13945610629105,15:37:10,-1
54500223.19590983,356.6551047140758,15:59:25,-1
84485374.19239177,327.0479491349523,16:12:36,-1
31343453.493296985,209.9971944212811,15:27:59,-1
6325758.296469177,321.6760515556272,16:02:15,-1
53506099.626954645,253.33993054035776,16:24:51,-1
4382834.929616492,295.8264522914008,16:18:57,-1
18704626.145220917,137.08939015908402,15:37:29,-1
13063855.933526725,261.9333464326216,16:05:19,-1
36540767.002849706,240.2927853744017,16:10:23,-1
48414767.47843252,249.10402790372004,15:26:53,-1
12277722.770321948,99.17050800850424,16:24:24,-1
45493479.88971297,107.73314998263322,15:44:38,-1
42834323.33132215,303.4364514183154,15:34:35,-1
6816986.45809875,304.88032405012444,15:49:23,-1
30631285.22259755,39.10864294716484,16:05:29,-1
75283181.95180994,264.9593739483408,15:34:51,-1
1081082.191007353,343.77295682660684,15:54:29,-1
81119841.72153263,73.10131865085914,16:19:18,-1
60535469.82656101,138.37768297964374,15:55:37,-1
22417741.692417488,348.58235617250074,15:35:14,-1
42412882.969644494,212.8502914489878,15:55:46,-1
55626925.43867971,267.64737384936853,16:16:15,-1
89214761.71452403,104.0327353216413,16:19:56,-1
89375419.5687674,333.6797518901756,16:08:59,-1
81772230.53903306,175.51932198385475,15:28:13,-1
82067556.89266302,337.32076800301087,15:26:08,-1
28749122.439543985,17.405328514992526,16:04:59,-1
86447819.7426009,272.32624365381616,15:54:56,-1
76973663.51400857,212.2681769819183,15:38:05,-1
16608488.035891714,141.13492764570535,15:38:51,-1
44714058.836223125,98.2682460510684,16:16:36,-1
31778892.01010987,19.55979612659069,15:45:47,-1
40864215.32318522,340.8149546801402,16:25:22,-1
58504396.96992588,335.30367490798847,15:36:23,-1
82645621.60395034,308.1199228539388,15:39:58,-1
29503185.183223125,212.0718223712175,15:29:31,-1
13539658.889682254,27.773210767340476,15:56:18,-1
67113781.05567312,359.9395362357074,15:34:52,-1
64044219.56797072,318.3374275472161,16:19:01,-1
26323288.434571404,157.58857627076458,16:22:26,-1
22489115.08911643,237.86574897018687,15:26:19,-1
46883233.06553485,172.34026315096972,15:32:27,-1
72434423.02907075,171.7388984564694,16:11:44,-1
88240253.77760047,332.2522601851332,15:59:23,-1
3639802.849315381,95.28699821993172,16:22:12,-1
42684428.91036622,227.4464261580928,15:54:06,-1
47638236.82885695,295.1410088223257,15:42:58,-1
61404123.09845579,180.29735551467436,15:34:33,-1
7253317.149603131,145.76800244376028,16:13:08,-1
87227804.35773732,231.1334186828284,15:37:59,-1
74316059.34206542,300.8207754389309,16:09:45,-1
66604900.03116295,61.21429061588514,16:21:19,-1
82125191.04656921,6.982160278634182,15:43:28,-1
4657001.860055954,6.4072842065435465,16:17:57,-1
88832350.2084835,7.140941722743959,15:50:13,-1
55840738.05794963,151.54341597715558,16:16:24,-1
40312787.18407795,346.8958096327252,16:10:25,-1
72280336.68889253,262.54606154367724,16:20:20,-1
83902975.59839469,71.68991241414626,15:58:51,-1
35166588.36734185,275.67880942000363,16:24:16,-1
22479636.82872153,224.58096353866503,15:28:19,-1
24226104.80819909,248.6699146140828,15:54:26,-1
69879830.90951613,352.4306599449755,16:16:07,-1
21455867.11749474,154.02125699805123,15:53:47,-1
4781275.531756216,67.19519239549254,15:31:10,-1
40444844.40821263,343.1124490770495,15:37:13,-1
50063986.71639554,318.0477809103146,15:36:47,-1
10252791.464033443,348.3433032059113,16:17:32,-1
45372488.05848496,139.11721268414362,16:07:43,-1
42005175.39686739,99.55716976815184,15:28:03,-1
77636411.63528788,46.56043228143884,15:33:09,-1
30925611.09818609,293.9519617632715,15:27:04,-1
32554345.124238923,139.8804662935483,15:51:23,-1
75315707.56828314,242.73572393674812,16:15:26,-1
25466569.073607665,24.906652072423192,16:05:11,-1
33900227.17261409,197.24602174229105,15:38:05,-1
48957967.4426343,135.89274370923468,16:04:41,-1
71536030.9362645,230.0649013366865,15:52:22,-1
7247240.20010994,176.80821683308355,15:32:24,-1
16057952.877277944,341.806030811871,15:27:24,-1
17163729.289609674,154.29966179278767,15:52:31,-1
17908112.920466818,27.26528207818029,15:33:31,-1
13420504.643483156,110.95835630795156,15:40:09,-1
16166396.32329014,335.0467333743765,15:33:02,-1
20040733.32028012,177.99717434259605,16:07:22,-1
11027105.5404132,106.26378086156456,15:46:19,-1
45724594.352542765,87.39367346294983,15:46:50,-1
67085527.33741328,115.48399949911808,16:06:16,-1
56419962.047201015,239.40853007694105,15:50:09,-1
14867592.1328552,286.6200344735806,16:11:15,-1
13118765.00019424,294.259870014128,16:07:30,-1
41833275.95031899,259.0948293261804,16:06:20,-1
62611297.74384944,338.44131405489384,16:18:47,-1
85592381.12167397,257.04891052487534,15:56:56,-1
34859334.972277924,306.4635773023792,16:09:11,-1
67522640.48142195,58.96588808150562,15:31:50,-1
75278992.6186332,41.86134570273973,15:28:51,-1
33866694.558765806,93.88811439671989,16:22:51,-1
4933789.62461314,89.2202684383456,15:28:39,-1
61865257.11090529,355.471735152388,16:11:49,-1
76405297.60835706,285.9777412840573,15:31:58,-1
34901315.4852654,133.00596170527996,15:45:55,-1
24808243.02560372,290.2990015082443,15:52:46,-1
27209305.784727883,37.36617731996122,16:10:20,-1
48899815.29822554,82.35162931294784,15:50:27,-1
77923255.45441099,145.7031712872262,15:35:11,-1
41284519.54478528,97.36128493497397,16:04:59,-1
58034772.47530411,333.73305959122047,15:27:57,-1
86557779.66362832,316.3233084419145,16:16:37,-1
42265696.84333815,80.62685933128111,15:50:48,-1
78548191.0919503,26.496249230532413,16:13:07,-1
33508495.99243463,105.6021360769536,16:24:27,-1
13901195.465231707,226.8177675249856,16:24:48,-1
20552773.382161256,36.6418953073162,16:06:07,-1
52180372.69312795,336.7248022531688,15:43:42,-1
27747108.957882296,240.62823600290852,15:42:26,-1
66502914.44365426,19.993931106809814,15:58:22,-1
54786573.706695504,328.7831479442886,15:54:49,-1
46857317.27112244,61.32306794669737,15:50:25,-1
7344173.120817741,197.00160305541684,15:46:04,-1
64919018.47649091,8.80002524031038,16:02:13,-1
30749190.32529568,153.55958533917052,16:05:42,-1
89526389.94244024,214.7410722312988,15:46:47,-1
15042349.05092872,204.3975537089378,16:16:41,-1
2132409.2479819604,7.842059093287799,16:19:12,-1
51674084.88053595,285.8572203536215,15:54:38,-1
26201868.21533046,162.04106936733078,16:21:59,-1
79524151.34220985,219.55790973586696,15:32:25,-1
50424469.69600383,257.2199493551124,16:15:30,-1
2860420.220875376,310.08453597266083,15:51:06,-1
26180204.301759765,326.771503649788,15:33:15,-1
65612650.20815632,293.2050937103802,16:03:38,-1
29488320.034368865,101.43023435111036,15:51:52,-1
79942643.82634495,67.10518872693402,15:55:29,-1
71093213.61073965,31.32362572371193,15:45:15,-1
63276243.46322104,282.6339022173717,16:01:00,-1
56847614.58994718,119.70772316907608,16:14:41,-1
1019194.5944697642,287.9934856767771,15:57:59,-1
3015909.5223235,247.32614437788243,16:02:37,-1
50983458.8661084,277.48260624091284,15:57:56,-1
23959291.195402835,12.912101816932145,15:51:16,-1
21972921.624284115,354.1012796067321,16:05:01,-1
11154059.376632787,338.2282658141652,16:06:44,-1
66186389.664542645,4.8950582444354485,16:12:16,-1
78498739.2032282,321.3410056919255,15:56:48,-1
29421768.74687912,17.561173170240245,15:50:39,-1
17939368.777212404,44.480298690432335,15:57:18,-1
79579251.82847975,119.21510451073804,15:48:32,-1
59966047.29723796,79.09545878596644,16:02:49,-1
14209950.07543516,161.5374660472482,16:04:39,-1
53366794.89288521,354.20663550951303,15:37:53,-1
24896133.627247248,117.71921054499494,15:55:41,-1
63926440.8211983,179.76075116873668,16:21:40,-1
64109524.31060447,103.3706975049644,16:18:43,-1
78230209.8053024,307.9728801670055,16:21:09,-1
22411178.39461272,72.29877117122601,15:38:00,-1
53006973.73646288,240.85146328027267,16:02:55,-1
82956597.27759568,89.36763417910448,15:44:47,-1
4389022.231928399,214.1310931823764,15:40:36,-1
38352345.02460613,42.44298090763151,16:05:15,-1
59964875.782426365,349.7834052564372,16:12:33,-1
11143783.404348936,179.8930344587938,15:27:55,-1
86133561.57661417,46.24721225050323,15:43:59,-1
23128971.791578244,136.09953022359306,16:01:26,-1
23716626.83083141,109.91968501726036,16:03:48,-1
26392984.02396069,111.96304052653724,16:01:14,-1
66736474.62651076,73.85691098754444,16:05:46,-1
20667373.308513887,53.77187473139638,15:27:58,-1
19899057.807691183,113.5466259972234,15:58:59,-1
37442934.17641496,313.5911872043134,15:44:22,-1
27917239.23604814,195.33706050356147,15:39:07,-1
69854538.62363772,199.18561468254228,15:30:38,-1
86521085.85049917,61.29934897070675,16:23:20,-1
57823432.56292511,202.77877625244136,15:33:54,-1
4759339.039074899,145.80449630430948,15:55:26,-1
23816103.521622147,236.4264675858792,16:01:08,-1
20164232.61744157,64.09357387299092,15:47:59,-1
11936874.946538286,261.76477033331736,15:56:30,-1
72542768.02429523,324.49421711010723,15:47:48,-1
10339064.97046518,149.05918341056224,15:54:42,-1
2156354.9377697143,219.86518304460589,16:05:28,-1
55820177.5337166,25.799885133892133,15:51:48,-1
58669242.62996896,190.7872354458176,15:45:54,-1
74813954.30170475,186.44921550230504,15:37:23,-1
33318885.12920526,103.8355639488666,16:23:14,-1
2126279.5543008186,353.2549053371364,16:13:02,-1
74078329.06606379,283.6756388117436,16:20:43,-1
55969150.38522443,197.3215479042161,15:40:35,-1
40500666.60489924,69.9213568000453,15:49:23,-1
67819380.91559187,23.73579688061092,15:49:05,-1
14790636.677157337,121.43234573216542,15:45:12,-1
44582959.954794735,1.006557383387361,16:23:37,-1
53464464.109063566,200.8765579147257,15:45:17,-1
35864615.53578784,196.4740666620183,15:25:45,-1
21740521.68944409,90.75088938302147,16:02:00,-1
9445917.107017651,218.8301403810437,16:00:04,-1
31798388.181299116,136.78028513423314,15:41:29,-1
47997918.333696485,181.42772759581212,16:22:51,-1
69370168.38002501,11.317554523065386,15:29:17,-1
52420288.64171735,308.4568932640605,15:52:59,-1
70418582.49363925,159.722990785857,16:12:55,-1
18042502.16845372,234.2029807681866,16:24:32,-1
72932352.86766936,97.4176858145526,16:00:11,-1
6633064.113452696,13.041624945587223,15:57:05,-1
19848288.35347272,318.9070623924534,15:26:38,-1
76841146.77584285,219.53368757703612,15:31:16,-1
42331753.899643406,231.50893685935583,16:16:08,-1
30505623.66412948,129.03477548013322,15:52:07,-1
88812679.08716996,221.47142665458225,15:55:17,-1
47818683.888164304,271.9522458863826,15:32:05,-1
4161742.4757754174,185.3949597239362,15:41:46,-1
32011846.46969116,174.34669907893394,15:35:55,-1
4404734.822684825,260.18116585736595,16:06:21,-1
29026338.008532453,36.0080252398682,15:55:37,-1
73172144.9345426,235.08229999559092,16:05:48,-1
16082868.1801345,44.40239735709391,15:45:54,-1
71304715.86033343,302.087538583824,15:38:11,-1
75980966.63974436,209.0582598561845,15:57:39,-1
88002584.80852345,49.52788025322143,16:02:42,-1
54497558.01958388,197.9096360523144,15:43:23,-1
36432522.5591469,178.72103909863606,15:42:08,-1
43177043.55043067,281.5145294448598,15:53:03,-1
63318265.45281673,248.88037458380157,15:55:46,-1
80233173.90879922,166.76537816249595,16:18:17,-1
1358228.2547336689,115.54925449486082,16:23:00,-1
46205253.75136212,283.972135607222,15:35:44,-1
23556798.111109708,303.46405329495803,16:20:30,-1
43442182.49745861,77.7063487630609,15:47:50,-1
46598944.93731849,102.6493524207635,16:06:59,-1
47564393.737925366,82.290214141467,15:33:15,-1
85820590.34540218,307.41800930290805,16:09:00,-1
42413628.01642866,206.1537439575825,15:47:03,-1
15028060.13183862,265.15689978388934,15:41:56,-1
37115907.23395577,83.57039678902883,15:37:25,-1
31297851.197079856,47.87610021066263,16:03:07,-1
74176784.34674323,246.013643697207,16:12:40,-1
9221801.6340736,310.0262010252428,15:26:28,-1
40445653.769998565,229.6128580752407,15:28:04,-1
68444755.83845101,267.85276759764747,16:14:20,-1
29230569.73107636,146.77052132359958,15:44:34,-1
40915510.83600859,183.7258121933813,16:18:58,-1
13173202.579443537,54.63201250659671,16:11:00,-1
3373646.1193066887,275.3452100584292,15:59:35,-1
17657216.888977125,238.8783647762259,15:38:22,-1
38862046.93692928,163.2121290553274,16:08:25,-1
8299927.653119701,337.9969312550078,15:38:10,-1
62272781.383448735,124.09984255037656,16:04:09,-1
39653498.036204,159.68131347167656,15:27:25,-1
37617415.57018838,289.74537564609705,15:49:47,-1
19807982.038279053,81.32759990966804,15:53:36,-1
36022371.72172752,276.49921574885343,15:49:51,-1
32763394.94237028,43.52120048336302,15:57:18,-1
4992941.622418499,311.7294572207233,15:53:59,-1
2201676.011583475,340.19780916520506,15:30:11,-1
21429313.40427574,116.77673300389782,16:04:11,-1
25444305.10674178,273.371912955017,15:50:54,-1
65367126.38720208,12.596723038477236,15:37:15,-1
27672932.410407502,78.29942931951442,15:28:48,-1
74897783.50727199,22.11741864487889,15:36:48,-1
71438510.98992337,63.59535238122152,15:53:09,-1
14026355.145708442,317.3414066838719,16:07:00,-1
26364406.07389115,346.43485279679174,15:41:54,-1
73711035.10211694,99.17732213223104,15:57:39,-1
64883732.03888996,146.32548547152814,16:03:38,-1
24572677.860565864,90.1857212800694,15:42:51,-1
59897567.20666886,153.3049731540143,15:56:18,-1
23883877.23900344,186.76326223567796,15:30:41,-1
19243242.75827663,264.11691205156967,15:36:09,-1
21433211.155966934,28.00694958714238,16:02:41,-1
62524057.34724978,316.82945651121696,16:14:32,-1
30215681.841989186,331.5803599433305,16:18:11,-1
53796484.45164506,290.3822246539234,16:21:21,-1
17912823.90504614,290.3167224202475,16:12:41,-1
15303233.70606022,125.3241920971994,15:48:44,-1
80245243.09461044,82.41947948927138,15:32:40,-1
16851336.003356047,33.38448251608425,15:46:58,-1
36950883.55481789,195.44647368593328,16:02:16,-1
46145283.55551491,183.03984502907156,15:53:28,-1
54376035.62663659,61.639304095957705,15:57:02,-1
47573942.29662397,142.19870036409608,16:14:25,-1
66550778.55006069,218.88457742671565,15:40:21,-1
29442302.778969027,295.81757184590566,16:10:17,-1
59220962.45288707,16.98926494695592,15:42:10,-1
20182530.997618835,67.77422778762056,15:42:26,-1
49315942.56226572,218.7950368521549,16:02:38,-1
84252984.72703582,333.1104548873399,16:11:01,-1
60200214.70460077,103.594259707008,16:10:06,-1
76389032.63993305,152.4538029842781,16:12:44,-1
63911025.89307861,251.82166413687776,15:36:16,-1
68743059.7492866,234.36027734637472,15:46:37,-1
73118363.64022854,207.7840476303246,15:39:12,-1
88251224.51338668,198.8039780939463,15:52:52,-1
43325571.172759205,170.98416395655542,16:00:03,-1
12047106.97159058,8.921352527427779,15:41:56,-1
11401956.277167885,321.96328311582033,15:46:36,-1
60715718.15310566,112.83592454398288,15:49:23,-1
26675910.450728983,139.61623302406116,15:30:47,-1
44472222.67687934,320.5195460585716,15:34:06,-1
83688109.01025862,91.94248819242162,15:27:03,-1
29936766.5991747,143.95770320770427,16:09:52,-1
22717719.50023816,31.63211632896733,16:23:37,-1
52692999.59607292,13.594443025735426,15:52:42,-1
39951668.36547016,266.6912200745532,16:06:12,-1
79567418.0443428,287.72945502250417,15:31:09,-1
2967425.95241146,233.88640575236928,15:58:14,-1
9185976.695196088,287.834656850825,15:58:26,-1
22025007.70096325,4.738239370162676,16:11:10,-1
72418510.49987315,283.3845019775597,16:03:00,-1
26295570.177068,216.236376431219,16:08:58,-1
32448724.02006093,221.9704222329638,16:23:06,-1
45321655.76298485,297.4219840903094,16:04:49,-1
38439608.81444001,224.7017967166457,15:27:06,-1
78138531.16100082,325.45564006611755,15:37:25,-1
37150037.68483673,152.57470292085466,15:56:21,-1
16432373.542184208,55.30810351180623,16:24:32,-1
49000346.06846967,101.56249171031055,16:13:48,-1
58483189.194603816,47.57810999824913,16:09:21,-1
17194061.084998854,201.7796904590428,16:15:23,-1
36447379.197988056,199.3509289946597,16:07:17,-1
5690026.466854623,102.8246462313998,15:25:49,-1
32185739.302569427,149.44658768080828,15:36:07,-1
46887761.87671452,239.42194626295895,16:02:14,-1
48706354.6014041,205.65714062820203,16:21:19,-1
32486709.2732652,255.6390174720312,15:26:53,-1
16438304.504244938,174.28287159690217,16:16:25,-1
16847527.42542318,313.22396219173373,16:00:50,-1
24190732.946357343,333.36451457696035,16:07:23,-1
29670322.768680684,146.70833783997992,15:39:18,-1
60382154.61917366,302.39431545358656,15:45:37,-1
45955444.01730542,0.6894501175521484,15:33:39,-1
28979224.464338683,330.43150437651707,16:15:21,-1
19129876.0503788,336.9415613862538,15:37:49,-1
43226784.06660479,322.6698634653165,15:37:56,-1
3774853.224561032,341.8210920371519,16:22:09,-1
77701849.6403526,197.7365517824948,16:20:06,-1
88458286.13311094,4.273775492675811,15:26:27,-1
15916243.179256082,55.08747840616977,16:05:26,-1
14119109.930584071,321.8464052941966,15:27:33,-1
11675838.53859504,240.1780178307332,15:56:42,-1
82495362.45626813,88.81254218026318,16:04:08,-1
69360548.15337196,137.03816748750367,16:24:17,-1
38215271.44081295,26.43210335700929,15:42:17,-1
10396648.608040372,58.25732815295317,15:46:48,-1
85885574.71849887,343.79075552955703,16:21:14,-1
71014199.20220661,40.002262614660566,16:00:36,-1
67914942.05133213,35.99637101561024,16:10:39,-1
56962221.16009317,185.6231148372908,15:36:09,-1
74149775.62380509,100.27512760553044,15:51:06,-1
22592076.665472846,101.46459312289204,15:34:48,-1
39460933.6358242,78.91789800763391,15:38:39,-1
11675558.29720863,157.5596438027593,15:37:32,-1
50378839.559565954,253.0730038857142,16:06:00,-1
86747299.14263831,131.99517013924412,16:12:04,-1
48327565.650507405,252.56716028691127,16:07:21,-1
9341898.04962273,313.98740133631924,16:06:38,-1
30144021.65492958,113.5374958710336,15:58:46,-1
88544460.43770525,289.994786632295,15:56:15,-1
5218729.927626269,178.59059233488534,16:03:22,-1
35756169.49045552,146.74005224987062,15:41:58,-1
41956380.79374254,122.5802524767016,15:49:01,-1
87558966.65915704,192.46002242917825,15:33:05,-1
60568933.724621445,164.32924206753998,15:46:39,-1
47751843.58915167,243.188712030256,15:56:11,-1
65369800.8298465,195.88101798040128,16:11:35,-1
28172370.337882586,299.5702626849479,15:53:40,-1
82970592.77969864,166.3932812338652,15:57:51,-1
10000129.853763787,139.8405409913159,15:31:22,-1
76323492.64390889,44.76340828711556,16:16:32,-1
72644410.88017535,26.26485770599123,15:32:24,-1
65245427.12027815,184.42627186495025,15:47:40,-1
82651417.07171644,79.25434519166703,15:45:39,-1
59132652.301269375,128.1960747351801,15:52:56,-1
35218784.13961371,90.709888081944,16:10:33,-1
10184268.538846651,10.973979044164963,16:12:20,-1
39845381.30264798,170.74592570136565,16:00:34,-1
49464903.72789791,47.86197237991279,15:45:45,-1
154196.2338042121,166.25107865490668,16:19:11,-1
9686460.256100086,209.32840932444483,16:12:13,-1
12558499.701726643,35.51281258194213,15:51:41,-1
10614179.511712236,184.63136317947885,15:29:29,-1
45193863.87752843,252.29641171254292,15:37:34,-1
12458778.866543287,10.032647815190025,16:19:16,-1
32519474.877567973,356.1985617281578,15:35:54,-1
11065179.991112877,357.66063197021253,15:33:19,-1
61786214.65405072,309.163063016642,15:26:54,-1
62472402.1659272,352.1122532849041,15:54:11,-1
23903344.46737458,12.522739616585396,15:43:40,-1
39657368.11778403,133.6617496241772,16:10:56,-1
55706846.16076271,25.939139711452636,15:39:23,-1
58729810.49587917,195.09259347394783,15:53:45,-1
66416275.627490334,96.67714112793416,15:40:38,-1
54387173.64208818,187.61323492806795,15:59:28,-1
81377582.81052503,339.9440766313676,16:01:13,-1
2360242.6112208287,247.7156751093312,15:48:49,-1
29776722.029953923,316.6674417170008,16:13:47,-1
8511229.559709026,236.93281689165016,16:07:27,-1
29721562.694262933,142.6887473403381,15:38:05,-1
2713237.9965999997,196.41041587070887,16:21:44,-1
54593401.28480984,302.0686981885097,16:18:57,-1
82514418.7763123,267.7327822310229,15:46:51,-1
89517716.01238067,156.0636257200708,16:23:23,-1
85746871.84150355,180.5027066738315,15:47:12,-1
56138163.50384072,211.18002832702888,16:10:21,-1
10103380.807927134,97.30403996821984,16:18:07,-1
51622336.60888279,280.63288048938506,16:06:32,-1
10466478.914600438,292.1335777032503,15:54:31,-1
30295239.733308908,46.49443602619287,16:03:33,-1
33570100.692668706,338.9435913591727,15:51:31,-1
48194115.84358625,174.68494864970407,15:56:49,-1
72841976.97551124,172.81927033173875,16:07:49,-1
71184679.6060723,136.52859462501752,16:11:47,-1
73219940.65647823,174.6833605706841,15:55:33,-1
60310108.31519043,267.7057318053656,15:56:07,-1
86025649.47068933,313.93823255780296,16:19:08,-1
8321911.887535582,210.59716893068529,15:36:54,-1
68589017.9172855,287.13835516506555,16:07:20,-1
56632131.12106472,331.54446505432446,16:05:49,-1
78618107.38719411,342.14661003676486,15:49:22,-1
74818372.11141038,200.16571240764264,16:12:06,-1
13756085.55786563,203.95586186503468,15:43:22,-1
19367961.547850333,176.4821084678677,15:49:10,-1
61287668.91650534,153.70971539929462,16:22:23,-1
32727375.06259422,223.9111667127892,15:33:44,-1
72099489.66613755,174.81082823204403,15:58:17,-1
23270475.08760052,196.0229388450633,15:49:26,-1
89107747.2293889,238.45748646565815,15:31:50,-1
21940746.164360885,137.00518738264682,16:11:35,-1
84088473.34045215,101.5673274186192,16:03:45,-1
87279990.09314182,322.6140411401552,16:22:12,-1
33103609.241259888,46.551938793094,15:36:58,-1
15683065.927282017,98.44942906310575,15:34:31,-1
18652692.61147177,211.92090356404188,15:59:32,-1
49036283.38974104,29.290082770496497,15:29:41,-1
41621812.82287964,133.485404515046,15:54:43,-1
63386924.759404056,311.2628124235384,15:33:59,-1
83857100.36084671,253.53186587484308,15:52:57,-1
8652517.136088923,43.63145945923788,16:10:36,-1
10935155.514843715,111.85295046921377,16:19:21,-1
41788764.9846481,357.93029066085523,16:08:31,-1
35928345.02678594,321.2183979014653,16:15:29,-1
71468599.19234203,243.54218501461628,16:21:19,-1
46763289.99345385,74.52501219446158,16:07:41,-1
41178516.0345711,287.11200100402374,15:32:22,-1
24327500.335713044,341.1041906776741,15:57:08,-1
73578639.42174998,46.407241810683225,15:32:19,-1
72334528.72289756,86.53797431474801,16:23:59,-1
80969431.9342508,202.2554072376589,15:55:02,-1
65566311.30861095,94.32736245705118,15:50:13,-1
49700531.69809616,64.90178122479186,15:57:00,-1
64555651.98717297,81.5274128700147,15:41:53,-1
52732894.45860875,90.5071790135571,16:02:28,-1
69385378.50905846,264.2400991087207,15:47:34,-1
76356150.16941604,122.767397582147,15:56:32,-1
17325431.188450754,84.75032637402643,15:57:13,-1
11095954.0407769,215.29923778684136,16:14:54,-1
12423758.18888712,299.10267184359265,15:59:43,-1
31450080.27836649,238.0772809789936,15:48:42,-1
9682990.608855754,14.383553777589563,15:28:52,-1
24193301.35776167,245.2244559529505,16:24:09,-1
70008683.02431402,45.59408642145912,16:24:25,-1
45096901.12853461,351.0634628467455,16:16:30,-1
39358365.73609405,27.466904332535258,15:53:12,-1
22342179.827499203,287.0561323345832,15:38:48,-1
48492930.12468976,348.09160883928485,16:13:32,-1
14076252.82467731,90.78662696339732,16:12:53,-1
66451796.34299682,311.21954607030034,15:46:59,-1
51441277.715724766,72.13175613682532,16:15:37,-1
36239842.41163011,181.12283117763036,15:39:34,-1
48240196.272025846,250.96890778160187,15:39:44,-1
48559884.72168037,298.1645296256251,15:58:23,-1
73930970.5722235,353.5951411040533,16:12:22,-1
76904469.58780387,204.1887282845036,15:56:16,-1
50918722.62830532,289.5709883986758,16:21:26,-1
65032467.94513045,193.9781414030225,15:40:22,-1
81606324.55930613,34.7687296174897,15:27:05,-1
76185403.72157036,336.1968891714609,15:40:47,-1
26221178.001604997,281.69096724139285,15:31:36,-1
57273888.66790953,252.52080104688116,15:52:55,-1
63840126.07078177,40.32219245984323,15:44:13,-1
87081890.73963548,220.4274641636664,16:16:31,-1
86407288.01593542,34.98932925527737,15:55:30,-1
25142994.412942357,168.18220993250213,15:29:56,-1
59929365.776864216,255.778165838512,16:12:25,-1
77958751.2594774,161.40783942790603,15:27:17,-1
46679397.949871615,183.47209355033613,16:10:52,-1
21370149.51949444,185.69974274283675,15:50:59,-1
35213588.86897715,353.6168034642007,16:17:34,-1
73245327.7230865,241.3255994741864,16:12:32,-1
10326822.031186309,273.5887674867862,16:14:45,-1
87579999.40000783,208.2772634462036,15:33:48,-1
12925869.548725056,90.11465606761112,15:34:22,-1
26182016.272786047,308.3544737027027,16:13:43,-1
5581234.2595522255,216.1875540244652,15:40:44,-1
5363378.914889726,163.85118320710532,16:03:22,-1
65195218.815436766,301.95152789093135,16:20:33,-1
2834020.046390696,321.2323617820152,16:15:12,-1
50326737.49604161,112.36528994231683,16:04:56,-1
83841129.15356743,250.66894662683336,15:31:47,-1
89712.52856867568,334.25600956714527,16:19:30,-1
86729818.28716193,187.36246204659756,16:10:27,-1
5220152.859437505,156.45634792780365,16:09:07,-1
14967460.144292053,326.76900820026793,16:19:36,-1
17442415.024532106,157.15351514976518,16:19:55,-1
84918011.60732116,182.086632855894,16:14:43,-1
81243237.67559588,216.4450000667809,16:23:10,-1
36689753.55139025,118.89893039539947,15:32:42,-1
68388098.99701135,15.751246559502246,15:52:14,-1
79562290.2201489,151.39946357499483,16:10:25,-1
51401934.87532064,88.95854546103818,15:41:01,-1
83861114.48277092,344.93357988236164,16:09:29,-1
12865181.079791466,253.61034678868756,15:52:18,-1
5357574.907424559,284.4150347502419,15:32:51,-1
1324757.395576634,81.23959205600994,15:50:48,-1
57020048.78968269,222.64293526653427,16:12:08,-1
16761703.92507067,162.02126513148397,15:26:07,-1
68218909.05845541,358.0090218177759,15:30:52,-1
35454756.281716734,24.412190232257043,15:50:42,-1
62824482.3185017,333.0119099659028,15:56:38,-1
7460898.086390144,117.01623830877408,16:08:01,-1
29210066.70767522,74.32377742725987,15:56:33,-1
81796746.90474445,80.25380125958694,15:25:31,-1
26665991.23293685,51.897614758077104,15:28:31,-1
10610956.474123288,170.87923404124075,16:00:06,-1
86522223.21819106,9.446610203494824,16:11:49,-1
3890641.062799402,336.21622796432666,16:22:25,-1
29402752.060564544,258.78052109828286,16:19:46,-1
26821958.42920669,40.92585750601727,15:46:17,-1
77491094.65911482,354.84232206504714,15:28:58,-1
67976916.44741362,125.9758380149392,16:24:32,-1
47724861.85441659,218.27824745002576,16:21:34,-1
51606865.37091634,11.91012845894113,15:31:16,-1
47377171.97776809,172.82611959857906,15:52:55,-1
60145586.10168544,149.02001488649847,16:00:49,-1
16773877.31853317,269.66197114734393,16:22:24,-1
58188578.09368572,111.32560131505072,16:08:41,-1
5699036.122039526,249.5248530604266,15:25:53,-1
70130874.63112576,149.96382786752375,16:09:36,-1
34195753.28751567,196.8818836746956,16:03:28,-1
78848072.55392934,97.05200020877784,16:07:03,-1
52730136.256663285,69.7899042508845,15:50:30,-1
22882077.49817105,202.8129271383696,15:32:33,-1
61730676.67179024,100.43969942685524,15:53:11,-1
75819269.88220218,128.74434735721246,16:09:26,-1
83563938.40069786,57.57095992016816,16:17:13,-1
6028144.021786001,149.04383959006586,15:42:24,-1
33367601.463034637,135.10492514106568,15:54:19,-1
51618726.91529963,36.25125729993867,15:27:02,-1
17626122.608142752,19.528082369410686,16:24:50,-1
52658274.51582484,221.15746750268627,16:18:43,-1
81449584.06965624,322.547634863919,15:39:12,-1
32267529.20863436,190.1172302399818,15:29:30,-1
3308812.2337883958,356.0193119732734,16:07:28,-1
19942526.94191357,332.5822241127772,15:55:24,-1
17694884.43889401,286.2568855716936,15:42:01,-1
76969511.07232477,269.8753844115073,15:42:52,-1
7177666.871351684,166.20761229430127,15:30:55,-1
58557408.01932059,215.3444542577417,15:27:02,-1
55456515.3837898,67.10461576176886,16:14:59,-1
34305125.181604914,324.19584046013995,15:33:01,-1
73690096.95551221,343.7224760180658,16:19:02,-1
68676739.37935553,355.04639913760207,16:25:08,-1
285818.551781621,214.51184095208552,16:14:12,-1
34594510.96271452,6.676117345661359,16:21:21,-1
48983628.33888099,306.5017797718796,16:00:48,-1
72227458.16246918,37.172537876453575,15:46:49,-1
78524380.04356603,239.74753519770715,16:11:58,-1
72506180.3055712,12.99060596274531,16:21:52,-1
48568043.731440485,25.04592091625402,15:30:30,-1
40884282.78478671,302.71744704481006,15:36:28,-1
56040710.48967759,57.95959426575925,16:24:59,-1
22819277.90229836,345.47579344834503,15:57:47,-1
70686545.6218991,284.50352958382865,16:01:40,-1
63756761.95569743,48.849584635276265,15:38:53,-1
76836744.56496167,254.8943380916632,16:16:27,-1
27602524.268949915,67.77743921961557,15:57:15,-1
27957528.462856248,143.8347227660969,15:43:23,-1
42457517.509975694,137.05280094279686,15:41:19,-1
79032213.93753216,321.57036757957815,16:08:50,-1
79078810.44015676,63.588606826821945,16:07:13,-1
31772704.008215666,2.8147586749456366,15:45:17,-1
60789759.38295755,302.3666622006437,15:26:45,-1
32202113.62292331,178.62457282251737,15:36:17,-1
6052972.250856834,328.7997190846272,15:31:10,-1
59219112.64623525,202.25199332895355,16:03:28,-1
33741615.94010331,30.146575364561564,16:24:44,-1
36992691.30023632,70.48554644306597,15:40:27,-1
56724363.88067752,34.006515746071685,15:58:31,-1
249409.67151897383,10.609003801148273,16:03:12,-1
12452170.865755254,203.12571795524175,16:17:32,-1
71805838.01523757,254.4577771982405,15:38:40,-1
1934821.7525322428,265.2434816837623,15:55:43,-1
26422112.182389125,136.62432403458246,15:30:26,-1
35278185.6592866,65.19324174454422,15:29:39,-1
48498000.91583393,260.51206062203454,16:09:54,-1
88563782.70585859,99.69282566181153,15:37:27,-1
30000115.07458291,48.71640087540432,15:28:57,-1
53789030.43341754,98.75294339539114,16:14:38,-1
16979031.935847264,168.98615905673256,16:18:50,-1
61709587.45760205,5.341412612251943,15:54:47,-1
27961646.652161025,34.84694420830077,15:58:43,-1
3918098.013918501,147.2734808227,15:46:40,-1
89735361.26596649,138.4561005477878,15:48:21,-1
84968970.35910143,146.7971260204987,16:07:33,-1
22074232.317867316,307.1358316002402,16:22:14,-1
47920483.251048096,44.38345990610052,16:16:26,-1
70908254.92117393,90.41013830634265,15:56:15,-1
41015434.53099787,24.68794525341656,16:00:36,-1
87841455.99940541,296.14559643768314,15:36:22,-1
88171868.43283421,175.3349630930733,15:31:19,-1
21328097.12553964,70.95699915846626,15:33:00,-1
45121297.330506176,86.04220641624586,15:33:46,-1
73735073.68409303,302.92894649149486,15:33:44,-1
64919975.519033074,150.87126505332276,15:39:41,-1
56600608.43524113,104.19312200374225,16:07:49,-1
30700752.94189387,89.84375108145456,16:23:05,-1
55427797.59226012,123.35608858445752,16:14:02,-1
26366949.525988564,213.69374783857128,15:41:25,-1
89692661.34870881,350.9506832048457,15:47:21,-1
42311376.97132368,124.78720268331584,15:50:30,-1
40329691.64627618,193.0734182965667,15:27:55,-1
79408817.92926855,197.33269196768023,16:18:03,-1
8535333.222172074,141.88876420332463,15:32:17,-1
67459334.3991964,251.8314224079893,15:55:40,-1
74559623.89064245,327.2341506669145,15:32:56,-1
45238387.08516211,63.02956524552335,15:32:35,-1
28189894.3372031,119.13438582220616,15:44:01,-1
75843882.8086605,210.1930010684019,15:52:14,-1
81507303.89010103,129.19659871981372,15:29:52,-1
36448442.72330934,295.4411286630904,15:33:22,-1
1771082.3834978186,124.30025572997644,16:16:01,-1
22525889.42588631,154.99211273008115,15:26:08,-1
33379869.77383103,39.11965953747456,15:36:51,-1
11894808.862361403,202.4138913279151,16:08:51,-1
79889544.42817649,46.897638615027816,15:56:31,-1
79176233.40319432,246.0392714863059,15:52:46,-1
31507553.62204355,139.81945112401007,16:10:15,-1
42367847.57721165,242.35693347612664,16:20:03,-1
67508977.65649687,327.892462809314,16:02:35,-1
72480517.77370152,322.2254130231873,16:20:23,-1
39466141.15566852,223.43607250527916,16:00:23,-1
31076332.005931582,355.2392705516927,15:53:18,-1
51209241.220352,226.0806634739137,16:09:32,-1
72668884.75359814,192.6389194243364,16:14:46,-1
15259622.56929542,347.68873853571785,16:22:16,-1
72371007.20638162,183.54141970304545,15:34:19,-1
47726117.19988299,350.70131433886485,15:44:09,-1
17386967.495901667,242.6231204824809,15:27:05,-1
82623491.58919485,58.3828193632354,16:05:14,-1
86852205.87042484,346.8409209438869,16:14:49,-1
71997528.18655197,250.94297086013628,16:16:48,-1
10478008.36275624,303.97207060228186,15:29:06,-1
72558698.36554284,235.57458963452413,16:11:46,-1
17757171.308531262,114.71246494944792,16:07:11,-1
2579442.988830991,263.1480553905986,15:29:38,-1
19902045.25499176,257.0483053002401,15:49:34,-1
28301514.99791718,354.409841610867,16:08:20,-1
554971.6134681781,185.804711964461,15:43:50,-1
30814130.873337004,52.37309403431856,15:45:49,-1
75778150.89798713,302.90622079607647,15:44:03,-1
13339325.589805702,162.7141709251037,15:55:11,-1
197775.655746467,285.0142424327615,15:47:19,-1
73065592.78398365,16.33324337416367,15:56:16,-1
78962892.0707785,8.309592046088312,16:03:01,-1
16164602.197944092,128.5858994006447,16:23:42,-1
51864441.97967264,315.971565154348,16:19:43,-1
66314855.23211172,337.7931923534697,16:02:39,-1
6086565.804471899,352.33023203911625,16:13:37,-1
9723172.350017026,240.35091013141948,16:02:35,-1
6042969.47605777,32.0444007557034,16:05:47,-1
86560318.71467188,34.409346200128205,16:17:11,-1
23081187.44227112,0.0967609420505999,16:02:42,-1
44525349.58502737,224.7026787786652,15:44:12,-1
6453017.506222948,152.13480318456564,16:00:09,-1
57518131.29201488,30.448433410567905,15:53:49,-1
20404505.170959707,38.90992532703022,15:35:12,-1
47180162.164564095,95.13844692066816,15:45:29,-1
26160617.38507825,151.21828818249776,16:24:48,-1
65171642.58590663,147.68361643776743,15:50:57,-1
52752558.06318472,332.2867099703521,15:34:34,-1
87814444.69185047,32.83270779989616,15:32:42,-1
26034494.37440176,270.3146093940604,16:21:57,-1
31897579.086375546,246.49292054806784,15:36:00,-1
32338333.51914373,211.09287135318107,16:25:04,-1
73355378.7419081,248.2923393184668,15:47:58,-1
72386443.20314953,85.14212905266038,15:54:55,-1
68160549.76769297,298.6264414972272,15:47:23,-1
12740413.667284464,328.9668886462356,15:45:09,-1
87259778.18080586,157.60927267380166,15:26:27,-1
64020430.15197543,136.27285938639594,15:36:27,-1
69682999.7047711,7.956171749409817,15:30:10,-1
18610391.196069308,327.83225247381347,15:59:11,-1
48206199.12896159,123.3626934681602,16:22:30,-1
78836563.78418377,324.1951364423302,16:09:50,-1
48028045.36322265,46.68156673366842,16:13:39,-1
80445451.61954701,192.9541727870109,15:58:10,-1
6865716.237206743,108.49400123912352,16:02:43,-1
8131781.246685442,75.43570956156361,15:40:21,-1
22494701.59634916,308.6016241850102,16:20:56,-1
31790126.95810491,178.67314747566652,15:50:41,-1
9658473.570140596,312.02575981600296,15:52:39,-1
6375566.900569054,211.17611287021137,16:11:11,-1
54744083.02698517,81.86821365525697,15:56:31,-1
38899819.42151514,57.52171468249836,15:40:13,-1
11412722.82373156,108.51693315373988,15:58:12,-1
24605712.605035964,251.46310169481964,15:39:47,-1
42448136.099627055,173.04270374773702,16:19:37,-1
2539192.060297057,327.5571029392538,15:41:48,-1
5759952.285991495,315.5571119423828,15:27:38,-1
78792650.78663325,348.1275524197876,15:28:12,-1
70567746.17790996,158.52163932062965,16:18:31,-1
8021439.01970735,195.30547731464696,16:23:37,-1
64769944.36953135,331.26095856083754,15:26:26,-1
23209946.00497272,311.8044600036165,16:02:06,-1
75179024.62016116,315.4706095769921,15:30:29,-1
70153576.52691369,239.23060589482756,15:52:10,-1
12179616.695688616,62.59347994921388,15:42:31,-1
60214692.37509486,61.58758529623271,15:26:49,-1
89035204.65824127,24.673041758390035,16:12:57,-1
49630438.70689695,108.0097538986894,15:35:59,-1
18974950.583276294,70.88428509012385,16:15:03,-1
45688011.846174754,83.66497526622979,15:47:54,-1
5924638.293062011,109.1875497376712,16:07:42,-1
65547818.72718144,42.79217367441201,15:30:09,-1
27980326.899269737,122.30041919676276,15:50:47,-1
28389024.7740724,229.8080672465576,16:04:20,-1
27371814.429147974,258.6277774420601,16:18:27,-1
56049730.18201788,165.4880664491874,15:34:26,-1
16587914.672626644,260.70685076476605,15:34:19,-1
14230954.578292672,289.95628603601494,15:25:50,-1
85874005.30477042,17.107904531186193,15:41:17,-1
43598202.32928137,329.758625500542,16:22:36,-1
58044849.62322821,93.33948763378464,15:44:17,-1
13786247.538581226,168.24315296632636,16:03:24,-1
78981984.3715275,25.74116168338417,16:22:12,-1
15715748.520064272,54.19492487228416,15:55:18,-1
69351354.82517985,20.3094206400796,15:39:46,-1
2863951.727139936,287.1456205451757,15:31:22,-1
80254829.00122616,125.4955238786491,15:37:36,-1
36765039.587345324,286.1612176211558,15:55:49,-1
55215461.95500628,324.7715716810752,15:48:01,-1
9739342.713077037,68.91425264677702,16:21:11,-1
19340919.34024089,142.17184936560324,15:56:06,-1
89446937.98394835,41.088741084427575,16:03:44,-1
5432216.317813613,90.32498413302469,15:29:27,-1
23535476.81113493,51.036417848144296,16:16:05,-1
56962278.6060238,280.8620720248249,15:52:06,-1
46969736.11844815,248.77176033694343,15:56:14,-1
20124629.3339702,342.84777624093385,15:40:10,-1
49939770.55140416,52.14062429973844,15:35:10,-1
65547284.41273041,315.53647260239114,15:59:57,-1
45344869.23255344,250.08537151632748,15:28:00,-1
81072592.29523687,234.46085471879863,16:06:59,-1
47070563.39435728,130.4265473649094,15:34:37,-1
84568688.51941882,69.15660472253231,15:58:15,-1
68459833.39669281,58.05123877157632,15:34:41,-1
78910467.82018466,235.7611173271728,16:08:08,-1
39132450.05415508,166.1473058797605,16:08:32,-1
10485137.272155637,70.33703199227679,16:23:21,-1
70670574.82618679,190.90361802592528,16:14:23,-1
57673018.03114455,230.4571851458791,16:10:43,-1
53963105.67523872,278.24413657758504,16:24:05,-1
58489314.475844204,52.432858256016544,16:14:42,-1
36311736.97225059,232.7982864857032,16:15:02,-1
4254973.752417274,39.883913726306346,16:00:09,-1
27935692.95162292,304.6999621169926,15:46:46,-1
36464255.43178778,246.78321733108308,16:13:25,-1
83041699.54988421,133.89298000179576,15:53:23,-1
76230654.59884498,154.69846219824996,15:33:42,-1
70683564.7147965,169.80579362890356,16:23:28,-1
42769269.563209474,73.56833068135137,15:45:07,-1
8177382.043687135,108.56415300019638,16:11:17,-1
83693446.91663027,4.6933402373271615,16:10:29,-1
29594648.11384676,142.24649863727242,16:24:17,-1
18403327.974398613,64.79299532009463,15:51:23,-1
48658649.30065941,308.4381920780461,16:17:36,-1
25808888.516348142,116.21629013117251,16:25:19,-1
15360024.461136632,165.67928171128054,15:49:15,-1
56818341.24722839,139.4875863633672,16:25:06,-1
64340076.28707645,300.7398068974732,15:54:21,-1
86658574.72038712,237.23727361287635,15:59:07,-1
27008834.99389248,4.106671772548469,16:21:14,-1
22437051.67702012,245.2926850924189,15:32:03,-1
82878171.9430771,41.54821154376687,16:23:49,-1
82545367.58119917,175.49286161565723,16:10:47,-1
79089004.98358415,321.5382100295265,16:23:54,-1
77414486.11513397,267.9653260868358,15:54:09,-1
21078372.419589777,349.36801387418194,15:32:50,-1
17773484.365823764,133.21406788275755,15:36:21,-1
49860487.64183305,27.24129431003263,16:18:21,-1
27323244.320282426,64.27277930403298,15:44:58,-1
42129708.6597433,294.70798954922185,16:21:41,-1
35058632.19627334,40.40599293736912,16:02:09,-1
49979992.73557569,213.056100089921,16:15:13,-1
4938227.12582586,157.46408648529,16:13:42,-1
59726188.94415317,80.20798101701698,15:57:12,-1
5215504.38725255,133.66241166332372,15:39:16,-1
37089158.60287339,182.07801654136463,16:21:59,-1
24849074.56247952,61.34778777231544,15:32:06,-1
30607680.45619429,231.9713614199009,16:00:56,-1
51769662.473720886,2.2315266174436,16:08:44,-1
16574157.033289274,296.429912178224,15:26:58,-1
79839677.86012192,15.95385047130042,15:35:55,-1
72503852.74173403,342.14273238682495,15:57:30,-1
74846218.79217204,137.57735564957594,15:54:43,-1
25395690.13781442,107.1328736914696,15:58:29,-1
31851137.6393767,2.0248859761715776,15:41:16,-1
79690598.17531483,161.92061444879403,15:36:05,-1
36474077.26071056,275.91574594251466,15:45:55,-1
55511894.16257653,47.88386790646664,15:47:24,-1
29556774.54043664,95.43583696402916,15:31:06,-1
66318954.90922049,12.079564832890814,15:29:02,-1
75592873.03963453,96.74043299258628,16:11:01,-1
47254103.87828764,35.63525217088909,15:38:49,-1
74464790.18914747,263.7122519272366,15:51:56,-1
34765829.91479127,67.68316546447008,16:24:39,-1
59242625.75386841,341.4279321644085,15:48:32,-1
70089882.62014471,57.95993409949288,15:46:28,-1
81996632.6876858,98.95419754758528,16:09:20,-1
20180679.36631521,223.3540402376207,16:08:05,-1
85863571.39855674,101.90832107857372,15:44:10,-1
6662521.114352068,344.1036198993838,15:42:50,-1
1876138.2187317729,65.15993246642033,16:18:36,-1
73209047.6375709,10.413717477475464,15:34:02,-1
81910294.75431845,58.5678322509328,16:09:35,-1
4531941.483576969,56.12567346335079,16:18:23,-1
15839419.936160954,11.236447291489636,15:37:56,-1
39881392.216735214,340.98229988272664,16:14:27,-1
29133766.780363936,12.13215290427962,15:47:56,-1
65390032.54917995,274.2753342878477,16:08:04,-1
23905933.754005063,220.2224869471649,15:31:20,-1
51337232.75426634,247.6869911162616,16:23:38,-1
75955125.22636795,28.959195432824632,15:28:13,-1
79135640.55857384,202.66595729772257,15:32:06,-1
23222102.79124607,155.89799502017215,15:26:13,-1
58144067.6920444,322.3002251704296,16:24:37,-1
62145561.09800452,204.26766453621352,15:47:08,-1
62660892.03517106,293.8178583678014,15:39:14,-1
55144093.20685444,328.24523691531346,15:32:11,-1
11990313.007681085,246.0496512004268,16:05:40,-1
32370640.56297098,13.598732029698413,15:55:24,-1
86788127.70843813,90.38470863725668,16:17:01,-1
82013009.42650422,172.804688169279,15:58:06,-1
32973234.89805477,112.20301347197204,16:17:46,-1
10941572.688770598,106.5223935894689,15:30:03,-1
88056623.16961956,206.8414018802168,15:47:40,-1
14800839.276365489,164.61722962990774,15:37:53,-1
72298940.57370919,341.325445568555,15:53:46,-1
23580060.928403158,30.426916831678344,16:20:21,-1
24508089.2185168,50.37248221571442,16:19:12,-1
80973331.98753184,315.05368546260684,15:48:27,-1
75738415.99970116,217.08430397991123,15:52:43,-1
77394701.74456555,46.25100521462513,16:02:02,-1
32660401.37522314,113.0170539244989,16:15:55,-1
41932378.53638709,75.19509267643377,15:54:52,-1
6991674.782787323,86.86346787150305,15:34:10,-1
55785129.29714836,6.60825463781292,16:20:37,-1
25454029.317705996,306.34348457070456,16:23:23,-1
15191556.304388138,227.2292811570547,15:28:47,-1
43032175.85018037,270.5333101144259,15:41:41,-1
12836997.547378484,278.1214347397859,16:01:29,-1
7838011.740497917,187.92812854001548,16:19:48,-1
72026230.14795712,354.69568649073545,15:33:04,-1
9275471.745225972,145.69749961474912,15:37:41,-1
85381446.10022381,280.3769204420296,15:48:22,-1
10069027.697429685,140.94448731688396,16:05:40,-1
8749694.326182595,323.65664515479875,15:52:45,-1
33538577.046460196,134.33085366681183,16:03:55,-1
76076680.18157232,135.73015835402887,15:56:35,-1
53651654.10959568,208.02640672713463,16:08:15,-1
74240466.07895346,73.6542431008962,15:55:36,-1
39505875.92044073,268.1590443583745,15:40:12,-1
54362923.73953068,72.2448757350756,15:36:05,-1
66951236.57869976,270.21570127341306,16:02:58,-1
29314386.463981256,231.5571677371749,15:26:29,-1
56602127.22488959,111.7653273056871,16:02:36,-1
28189326.40709437,191.17213959889844,15:33:56,-1
59406649.830885686,12.13730879563224,16:06:10,-1
20645372.86847752,39.316559121700834,15:54:18,-1
62288023.776666455,182.45955455195,15:43:55,-1
60084086.041632935,281.1406428811346,15:52:00,-1
55666455.40635372,257.62218708717035,15:34:21,-1
7904547.772684826,37.4746916333359,15:29:22,-1
6241544.179895546,159.62784625010673,15:36:25,-1
79404545.73572926,34.48842818673611,16:01:51,-1
59780478.519862056,341.7760898712894,15:58:10,-1
34952603.50593927,49.937282178063846,15:52:04,-1
14944818.948256733,233.26344850237808,15:43:30,-1
851253.5458931598,322.8847474041816,16:09:43,-1
3199072.0760139306,5.539045434161709,16:08:55,-1
81124259.6251477,345.76927570907253,16:03:41,-1
32762371.06038805,356.3563164687564,16:17:54,-1
17162330.948013436,217.27291063036049,15:51:56,-1
45039294.17436585,0.5873294122184713,15:48:04,-1
80278784.54267846,296.4569853082649,16:12:24,-1
25420783.72200968,317.70810080388685,15:49:20,-1
36244069.06278487,33.85815141065944,16:07:50,-1
10265595.671727508,301.5429832539366,15:42:44,-1
29586921.11456507,119.13142124621828,16:24:15,-1
46081311.4802643,192.95326615420888,16:07:11,-1
15835415.703581966,3.749910367134097,16:03:58,-1
77696687.29337631,86.83394110040904,16:23:15,-1
45107411.37927129,149.0028448619837,15:47:22,-1
70851394.33528514,126.1734281179262,15:36:39,-1
48395553.67012911,118.63774498116592,15:33:49,-1
75849223.47573479,278.88401817010856,15:37:11,-1
19211613.7663089,245.6211026589311,15:31:42,-1
53304084.478159785,7.395493443647387,15:26:41,-1
431192.7593975747,314.22289911317426,16:11:40,-1
25720785.966001317,24.677375045006244,16:00:46,-1
5504096.662807862,112.0466830511392,15:40:22,-1
43665361.39447948,311.07652217186524,15:59:38,-1
46408177.63968307,56.04313733848439,15:57:01,-1
8127550.475427309,194.5134508816988,16:03:46,-1
77028490.9182578,333.18716184105773,15:52:03,-1
59283701.34943272,120.95136432166484,16:09:02,-1
29463772.373825964,250.2738499290407,16:11:48,-1
76615617.91624904,127.58273084405177,15:28:25,-1
87711248.72201988,94.94328405161824,15:32:56,-1
50589740.77354001,147.70554493151664,15:40:53,-1
36871596.48718102,208.2002250637308,15:54:53,-1
63053437.99237117,350.2177531443915,15:49:25,-1
5558212.49220785,183.37903089959457,15:36:43,-1
10312723.336071972,301.40549344510765,16:13:15,-1
86600444.79277161,0.7330528822544213,16:13:03,-1
26090652.8654886,242.93229383413407,15:28:09,-1
5300675.917396708,339.18926958927415,16:21:36,-1
69002132.02078274,177.09783794259215,16:07:11,-1
81103170.92296493,90.39939157919623,15:54:22,-1
14400050.02987628,189.6462911555157,16:20:59,-1
9190973.287658354,342.9711657760936,15:30:45,-1
29265896.02130791,133.73291410301513,15:49:09,-1
67412510.11240977,158.75049187803822,16:16:21,-1
51059192.005402304,271.0184218985026,15:33:24,-1
77986335.44532217,252.19438432893776,16:11:42,-1
18527268.17673903,242.38729888363707,15:50:52,-1
69564392.98302217,84.43611836399977,16:01:13,-1
45805303.388247326,258.3000728875253,16:05:33,-1
61742036.10851243,155.42203310156103,15:59:55,-1
25422444.590143524,268.4671838573374,15:33:45,-1
5079232.108211113,142.05461105269185,15:38:28,-1
62509697.21365969,64.87723945777317,15:28:28,-1
72363827.06897663,235.38889568540637,16:18:22,-1
35024550.8138336,84.74758162777358,16:23:26,-1
6342147.344714115,43.59243701557765,16:00:18,-1
18739499.58688681,202.610646425253,15:54:56,-1
31978643.717818465,102.52775690224166,15:34:45,-1
1465223.586239271,15.712447682640573,15:46:32,-1
69798328.61039498,261.4233665303621,15:56:25,-1
2056033.1534786937,296.4184829807041,15:47:35,-1
45432320.37309905,239.7180445217801,16:00:50,-1
83743752.6736251,179.02540955791386,15:44:39,-1
80794295.87754333,82.6488855546791,15:32:06,-1
47345631.4465495,356.2723110162584,15:53:03,-1
29707393.74623012,107.30493047445798,16:18:47,-1
78605888.22368027,82.4836693449222,15:44:14,-1
35584064.72438194,5.776981734398126,16:02:11,-1
25910126.09339056,80.24502135684149,15:52:09,-1
84046852.78871389,272.91204066299,16:06:38,-1
10032509.18216523,37.48628426271346,15:39:18,-1
47120414.52919277,13.811365448049932,16:17:51,-1
43446892.20458945,70.29373078181034,15:43:03,-1
37925675.640099816,186.0804132145157,16:15:40,-1
29730163.506683208,186.8756692469324,15:29:23,-1
35390680.39889562,355.6565416289683,15:45:47,-1
66866904.39283445,107.66371801561225,16:11:36,-1
22709859.513843507,171.77080677845763,15:32:18,-1
1097844.6488299076,258.7618081332642,15:36:31,-1
7961866.457069858,197.2733337963832,15:55:44,-1
31197168.91371984,288.7183834064099,15:51:57,-1
23780423.615238994,284.3357693843414,16:11:33,-1
78009842.48534386,115.00913325945608,16:00:55,-1
56012319.51794601,332.14604936964446,16:17:07,-1
27842445.409350533,35.7398550628345,15:39:07,-1
20588811.071434077,269.7462073456034,16:19:41,-1
28711387.306514908,311.89342079408016,15:39:59,-1
34491967.06187996,218.69161335444835,15:56:34,-1
79660179.0463095,205.73805242932855,15:39:36,-1
58656340.5307308,205.1910225272252,15:42:43,-1
53352287.48888146,143.7520422110918,15:28:07,-1
62512852.389257394,241.5624867486949,16:23:24,-1
78694523.97193961,358.6299981578304,16:02:19,-1
78299077.86806522,116.8173771302522,15:43:23,-1
82249128.93511273,212.11415691971524,15:59:38,-1
20781055.649189223,27.621028865448128,15:50:41,-1
25360925.885275584,54.97346546890353,15:33:18,-1
77163433.96675645,17.198767651166513,16:19:28,-1
73303199.06645472,165.77586540938546,15:59:26,-1
61637853.71389609,142.3007144183712,15:30:52,-1
75962477.51667435,233.67589970212327,16:11:54,-1
49950867.20084962,291.51920883436105,15:49:30,-1
37209274.12651107,106.581414746658,16:13:16,-1
6549397.8107556645,148.49296125447933,16:11:52,-1
74997936.0032367,53.49796725015684,15:35:53,-1
1977340.1700335208,178.56897938356738,16:00:58,-1
6287322.64421558,256.58639708649645,15:34:58,-1
44465285.40060761,232.2970947615162,16:10:10,-1
11317434.042984804,155.59329683584656,16:18:33,-1
7849724.240512045,347.61111018771584,16:19:00,-1
2183380.908228346,22.217457963198747,16:15:42,-1
29277670.1015761,158.39523487020978,16:00:05,-1
74484653.49780074,295.14494730870285,15:31:59,-1
59526393.53763476,17.20948942942134,16:09:32,-1
46672478.03396508,127.2571993841386,16:23:25,-1
82117744.1180517,167.88397315772846,16:21:02,-1
35419182.76617491,117.93612526474855,16:04:35,-1
23109107.224275324,147.51771758499845,16:03:11,-1
18494603.512008443,200.6216341574306,15:29:00,-1
28748410.7874787,239.7443673584936,15:41:34,-1
39207194.2887781,353.0610765169519,15:26:05,-1
2803447.3350745365,169.23879249479646,15:29:07,-1
34097340.04517068,97.33431140496502,16:04:33,-1
73126526.55083688,181.48943270431596,15:34:10,-1
31623925.63724126,128.7054209335583,16:24:57,-1
30941773.842996918,202.4854566589297,16:02:28,-1
8951085.826022077,137.04514936670273,16:11:51,-1
37420708.428515285,11.3438426772844,16:04:15,-1
36048402.22179005,79.9593049158535,16:02:30,-1
73137502.23762383,128.4486122929787,15:37:35,-1
67798928.16151688,126.76303595636804,15:30:41,-1
75059471.08607613,235.08717952266264,15:57:52,-1
40331311.234778136,0.5453417245605818,16:24:44,-1
58893579.18207332,272.74386365572843,15:38:51,-1
70227324.09936924,259.4452152785425,16:03:14,-1
79860851.27834104,345.7271183428885,15:32:03,-1
30753331.937042035,281.06724235032664,15:26:22,-1
39381852.54822867,161.95527809320163,16:24:02,-1
83628450.9920421,245.2621219631752,15:42:07,-1
51140414.39246941,96.55019616024,15:53:35,-1
37931825.22557408,211.6165338520095,16:18:17,-1
77643433.43847056,199.38921588427812,15:37:56,-1
21977263.382940896,136.04532733581163,15:31:13,-1
9093960.060430672,26.28773307004222,15:43:12,-1
14212364.66094004,13.61735246318176,15:46:19,-1
5241304.821200865,337.3470066188736,16:10:54,-1
89056399.61570832,28.915729044004944,15:58:22,-1
89762858.67078878,51.84458094062948,16:23:56,-1
46001052.85104355,301.5496814119168,15:52:07,-1
11979013.499998108,63.30949822218691,16:14:24,-1
72084283.12084831,277.6378762673676,15:32:43,-1
72646993.12348278,333.1161734216756,15:49:30,-1
5502582.197845266,71.02087849225762,15:37:05,-1
40434801.64440984,25.000401919948477,15:36:24,-1
4477221.1427452015,16.012814263966714,15:39:35,-1
46967545.65473778,278.0086864912954,16:21:14,-1
34578574.63866486,196.90230110904,16:18:38,-1
82573903.51204349,120.0923944704518,15:40:18,-1
56162195.04447409,225.5411075492932,15:56:01,-1
10265832.952125227,196.75218413015108,16:21:13,-1
75402766.41750528,2.210737345324447,16:12:11,-1
59957589.32775538,153.08418934913632,15:43:17,-1
61749085.32790935,330.16766479970835,15:57:29,-1
70315224.3132597,305.2140767667753,16:06:37,-1
58144686.9945332,316.68828539306253,15:28:33,-1
606536.0186838702,61.97860210886085,16:07:57,-1
59174973.44803135,277.52402045130776,15:37:40,-1
32046428.07948407,326.1370052647634,15:40:25,-1
25240236.59609273,83.4601279835484,15:45:13,-1
76100784.72298515,296.26489576827686,16:00:53,-1
9580735.284351246,19.130320384866224,15:41:01,-1
68229707.24598348,62.87091581293541,15:31:35,-1
21103131.811798137,190.19724489352103,16:08:03,-1
69411812.03638752,35.1026414598326,15:31:59,-1
24737459.07862185,83.2530625888499,16:03:40,-1
78708628.36459722,9.89913576720694,15:36:40,-1
308815.6252576812,115.18233941956692,16:03:25,-1
57884628.96081293,313.1941552211357,16:25:14,-1
59204528.53416543,190.5100669752453,16:06:07,-1
37774850.24870719,233.32160768213413,15:36:24,-1
10977485.747351209,43.48017562911413,16:07:19,-1
12337505.458264768,54.119336979982585,16:09:34,-1
64932621.58664724,70.27641006762582,15:44:38,-1
47717989.88674721,22.920850319561914,15:37:03,-1
52077365.960485816,98.66066606068298,16:18:51,-1
28272801.455728486,45.194569840994106,15:42:00,-1
27221440.21860331,56.9963436699051,15:39:58,-1
60297418.45350891,54.3765015357267,16:01:32,-1
39965666.66694946,220.26624353219748,16:01:04,-1
16263800.023775429,332.7652647310716,16:01:47,-1
67298697.06712563,354.2921889131505,15:45:44,-1
55434352.83895797,211.52114227654357,15:35:05,-1
77978461.59320363,358.6533115576777,15:53:27,-1
50818790.324267454,145.34837617110634,15:37:27,-1
83552511.21183522,55.6635725190251,15:49:15,-1
17719814.825903405,126.82283216422388,16:14:13,-1
46938961.66302019,359.75089029205145,15:33:33,-1
6908301.5933469385,54.68106506954794,15:58:26,-1
56552996.00706926,155.41075884821208,16:14:05,-1
25836218.923026197,279.97028201069907,16:17:06,-1
66303677.28422764,220.98397647736888,16:24:19,-1
33203401.00665482,31.09030644065373,16:05:08,-1
78893834.22531381,345.2514694828113,15:34:33,-1
18553280.061195742,42.1499497666107,15:26:57,-1
75915548.25048268,81.83448700809039,15:59:54,-1
165370.75961091,189.5433036812946,16:23:27,-1
86632298.24607219,143.82045115971945,15:57:31,-1
20836439.5473405,205.4535112428816,15:27:48,-1
49562754.26896958,29.991924287930587,16:14:38,-1
86372456.24478446,332.8586742123342,15:34:03,-1
49927213.810555175,51.655559008471386,15:43:06,-1
49221149.600373216,174.47984271533113,16:20:48,-1
12548410.960041177,345.576627003266,16:23:36,-1
65170767.60128421,231.9983343601897,16:13:22,-1
62725690.67341789,323.77634491149524,15:50:01,-1
59853129.49003708,241.7716882731828,15:31:26,-1
5462104.484702072,149.16574341487188,15:30:16,-1
40245349.77425737,190.1233104985108,15:42:16,-1
46035387.33483163,209.62639374101576,15:34:25,-1
297583.6150619936,342.51568451877046,16:05:43,-1
42565170.935033225,199.8457579520316,16:06:29,-1
3496569.63130882,142.0726060042702,16:21:49,-1
72093752.33794713,328.58114045560035,15:51:28,-1
48252918.26661407,350.6561519493831,15:42:31,-1
65948356.106831975,12.638022211131394,16:02:16,-1
4153993.865341365,307.2887607783456,15:46:07,-1
63786593.61472128,10.420717205831124,15:47:40,-1
2269579.9875764926,3.0903393134679824,16:25:08,-1
30688891.64030177,266.2156316726057,16:06:19,-1
59187553.91007599,105.37708729038944,15:42:57,-1
51939346.11456823,2.2325335547694003,15:33:59,-1
7914349.601036524,266.8562537604632,16:15:08,-1
28767837.77338577,319.0026763227907,15:47:05,-1
23898019.01388405,139.87358347900343,15:43:22,-1
70195694.07853259,178.27054097872178,15:42:04,-1
1981191.1816376832,231.8087143229897,16:23:10,-1
945633.531054347,179.5039112428225,15:41:22,-1
59231309.12558367,184.77221254570028,15:54:57,-1
83738634.55756733,353.326036992438,16:20:53,-1
67829785.97371987,355.68873938397775,15:47:14,-1
89984955.73346062,8.015071523710464,15:56:48,-1
18076008.740300264,38.74576750546745,15:47:04,-1
32404003.66436365,32.11981258818784,15:30:46,-1
78292344.82440011,163.1287215138952,16:00:37,-1
53297782.9064481,112.8080179174477,16:24:06,-1
88212752.82298596,301.23770797408207,15:46:46,-1
69300172.15292309,91.72842503451947,16:05:07,-1
59134276.86514027,347.1712300699018,16:17:51,-1
42261227.85538864,19.61916510401537,15:44:31,-1
62746288.51186239,311.0811479941285,15:35:11,-1
27980882.18481456,344.7028671572154,15:53:41,-1
81023832.8535041,252.31078370176093,15:50:54,-1
3760878.0693575535,20.340316527029785,16:03:56,-1
77220803.4334103,331.7191229806394,15:43:50,-1
79324165.53482579,206.38500388841095,15:33:38,-1
33107746.16182313,307.16638489321343,15:51:59,-1
23613842.24226533,104.70743319351983,15:33:57,-1
31504599.57607374,64.1133493350739,15:51:24,-1
49921495.149263166,16.518757564106586,16:20:52,-1
48698462.77721851,244.49911831841888,15:40:46,-1
9319161.320711112,182.43021647536912,16:00:02,-1
34182448.65732694,91.47070086418611,16:09:39,-1
40661773.67043573,211.78358207535305,15:54:31,-1
11663778.475387242,115.81415450654336,15:58:42,-1
65922673.32616564,160.9984382290933,15:46:59,-1
16279826.35881712,80.99923567972532,16:21:43,-1
56349476.451740414,357.1436743446855,15:55:22,-1
62831512.062745824,0.7859291524404544,16:08:17,-1
48002040.20510346,165.02149346672192,16:09:52,-1
57348902.80334992,235.74201432908808,15:47:37,-1
7221498.060761513,140.8830972218294,16:21:52,-1
22261523.31072973,158.2858526685293,15:26:06,-1
74686000.42484596,308.540779366579,15:35:58,-1
